50 50 3

0 157 157 70 236 293 240 397 371 342 170 456 496 79 325 281 358 251 157 347 309 305 302 445 434 448 384 145 104 372 402 228 479 265 456 422 57 402 318 134 450 195 296 445 224 121 225 81 78 88 
134 0 93 100 142 244 240 296 334 335 351 412 443 78 147 207 484 275 421 385 92 262 90 444 57 485 374 335 209 406 120 455 246 370 54 95 114 244 341 154 285 191 66 227 220 163 140 410 388 267 
51 186 0 235 91 337 450 283 210 284 198 322 110 152 68 431 363 320 251 313 160 355 97 302 371 481 228 240 327 344 334 301 101 471 486 143 307 435 376 223 426 73 496 486 383 270 416 452 89 166 
265 199 472 0 68 207 98 500 141 289 82 436 329 333 487 299 75 336 312 216 418 486 141 198 237 334 287 457 249 238 496 122 453 401 300 472 108 348 227 199 343 259 341 172 299 84 177 80 370 196 
246 495 388 94 0 192 124 378 429 80 333 166 282 161 119 182 411 297 447 466 474 146 64 439 193 393 444 227 277 230 304 423 183 298 66 227 440 140 311 368 377 350 240 365 462 65 253 128 312 200 
93 492 52 315 187 0 195 207 337 373 190 67 176 112 407 424 335 133 119 425 150 193 57 450 383 128 411 399 332 246 417 482 289 165 484 310 302 178 224 345 257 364 118 139 183 475 269 468 314 338 
149 414 481 363 120 120 0 442 237 225 273 433 141 254 429 256 444 238 264 328 412 109 85 483 384 381 165 359 357 339 172 194 194 86 382 57 363 452 449 99 176 221 483 474 181 411 437 124 148 200 
158 267 466 400 456 350 281 0 327 415 137 165 86 488 310 329 125 317 191 283 472 241 165 399 223 346 286 340 282 116 438 188 224 411 361 124 366 417 111 192 331 405 64 367 148 324 403 224 347 300 
213 318 491 329 423 420 174 208 0 259 406 274 404 300 448 314 160 71 387 76 339 78 357 243 92 431 342 122 89 65 175 339 435 199 86 263 121 212 143 279 422 255 52 81 55 207 101 165 435 438 
399 274 223 462 467 472 392 64 94 0 187 286 219 477 221 369 269 434 196 431 284 426 108 489 184 139 494 341 398 366 276 335 471 500 264 432 222 236 80 237 487 217 473 412 400 193 487 168 334 183 
306 117 315 364 312 449 210 62 290 107 0 378 272 148 104 478 363 486 199 305 65 142 291 440 115 202 339 465 189 214 54 78 470 121 343 89 140 291 249 152 287 62 480 58 368 290 242 437 275 392 
241 498 240 238 437 305 390 482 477 285 195 0 481 313 164 309 155 204 399 153 159 50 390 379 236 155 246 476 103 389 457 445 129 454 392 73 146 196 413 128 379 405 273 116 424 144 131 286 298 480 
389 163 236 485 492 178 346 444 360 400 332 72 0 100 167 477 442 190 122 345 310 200 430 214 180 496 137 274 126 129 71 312 468 391 254 209 383 138 261 326 448 367 158 471 418 275 203 115 172 482 
166 432 389 96 145 68 298 439 292 375 275 69 393 0 449 410 354 157 499 442 125 81 146 442 189 323 115 170 476 181 292 213 297 430 101 99 74 326 348 220 324 429 445 99 77 393 216 381 257 214 
323 88 245 419 480 140 448 95 468 179 433 466 342 436 0 396 150 486 176 426 89 102 457 468 497 55 495 146 221 132 109 142 405 147 337 79 333 184 477 378 151 362 310 116 203 453 218 59 438 345 
192 233 397 148 407 150 153 157 453 81 239 61 173 350 365 0 216 379 197 350 111 282 207 423 298 481 333 250 198 342 394 493 484 126 146 338 483 246 198 140 198 229 85 416 108 386 280 274 471 183 
331 289 415 488 211 213 468 250 413 373 92 307 365 282 139 461 0 120 329 413 475 175 110 203 210 232 261 302 218 241 273 352 71 61 266 59 429 185 233 179 305 105 428 111 177 416 407 344 242 235 
257 216 360 73 369 277 256 336 78 424 77 301 482 98 68 455 314 0 448 139 498 333 394 309 467 211 436 382 118 280 124 59 243 290 126 266 366 353 228 201 381 359 435 389 340 240 163 50 53 317 
140 257 149 240 66 115 158 208 448 433 438 278 442 387 67 67 153 383 0 126 87 291 214 152 432 102 199 171 422 199 382 239 496 345 338 236 117 160 344 276 107 483 420 335 424 307 108 198 166 198 
274 203 439 438 62 370 246 211 248 168 360 336 357 356 180 401 298 248 60 0 348 474 324 330 149 365 460 406 424 157 71 121 138 432 266 282 444 342 235 361 296 109 220 131 172 282 262 72 286 460 
290 133 189 113 169 288 429 129 401 108 443 422 179 80 109 151 69 259 443 254 0 119 239 69 497 76 191 485 288 213 271 454 209 354 349 273 230 344 408 309 244 466 251 372 351 489 432 208 57 397 
357 261 223 302 487 426 329 177 410 116 96 387 277 256 448 125 235 177 419 142 436 0 369 314 186 241 371 174 172 78 388 275 385 355 204 187 341 129 466 468 246 288 64 132 271 270 79 103 455 206 
228 303 141 97 116 485 288 193 365 166 221 253 391 312 107 95 205 399 381 377 366 126 0 372 136 209 142 356 445 195 66 151 374 75 449 421 348 189 208 491 54 324 418 257 421 230 70 222 141 419 
103 469 492 386 340 127 301 188 190 246 334 206 347 414 439 51 90 286 191 455 277 195 485 0 401 158 405 337 178 334 429 97 143 153 295 479 443 372 280 337 61 476 170 425 78 290 363 79 330 355 
427 284 338 121 268 239 436 380 75 114 213 210 368 306 313 162 491 462 240 270 299 252 452 419 0 383 236 416 452 266 452 306 399 236 144 227 210 333 162 296 114 226 459 275 300 471 294 168 462 256 
359 438 54 317 390 179 406 125 94 357 97 497 162 447 439 463 173 148 51 285 395 323 218 109 97 0 224 287 341 99 248 303 408 185 307 431 74 437 336 357 481 399 404 477 267 106 171 437 436 477 
438 221 127 260 145 186 63 75 423 111 124 377 364 238 62 171 168 293 107 210 356 294 315 467 478 82 0 72 148 469 459 124 162 386 201 129 237 94 142 262 223 410 337 100 481 281 319 151 400 318 
415 316 381 415 131 347 392 370 125 247 94 83 77 206 175 436 285 362 236 134 331 409 494 374 215 474 154 0 240 331 260 265 452 76 145 123 364 198 221 233 273 418 484 63 202 189 188 137 181 257 
79 265 294 438 465 167 360 439 478 306 476 238 277 184 471 128 257 334 276 428 273 256 102 463 269 254 151 163 0 97 282 126 126 253 370 270 218 243 336 363 428 142 94 165 125 228 342 204 191 382 
430 326 361 392 378 323 160 338 424 481 385 413 106 217 372 183 437 296 132 273 158 59 121 410 381 196 137 222 350 0 486 310 487 311 170 378 188 443 245 476 123 225 116 486 488 283 113 377 426 360 
460 198 224 225 476 133 313 172 428 241 228 413 51 214 430 171 299 117 321 494 299 394 218 121 135 412 354 198 289 279 0 57 455 184 439 386 159 71 198 488 449 146 216 117 147 380 497 475 385 320 
295 378 325 188 302 396 273 421 456 178 209 442 392 370 332 330 255 197 352 404 185 56 500 351 331 353 437 327 83 322 354 0 329 406 178 223 415 281 203 335 443 87 494 384 429 363 422 259 117 119 
317 227 254 323 433 104 360 492 247 187 75 275 247 110 181 375 490 95 362 192 380 305 229 129 188 365 198 317 123 265 386 146 0 199 139 175 338 400 486 330 353 379 111 128 125 378 466 450 367 60 
312 266 146 116 445 225 461 309 373 484 138 344 369 234 249 214 360 87 320 345 123 173 223 391 458 54 268 423 454 134 433 472 106 0 285 294 51 216 462 66 295 445 362 345 314 302 94 234 161 338 
54 212 167 384 141 264 341 145 482 263 306 322 402 484 379 186 278 136 108 446 359 353 390 220 197 410 229 448 351 96 285 355 259 158 0 238 106 372 78 409 109 498 421 382 399 404 467 291 388 309 
349 333 167 201 430 94 104 95 273 52 396 319 494 457 284 359 401 97 230 185 212 290 182 132 378 287 242 100 77 337 359 132 376 232 490 0 305 276 94 107 255 303 209 281 52 373 271 361 273 74 
91 409 236 87 297 74 415 84 267 465 318 103 79 157 185 261 146 441 244 397 254 205 199 413 436 202 285 414 269 265 194 310 380 137 347 176 0 161 468 417 134 188 442 394 217 98 79 429 194 226 
172 298 430 83 447 98 226 355 90 139 124 305 490 140 391 126 194 273 238 368 190 78 56 338 423 223 386 452 358 286 384 236 83 69 270 237 117 0 446 298 364 291 128 375 280 219 265 357 363 489 
301 230 385 329 443 429 251 373 314 409 230 306 292 173 96 311 149 490 135 301 287 449 91 366 80 77 84 295 384 153 490 391 89 130 220 483 58 177 0 355 78 293 291 91 84 170 137 102 269 126 
394 69 119 98 317 435 128 345 225 130 435 84 326 326 124 407 252 313 415 379 374 200 171 371 241 413 492 328 221 467 160 321 243 436 125 266 371 411 110 0 302 247 252 93 72 284 167 185 242 186 
307 327 59 457 205 380 197 324 127 231 495 301 97 71 250 483 146 466 109 56 283 362 253 485 405 483 475 278 167 216 170 424 493 179 136 197 265 283 471 99 0 220 221 106 267 449 306 457 302 271 
65 64 53 133 268 244 244 457 218 228 123 140 348 254 340 233 340 243 205 330 421 254 500 141 310 474 297 115 430 98 92 201 112 96 492 86 290 235 493 215 170 0 323 61 468 283 351 408 329 94 
112 158 465 72 365 312 88 94 108 360 230 363 402 381 426 448 372 462 445 314 211 366 434 484 377 157 473 435 64 301 235 126 410 199 355 481 217 393 74 483 252 254 0 345 154 341 477 308 420 439 
459 440 356 324 129 95 408 236 67 342 458 318 76 290 434 432 145 170 355 488 194 337 240 154 389 100 202 365 358 121 59 317 267 121 347 346 166 254 81 390 95 489 208 0 121 279 348 259 130 469 
114 117 369 157 63 230 496 320 382 117 385 209 333 201 426 405 254 271 70 459 302 167 260 498 325 88 483 379 297 112 103 361 386 179 469 156 359 220 426 447 494 310 155 327 0 217 80 438 178 57 
214 136 65 331 346 62 362 140 251 241 388 69 50 455 162 179 179 268 244 350 400 397 99 417 51 376 340 288 313 468 295 478 103 311 308 156 79 377 246 488 117 340 56 324 295 0 375 210 180 142 
160 480 249 57 79 165 58 161 455 53 181 423 298 365 232 315 379 94 101 255 498 88 78 337 301 353 338 176 62 469 475 379 204 223 386 440 338 395 101 500 398 439 422 402 303 360 0 424 181 161 
475 387 158 62 415 201 69 267 246 195 486 421 170 365 124 99 250 271 388 351 78 387 455 467 64 113 269 130 487 400 241 461 286 105 229 408 464 248 174 416 394 367 336 270 438 166 319 0 394 387 
413 245 415 55 406 137 276 469 356 357 455 463 304 415 455 116 350 362 79 98 243 445 198 316 280 418 253 152 443 146 490 356 97 160 117 454 248 344 422 310 200 133 479 454 254 190 69 104 0 51 
305 152 451 456 300 473 235 424 225 338 122 78 83 184 332 400 252 285 354 95 414 371 245 497 349 405 457 489 181 60 247 436 369 404 148 375 377 333 298 308 377 127 92 166 261 375 66 463 366 0 

741 0 20
741 1 10
741 2 44
741 3 44
741 4 35
741 5 22
741 6 30
741 7 6
741 8 0
741 9 29
741 10 13
741 11 2
741 12 39
741 13 32
741 14 18
741 15 29
741 16 3
741 17 34
741 18 4
741 19 36
741 20 13
741 21 34
741 22 34
741 23 19
741 24 8
741 25 20
741 26 28
741 27 44
741 28 7
741 29 2
741 30 29
741 31 27
741 32 17
741 33 30
741 34 28
741 35 4
741 36 3
741 37 9
741 38 10
741 39 8
741 40 43
741 41 28
741 42 16
741 43 39
741 44 16
741 45 34
741 46 19
741 47 20
741 48 24
741 49 28

