50 50 3

0 292 370 477 193 123 224 226 278 427 202 275 76 298 446 274 329 268 265 469 177 339 260 400 413 326 362 242 95 77 90 295 75 166 478 218 239 408 150 224 335 303 449 117 307 394 341 343 368 313 
311 0 495 151 277 395 270 309 463 462 111 490 258 112 271 131 90 195 320 204 295 250 489 304 199 105 318 299 153 160 167 172 177 161 480 160 262 250 420 224 418 481 420 383 92 190 464 339 91 490 
494 93 0 240 238 347 389 50 371 394 360 481 60 482 364 379 217 475 347 173 394 71 298 130 197 180 379 94 350 425 135 339 174 178 285 362 232 380 362 102 274 221 290 491 409 153 369 126 127 216 
249 227 444 0 497 63 140 383 393 184 232 73 477 278 197 154 62 58 336 393 127 389 373 54 178 363 414 488 232 246 115 154 201 499 304 405 62 150 287 405 285 226 184 261 210 331 121 222 339 408 
321 172 52 193 0 177 180 56 297 167 445 493 439 305 193 438 108 304 450 208 91 110 199 474 244 166 183 281 238 111 119 145 383 449 354 75 125 484 288 372 357 232 120 52 243 470 196 301 274 352 
216 71 168 365 495 0 362 482 384 349 426 445 174 277 327 122 130 109 404 320 347 275 383 286 101 385 479 71 80 487 51 382 202 72 256 273 273 117 461 363 172 386 307 297 162 341 369 242 400 273 
268 453 254 151 445 306 0 486 180 83 273 166 291 361 74 69 117 297 499 391 258 361 63 143 167 310 463 458 178 411 113 157 179 273 362 280 217 374 472 103 163 244 219 404 312 243 423 379 247 421 
476 455 281 489 304 154 54 0 473 319 390 384 138 497 269 361 114 255 285 194 226 338 307 177 264 210 195 213 339 73 410 466 255 120 453 451 131 107 455 103 376 100 193 220 304 412 81 124 373 72 
269 99 116 75 433 330 443 127 0 250 488 357 159 454 111 437 406 61 67 219 223 327 301 480 471 472 283 138 52 114 462 281 333 267 347 358 199 177 56 276 377 495 132 242 448 400 385 109 168 402 
279 97 436 79 76 406 257 66 250 0 466 130 418 246 169 184 93 233 89 427 240 315 59 234 153 251 388 260 136 447 378 244 225 425 179 462 207 291 218 430 248 184 266 165 380 385 56 179 118 95 
105 308 117 321 248 427 72 135 186 365 0 81 63 315 464 194 201 181 108 442 349 488 189 239 254 61 326 345 67 455 413 319 267 427 142 87 174 69 316 466 412 387 498 426 409 217 326 109 348 384 
50 403 128 397 349 332 164 174 176 181 335 0 296 206 308 222 299 102 103 74 124 68 436 462 272 117 370 195 150 185 249 484 392 359 111 288 207 149 158 87 483 496 128 485 202 143 206 207 195 466 
231 269 241 373 437 219 441 306 365 297 197 320 0 280 89 178 98 83 91 404 192 335 386 187 414 370 339 263 283 252 408 455 433 383 195 62 320 365 209 332 436 456 480 255 442 68 140 490 101 181 
394 243 467 486 381 136 112 426 349 345 178 463 55 0 317 345 408 329 371 479 244 203 414 199 389 375 141 163 465 337 214 353 437 164 75 423 251 368 241 383 423 292 60 385 297 84 436 204 119 307 
182 314 216 302 463 104 177 310 217 348 147 137 407 290 0 458 432 419 208 55 159 91 428 401 308 312 198 342 455 108 412 468 241 225 183 493 394 444 376 411 367 431 57 454 93 53 412 232 423 326 
237 81 367 165 433 382 183 337 223 137 395 134 104 342 65 0 444 91 166 387 173 76 253 310 290 414 354 293 81 85 215 113 272 454 431 387 142 68 277 185 241 364 79 82 175 128 304 118 376 420 
212 499 446 171 309 235 291 162 479 322 404 400 386 175 109 72 0 269 201 90 496 336 488 115 122 276 447 407 80 272 282 450 434 280 152 311 295 337 102 163 71 130 66 178 466 192 237 244 167 389 
491 369 431 479 434 259 461 137 165 491 359 397 197 499 384 299 309 0 178 135 361 292 364 442 308 492 163 206 435 114 323 323 104 191 461 289 332 219 250 419 335 447 484 438 143 482 321 392 497 206 
234 114 204 304 262 218 295 375 375 229 195 404 259 457 302 426 245 340 0 144 201 465 185 355 448 123 448 185 150 96 181 62 280 452 216 83 213 385 84 295 466 470 440 125 435 396 133 360 348 423 
455 499 143 346 353 297 175 57 432 483 103 320 495 89 478 211 329 191 302 0 363 436 267 88 375 98 474 478 182 333 325 311 494 79 405 96 139 408 221 146 96 203 406 366 198 445 343 115 480 240 
367 98 175 340 136 257 144 316 234 276 149 265 294 349 50 405 395 139 312 116 0 442 358 476 347 430 380 498 480 445 477 219 67 281 101 357 368 308 452 183 248 434 489 219 227 338 219 338 439 309 
150 261 457 458 237 304 388 323 57 367 268 241 292 285 472 343 349 339 357 300 229 0 311 440 424 480 374 468 199 211 407 214 311 374 170 269 317 180 363 140 395 436 358 135 227 349 106 277 197 152 
133 203 87 395 143 461 130 467 429 279 384 91 199 195 415 76 170 232 413 239 322 307 0 174 386 392 107 234 205 334 382 63 174 291 100 275 384 60 355 106 195 134 441 236 490 342 151 65 462 89 
185 407 361 442 287 246 90 344 186 245 385 274 258 265 65 64 490 155 281 344 212 427 184 0 359 369 174 200 226 396 368 265 80 274 125 229 60 77 269 110 421 464 201 194 428 416 209 442 405 315 
429 249 233 111 383 91 431 263 448 156 366 71 128 396 295 410 124 61 194 343 328 114 62 480 0 258 196 395 174 344 300 195 273 255 134 334 344 382 471 107 329 334 423 350 412 74 351 321 149 118 
465 198 396 285 418 375 250 113 477 130 408 276 275 387 237 359 427 80 447 398 137 275 231 266 331 0 349 291 181 376 146 249 97 50 144 332 174 226 288 238 202 368 352 184 142 445 371 207 371 157 
153 475 452 134 412 217 415 260 214 302 343 66 50 390 67 352 428 191 284 216 135 436 83 193 326 383 0 137 403 296 215 59 156 189 217 447 308 385 118 67 305 370 116 322 127 456 95 429 140 236 
212 62 78 354 95 221 179 184 65 288 187 437 297 500 332 465 446 139 105 63 364 116 384 430 388 461 142 0 433 145 232 376 63 244 404 123 496 331 252 387 102 246 73 489 249 72 77 420 224 166 
475 238 480 91 328 166 185 495 258 118 139 196 444 359 146 103 432 348 140 390 234 193 135 464 388 334 242 415 0 254 417 288 435 154 267 476 188 139 368 182 347 436 271 249 135 336 101 395 267 400 
485 156 340 384 241 304 479 74 496 393 485 168 180 420 479 154 151 166 243 469 298 297 160 275 252 452 110 304 346 0 327 203 87 189 249 177 380 52 155 161 255 255 145 373 141 64 108 245 166 224 
195 341 229 198 452 210 400 403 478 203 456 304 112 249 444 312 132 79 70 238 190 482 199 286 111 290 56 169 242 172 0 99 143 220 278 291 171 439 190 280 172 100 442 182 162 397 332 180 480 362 
201 217 258 182 366 250 243 362 257 118 103 135 168 196 305 396 193 426 90 334 413 419 140 354 101 459 251 383 139 230 244 0 497 153 453 178 225 202 128 86 165 403 347 251 70 249 55 173 393 188 
420 433 100 339 72 160 390 481 361 272 326 297 223 322 156 175 207 331 83 285 124 199 187 421 400 415 169 161 87 268 299 457 0 200 105 295 429 216 391 410 283 163 235 287 336 264 393 217 421 224 
457 412 298 155 305 425 261 219 300 129 256 275 378 420 425 190 421 110 112 312 226 345 181 167 131 467 381 231 390 301 405 346 212 0 409 208 468 89 419 393 95 498 149 320 132 275 452 479 195 61 
90 213 237 141 344 110 430 66 442 160 406 449 271 459 161 386 166 335 425 291 227 470 289 82 497 127 63 448 105 209 459 352 372 402 0 443 423 462 372 439 403 238 101 108 459 59 426 100 382 260 
231 172 193 408 411 433 404 244 446 351 55 361 65 357 440 417 56 362 134 378 56 244 323 107 302 488 323 227 88 204 193 269 327 92 176 0 444 475 286 395 177 136 400 488 358 464 183 274 470 495 
115 103 258 309 376 71 110 364 101 494 158 462 186 377 288 435 260 439 410 496 89 293 339 439 487 196 402 170 177 371 371 242 425 128 257 56 0 357 73 126 408 66 234 369 409 318 364 343 77 58 
459 279 97 251 324 242 238 471 351 114 147 428 435 95 108 270 302 115 333 325 191 240 97 376 315 456 400 178 54 427 393 464 412 440 421 236 182 0 365 413 239 185 266 166 120 311 225 96 319 290 
379 143 187 325 397 269 139 352 168 268 112 301 160 282 213 307 203 155 195 274 67 384 410 283 500 236 300 224 282 118 220 367 418 114 191 314 333 280 0 372 452 254 190 252 121 423 171 378 332 276 
279 312 500 162 221 489 368 163 288 299 151 112 469 468 480 82 365 500 122 145 127 73 105 268 482 176 397 153 260 228 135 489 490 342 357 418 330 225 80 0 118 230 182 387 405 356 123 438 221 122 
266 316 407 289 127 381 477 254 277 129 220 455 422 416 200 263 272 117 299 203 148 123 383 487 461 288 342 83 432 62 362 197 84 268 192 162 148 168 122 131 0 455 499 85 132 414 443 101 393 59 
350 302 364 424 185 350 384 179 399 173 317 167 485 220 202 460 118 70 314 236 349 396 397 347 187 479 261 129 286 360 346 136 161 209 59 52 266 149 181 164 272 0 204 488 256 374 189 422 442 416 
443 385 264 338 488 111 231 223 78 311 459 388 156 94 255 315 310 258 287 409 145 157 180 300 145 143 380 491 64 78 407 457 169 377 50 156 194 232 329 222 249 495 0 316 355 88 71 376 349 486 
163 464 130 477 144 380 121 237 467 319 458 495 225 171 163 101 378 476 246 109 61 174 64 55 197 369 300 425 452 355 410 114 319 490 297 413 126 125 356 92 394 69 293 0 118 397 162 376 275 137 
328 90 148 209 105 153 356 180 160 280 131 465 396 402 283 141 199 195 217 274 257 466 167 277 258 442 173 370 73 154 214 352 402 312 267 457 172 122 136 282 108 425 246 210 0 326 480 301 475 381 
469 455 138 190 121 121 155 269 451 231 293 312 395 351 213 207 117 169 329 396 462 317 454 386 62 163 212 248 414 393 129 138 348 424 486 175 495 140 395 201 321 394 463 216 244 0 175 129 311 50 
164 206 219 431 366 311 199 235 229 398 355 122 477 444 176 156 185 301 357 275 402 57 302 295 471 468 489 352 96 55 109 210 211 278 347 283 88 497 468 475 394 323 303 126 473 429 0 232 157 436 
88 138 94 302 390 339 479 358 84 331 160 89 390 77 458 374 374 240 168 126 415 142 470 237 395 302 416 79 240 72 222 485 160 266 287 500 104 265 113 138 302 224 385 398 458 98 271 0 331 495 
146 164 409 445 340 352 340 142 267 125 88 289 297 73 155 62 310 155 324 281 425 168 290 148 259 187 105 307 165 143 302 261 257 417 205 303 269 251 395 486 83 434 482 330 213 136 99 473 0 448 
129 460 373 247 249 227 457 387 490 470 51 339 271 469 302 188 173 104 163 131 206 355 164 346 336 444 58 179 249 481 333 328 196 412 282 396 346 445 489 335 414 246 380 392 421 181 286 300 442 0 

1008.48 0 19
1008.48 1 15
1008.48 2 15
1008.48 3 24
1008.48 4 10
1008.48 5 12
1008.48 6 26
1008.48 7 23
1008.48 8 34
1008.48 9 28
1008.48 10 27
1008.48 11 20
1008.48 12 23
1008.48 13 5
1008.48 14 31
1008.48 15 27
1008.48 16 19
1008.48 17 13
1008.48 18 36
1008.48 19 40
1008.48 20 48
1008.48 21 31
1008.48 22 2
1008.48 23 25
1008.48 24 36
1008.48 25 27
1008.48 26 23
1008.48 27 43
1008.48 28 22
1008.48 29 19
1008.48 30 31
1008.48 31 46
1008.48 32 40
1008.48 33 46
1008.48 34 22
1008.48 35 1
1008.48 36 14
1008.48 37 48
1008.48 38 29
1008.48 39 0
1008.48 40 32
1008.48 41 8
1008.48 42 25
1008.48 43 6
1008.48 44 18
1008.48 45 7
1008.48 46 38
1008.48 47 37
1008.48 48 20
1008.48 49 30

