50 50 4

0 237 306 124 197 472 369 350 278 421 418 58 112 93 495 275 225 428 91 360 422 155 379 358 229 400 67 257 466 303 366 497 246 171 327 393 349 196 449 126 116 123 341 385 166 91 159 97 470 200 
407 0 147 305 492 211 240 392 228 203 113 237 275 317 433 396 143 81 244 496 237 76 111 310 123 203 182 165 312 230 134 463 343 231 474 91 392 421 189 326 330 252 270 105 275 202 451 125 441 402 
120 177 0 428 389 437 51 91 325 373 353 54 457 71 348 394 252 389 492 172 77 317 452 486 293 263 468 446 214 92 142 115 369 269 249 464 412 457 261 236 329 321 241 492 342 295 141 300 390 132 
422 173 156 0 130 365 399 343 332 100 263 130 192 84 450 167 491 169 78 447 381 265 483 201 212 230 249 457 322 500 102 160 177 225 473 257 296 372 307 128 178 276 415 321 311 364 194 301 240 223 
454 120 194 436 0 478 356 373 226 68 194 432 120 60 109 51 484 72 297 111 85 131 239 312 497 266 329 116 411 129 306 340 82 132 484 225 109 339 97 493 113 448 180 183 214 446 391 197 225 394 
465 260 476 411 278 0 472 383 106 294 293 392 100 339 181 389 322 112 449 367 159 197 430 313 327 112 233 273 209 137 448 103 101 414 78 462 399 256 345 211 500 344 103 306 183 234 195 211 296 350 
78 161 497 458 180 79 0 277 119 58 436 206 212 489 258 126 273 426 231 235 477 392 235 77 445 247 417 385 148 127 387 204 155 254 407 320 140 437 96 210 445 482 366 364 227 330 440 206 463 377 
392 439 268 333 222 420 79 0 138 304 385 216 398 88 77 151 446 347 449 138 393 158 289 131 230 152 64 60 298 220 229 174 111 167 393 394 340 312 180 428 322 64 350 426 309 378 284 254 224 232 
342 324 340 338 161 69 440 382 0 286 238 101 465 362 370 339 254 263 385 272 149 68 301 370 369 226 179 453 460 139 383 191 188 206 237 476 73 464 415 405 456 152 457 421 465 82 466 425 51 350 
404 151 368 204 471 443 136 356 395 0 96 446 278 444 133 190 181 108 214 351 473 118 306 332 281 433 296 69 398 427 71 454 330 172 78 484 349 471 120 205 122 373 357 350 316 440 490 203 254 410 
260 226 235 66 57 222 205 59 242 103 0 437 263 263 266 141 291 457 196 469 283 107 90 155 414 390 177 109 135 87 313 496 297 246 437 69 253 158 225 470 350 485 406 319 247 378 166 245 334 313 
213 323 126 253 428 491 142 312 99 434 349 0 119 429 145 315 121 165 274 230 340 243 286 324 355 312 277 233 428 472 273 447 184 96 73 387 230 270 235 492 75 169 340 144 304 436 409 376 100 183 
105 146 132 97 176 438 359 403 170 494 131 393 0 440 472 195 219 359 376 195 300 367 221 419 207 71 223 349 187 305 155 76 360 251 158 163 133 95 473 242 422 466 323 71 161 295 216 87 360 91 
439 159 165 366 285 322 388 214 377 281 469 482 307 0 328 439 415 197 71 217 169 263 138 341 293 159 209 87 326 453 153 123 391 262 238 257 253 266 351 417 349 131 385 330 144 419 268 58 116 496 
432 235 466 70 283 258 386 198 51 418 150 154 492 491 0 122 436 454 326 409 304 242 257 141 334 87 235 252 61 451 318 264 382 260 229 158 249 437 495 397 438 412 497 298 159 243 370 95 197 195 
210 207 144 417 299 428 210 240 179 222 190 204 192 72 170 0 371 180 369 307 381 472 451 500 468 248 158 417 117 410 320 470 119 234 320 243 483 247 403 429 132 331 119 493 473 348 162 343 234 237 
356 115 208 62 114 175 260 429 299 84 95 118 260 164 302 79 0 113 491 483 223 420 321 53 245 314 233 92 426 282 276 370 345 97 77 357 161 410 324 297 208 114 342 483 324 212 285 109 276 482 
91 449 157 362 208 352 382 147 394 64 136 377 384 187 424 411 494 0 292 320 73 88 478 137 380 461 411 298 452 470 73 189 267 228 297 336 143 148 217 447 249 231 289 125 321 426 499 232 420 290 
51 443 84 236 287 170 403 197 419 110 374 198 249 347 377 496 182 226 0 351 106 379 99 494 168 381 315 93 379 497 219 376 254 369 410 196 155 80 305 302 449 365 382 146 321 229 229 72 117 161 
129 380 491 178 374 365 58 188 408 144 391 334 470 351 202 135 498 307 372 0 58 315 76 130 404 380 401 132 108 179 406 427 259 286 173 143 366 488 359 260 151 453 150 435 178 207 136 263 411 393 
342 420 415 368 256 318 247 363 156 62 492 61 439 457 53 111 100 125 305 409 0 335 406 361 191 341 245 349 183 214 259 76 55 385 197 374 140 465 327 453 120 339 201 338 484 157 98 301 207 173 
105 322 459 462 389 356 58 133 204 191 298 170 424 59 261 120 383 352 291 417 60 0 117 462 211 406 446 319 210 246 232 333 58 54 498 470 393 110 234 477 264 131 481 140 55 490 352 332 129 410 
123 496 420 397 457 338 302 158 156 218 355 94 51 363 98 255 88 198 315 479 381 286 0 109 361 376 321 350 434 360 185 99 189 180 470 85 344 63 338 452 169 55 62 420 263 131 225 225 169 373 
246 354 253 482 414 320 114 441 376 254 300 61 304 439 398 480 475 241 493 68 400 368 280 0 168 287 494 250 462 425 125 90 170 430 500 359 99 319 423 490 402 176 290 413 186 435 66 165 409 465 
157 427 364 231 207 482 469 407 438 186 87 63 434 207 443 433 65 492 459 194 481 360 77 477 0 479 213 412 251 85 320 215 399 454 285 130 367 474 305 480 411 441 66 424 130 430 366 270 202 113 
228 346 94 294 373 277 479 293 188 229 328 215 395 433 168 386 62 241 359 317 220 477 465 443 400 0 301 372 473 70 280 85 248 126 336 248 205 320 226 204 458 162 238 172 263 171 497 148 183 237 
214 207 163 190 378 312 296 178 184 268 199 414 60 397 246 102 352 158 372 284 312 330 396 50 208 365 0 171 412 220 60 355 384 217 469 73 94 280 319 223 170 294 372 291 60 475 243 112 82 351 
435 317 163 471 419 163 385 284 491 296 454 50 151 337 425 326 116 225 312 141 398 433 385 476 430 151 207 0 172 214 239 474 355 262 343 81 181 212 416 415 409 419 368 409 276 411 89 308 477 265 
119 324 369 258 416 101 187 66 465 66 230 410 246 291 172 88 322 303 457 445 424 365 363 498 480 345 408 69 0 152 140 491 221 414 359 430 85 410 323 102 374 339 489 491 84 280 162 329 101 171 
285 252 94 149 114 91 336 409 205 355 60 295 345 439 415 410 368 451 76 190 52 400 236 247 146 270 233 258 306 0 492 379 90 243 179 397 308 220 232 423 131 293 190 376 344 128 291 253 202 448 
279 98 206 386 284 403 482 261 136 447 66 127 81 313 320 211 416 334 137 354 464 219 146 153 301 196 438 298 156 346 0 245 141 394 401 477 178 60 215 145 146 368 161 430 399 424 456 109 96 497 
404 400 460 329 497 319 129 399 463 378 54 308 122 146 201 230 329 85 240 494 180 92 361 291 228 467 422 390 282 224 386 0 185 123 101 464 119 370 93 225 332 177 229 139 456 325 291 185 154 326 
131 354 213 173 422 210 107 144 338 448 376 61 333 61 135 385 475 411 461 274 135 293 401 315 138 357 346 379 248 206 412 330 0 267 331 209 188 491 267 282 329 421 364 340 253 375 425 344 106 92 
305 86 177 304 194 442 392 257 495 478 455 200 145 284 417 426 200 311 416 417 299 244 337 163 291 296 244 422 347 300 464 151 337 0 141 161 481 289 52 237 283 480 398 190 124 389 106 500 88 124 
416 211 373 366 254 242 156 256 437 285 102 236 248 203 279 339 70 466 335 73 409 117 52 307 257 334 195 70 89 233 144 211 394 223 0 77 354 416 390 109 108 174 162 50 129 71 280 418 92 245 
252 115 154 76 324 167 490 364 312 266 404 251 116 114 351 290 348 204 412 445 263 226 325 131 226 404 153 456 322 195 408 280 467 268 62 0 497 385 259 117 403 475 471 153 91 291 454 331 346 364 
449 290 126 174 114 208 350 225 67 62 497 419 176 483 385 394 252 137 485 461 204 143 435 381 246 476 172 406 62 224 269 217 220 101 97 284 0 259 154 459 483 166 211 401 499 401 285 148 359 129 
132 319 283 432 460 164 177 192 493 289 411 216 57 128 386 315 382 376 74 486 91 263 358 459 164 356 115 155 454 424 234 292 449 224 223 409 94 0 106 100 86 345 217 459 108 295 100 374 384 182 
154 369 430 367 434 145 481 496 417 343 206 97 76 448 496 250 378 404 50 190 210 293 486 378 458 300 379 57 380 262 397 484 338 82 107 478 384 294 0 473 301 136 178 348 370 333 343 326 417 454 
327 106 370 119 298 454 77 98 333 291 428 301 394 168 345 427 432 322 66 225 51 317 68 386 371 388 218 214 420 134 374 246 398 243 72 195 197 306 243 0 236 303 378 243 197 252 295 330 390 323 
346 114 324 370 339 210 240 433 134 404 353 426 484 305 323 434 83 224 337 339 418 72 142 51 472 496 460 266 325 349 89 377 169 119 246 459 279 437 147 120 0 96 206 252 80 218 281 220 251 455 
56 297 128 285 145 336 256 140 295 473 415 143 268 291 470 337 244 428 323 180 281 149 226 194 351 463 362 131 182 319 292 188 115 371 179 210 206 386 300 208 114 0 421 301 88 419 270 375 162 404 
197 499 392 296 224 85 353 394 397 190 75 215 433 421 488 59 99 404 422 191 411 129 462 331 137 500 456 113 375 324 224 278 322 115 281 497 150 340 390 253 481 171 0 174 169 298 368 385 348 272 
306 245 182 142 207 219 229 206 175 292 287 449 466 272 271 287 52 474 143 98 119 346 285 447 227 404 245 94 288 299 72 301 494 204 393 200 374 121 113 255 119 350 410 0 292 328 387 78 330 360 
172 135 185 224 370 132 157 274 327 409 268 332 431 275 325 342 167 476 422 445 295 176 64 351 85 306 179 179 90 215 489 212 300 381 143 170 219 250 150 252 158 368 83 296 0 143 358 137 467 89 
58 412 334 391 182 185 182 438 314 311 234 479 56 397 486 387 246 155 105 446 255 307 311 329 340 106 178 404 400 145 444 164 263 484 54 395 375 186 88 188 204 272 374 210 375 0 359 303 120 220 
358 273 425 371 83 253 417 346 138 320 452 233 470 115 446 454 326 96 328 218 134 223 372 356 303 81 438 368 334 57 87 398 280 462 475 69 421 391 365 265 418 316 448 143 137 149 0 96 413 195 
131 131 486 60 453 98 69 241 486 387 281 493 424 386 480 141 360 499 268 458 120 484 375 142 187 468 437 287 271 349 188 108 186 174 325 346 222 344 293 207 230 73 406 360 409 141 207 0 476 347 
425 433 417 408 63 265 95 237 201 88 214 257 226 272 393 106 303 445 278 146 237 191 82 468 304 148 132 395 305 107 241 230 246 364 344 259 336 145 203 243 183 367 450 116 346 99 379 355 0 250 
157 452 438 54 240 405 308 339 487 410 143 301 357 79 497 428 374 463 263 469 372 456 359 238 162 181 290 418 59 145 167 373 303 104 134 493 215 148 87 409 57 388 209 121 417 412 499 290 374 0 

728 0 44
728 1 17
728 2 12
728 3 8
728 4 2
728 5 11
728 6 0
728 7 10
728 8 26
728 9 10
728 10 8
728 11 26
728 12 17
728 13 5
728 14 38
728 15 21
728 16 27
728 17 10
728 18 37
728 19 10
728 20 40
728 21 18
728 22 48
728 23 2
728 24 34
728 25 21
728 26 30
728 27 47
728 28 18
728 29 12
728 30 8
728 31 18
728 32 29
728 33 25
728 34 26
728 35 36
728 36 37
728 37 32
728 38 2
728 39 19
728 40 47
728 41 11
728 42 45
728 43 15
728 44 21
728 45 35
728 46 42
728 47 4
728 48 1
728 49 30

