50 50 4

0 411 65 418 371 407 433 220 79 268 396 350 415 276 458 270 322 489 183 240 131 397 424 118 231 458 174 472 491 367 363 192 484 378 317 354 285 456 280 70 430 383 126 344 158 84 321 431 72 454 
170 0 153 350 300 428 287 258 101 465 455 418 328 354 401 412 377 461 196 332 240 424 261 329 500 311 438 290 131 368 68 85 244 378 141 494 305 379 458 356 343 169 480 170 473 136 82 349 96 435 
387 494 0 114 147 322 321 164 466 110 246 333 129 488 283 213 128 484 469 457 441 80 56 109 60 383 288 146 171 136 400 106 473 149 377 326 421 197 441 143 465 186 182 300 173 416 463 458 399 431 
415 95 462 0 177 155 228 59 393 80 181 236 186 444 208 285 320 241 413 224 181 55 188 73 187 194 403 102 156 360 207 294 481 253 462 157 114 189 374 213 426 261 399 112 204 314 347 230 54 466 
160 185 471 298 0 415 158 198 317 417 305 176 124 305 157 83 266 471 354 161 344 66 293 104 416 355 465 436 409 195 440 374 305 331 345 310 245 209 214 61 125 469 394 406 480 50 195 245 472 499 
112 71 65 356 126 0 187 417 297 122 325 198 268 199 210 98 250 226 500 409 390 267 240 115 160 353 94 368 498 497 95 253 108 323 268 170 155 161 294 403 440 118 100 207 474 260 462 430 192 217 
338 82 190 285 147 56 0 137 398 374 341 394 175 93 209 449 67 85 103 178 329 212 324 398 263 481 127 229 198 57 372 121 101 160 261 336 257 268 179 154 348 471 255 474 63 414 178 81 449 438 
416 485 150 240 382 119 427 0 215 54 332 222 132 403 481 242 164 316 205 138 446 66 436 172 271 165 185 391 293 423 95 438 339 79 87 78 167 363 211 333 367 493 261 450 396 241 191 266 264 347 
354 209 363 289 87 340 405 222 0 230 404 352 482 341 190 61 134 425 178 447 135 217 314 128 429 263 474 169 160 239 383 213 299 298 75 87 335 121 198 264 57 102 115 490 149 462 257 234 386 385 
387 227 102 200 305 237 169 485 356 0 487 430 446 199 228 450 432 473 285 52 170 255 60 429 76 256 78 488 463 469 129 103 355 306 155 262 111 98 137 302 405 123 232 106 273 166 55 204 138 497 
413 466 251 423 394 484 385 178 471 347 0 146 306 401 208 112 262 176 380 311 263 181 422 93 119 478 316 443 239 226 80 236 138 496 193 268 146 177 152 274 354 206 371 160 313 285 429 74 411 308 
91 380 195 463 423 265 196 445 414 386 170 0 444 121 466 196 471 233 292 147 91 65 452 247 142 318 59 133 246 291 494 260 88 130 405 51 52 376 404 204 289 496 80 440 323 496 342 294 435 340 
391 477 111 98 430 411 122 196 494 74 193 488 0 284 231 117 396 439 326 478 343 480 474 338 60 413 161 262 461 161 197 300 51 380 361 307 309 478 379 211 472 404 354 459 394 85 282 496 474 314 
474 316 50 447 361 267 115 228 479 75 339 382 81 0 96 261 148 353 277 126 439 438 97 98 292 262 198 83 494 194 56 63 167 79 63 113 146 280 178 324 259 410 369 140 441 415 108 295 475 91 
371 413 479 174 217 477 386 365 59 135 58 66 149 175 0 302 162 445 398 149 329 221 358 238 296 204 385 210 469 387 391 59 464 303 245 138 226 221 474 91 438 316 99 454 171 432 462 490 376 359 
138 412 286 202 356 81 357 241 448 81 334 339 91 297 141 0 493 385 74 213 115 115 150 381 371 310 258 302 271 247 385 336 336 296 121 488 151 152 100 98 100 339 382 389 380 386 236 128 270 260 
291 335 81 148 422 403 408 179 411 386 133 51 221 419 297 500 0 162 155 151 213 410 408 51 499 52 137 384 239 422 360 205 212 402 237 66 323 139 181 209 256 66 292 258 444 417 261 443 78 122 
301 448 483 208 205 237 211 499 327 156 420 186 311 132 87 498 355 0 117 343 486 276 99 51 274 63 202 190 274 144 218 347 151 373 329 310 77 272 471 76 98 333 202 234 143 491 272 348 346 339 
397 331 321 446 89 94 459 241 441 440 91 158 286 193 237 321 453 265 0 92 179 498 140 462 199 80 311 190 302 158 486 347 55 316 167 207 355 418 373 302 358 312 344 223 97 487 410 368 195 174 
166 324 378 256 492 77 286 302 424 295 167 409 348 172 431 466 329 493 139 0 408 294 448 219 344 170 473 330 79 340 231 411 456 261 495 418 252 71 411 261 201 412 378 316 259 500 247 224 84 446 
70 443 446 468 368 290 137 341 326 373 180 57 490 343 268 485 467 227 262 377 0 438 414 495 315 229 254 70 182 184 311 334 204 253 280 171 121 69 465 412 345 94 298 108 83 347 327 274 314 53 
487 397 197 156 148 218 335 352 238 224 486 255 57 397 215 287 274 493 62 239 404 0 114 490 408 172 279 462 449 53 482 208 246 134 355 352 232 72 393 83 467 116 276 222 331 172 387 324 396 379 
93 341 489 157 330 152 279 316 320 435 319 301 349 64 386 204 122 324 433 465 358 156 0 288 340 84 325 218 177 148 320 262 191 368 250 54 404 108 284 219 379 425 488 386 273 258 271 183 86 95 
323 258 159 185 252 205 219 76 373 346 174 399 107 72 266 63 76 170 328 66 95 206 197 0 290 92 421 254 69 310 291 321 339 499 430 474 250 341 192 483 213 244 363 319 57 385 84 70 168 411 
349 391 213 261 88 453 59 215 206 286 231 447 106 70 201 243 494 157 83 393 139 454 343 453 0 272 351 93 62 371 211 180 426 102 343 394 347 295 159 61 451 395 242 154 452 262 61 401 463 376 
434 111 465 387 404 173 365 461 217 378 332 134 57 464 393 350 113 239 351 223 457 57 117 199 368 0 275 167 380 382 336 255 316 153 426 409 57 99 274 468 473 358 55 313 121 226 206 177 289 151 
478 218 108 485 286 464 353 267 130 439 149 173 400 171 276 325 79 490 130 59 458 102 123 219 366 194 0 151 278 321 147 135 54 315 193 246 100 156 98 74 444 243 173 323 142 294 98 417 79 88 
498 296 252 306 125 177 378 270 279 362 297 376 448 58 190 140 254 448 454 302 228 153 251 351 426 343 351 0 474 259 136 268 463 138 470 476 214 147 109 190 132 422 437 214 369 201 110 215 405 57 
168 413 442 478 163 292 403 456 349 133 422 192 351 140 280 77 115 200 381 382 340 463 303 484 176 171 184 443 0 336 89 207 211 452 148 188 322 147 298 277 446 137 405 344 194 496 124 221 317 274 
101 198 321 270 207 304 152 328 438 95 371 233 252 288 392 106 426 213 203 430 196 356 273 308 199 418 59 480 138 0 82 461 397 438 281 373 144 291 476 179 228 277 500 168 235 287 59 291 419 429 
201 105 331 56 328 138 412 245 354 392 90 387 108 193 324 339 65 174 129 247 303 63 230 302 388 171 295 397 413 421 0 81 320 476 363 326 59 207 237 255 61 335 51 154 393 194 428 438 416 101 
273 370 355 494 99 363 381 221 365 485 340 285 65 159 467 134 191 476 499 134 437 59 176 438 370 275 338 297 213 254 104 0 192 330 165 185 379 235 66 306 99 257 352 90 272 217 56 113 358 238 
111 199 175 327 325 319 196 99 157 199 469 117 253 368 397 125 52 275 310 275 288 115 482 139 362 461 307 368 73 371 312 341 0 69 437 167 100 256 69 357 119 218 325 186 177 399 82 252 402 63 
268 383 301 89 121 391 401 81 404 475 311 274 287 358 294 430 475 100 392 250 407 461 418 439 146 94 337 178 53 238 192 478 328 0 199 67 399 296 418 186 199 149 447 424 386 60 424 71 241 474 
414 441 381 374 358 75 471 158 362 355 161 307 253 139 134 403 363 239 198 280 375 348 135 77 478 227 87 401 249 278 130 162 218 461 0 242 282 486 419 390 104 274 258 361 477 347 201 135 416 390 
284 195 264 338 488 498 315 214 84 422 169 68 51 488 236 219 230 224 411 148 113 465 128 77 81 312 130 232 397 496 121 387 398 91 431 0 385 88 452 98 122 373 218 347 131 205 289 300 141 463 
210 447 283 382 74 310 413 336 391 145 233 142 423 326 490 465 257 374 52 208 179 332 288 103 178 369 465 418 375 313 136 291 259 369 172 283 0 386 292 119 483 387 58 124 309 334 114 480 297 194 
483 456 323 70 243 132 198 318 304 322 192 116 409 189 325 484 312 107 125 103 383 107 196 391 182 211 432 453 191 228 146 173 390 176 193 132 258 0 97 156 61 126 54 334 241 194 158 224 212 216 
300 472 305 113 167 196 245 328 334 197 469 61 50 348 402 176 247 240 140 51 103 359 127 107 192 318 458 301 248 169 223 254 140 478 318 257 380 62 0 292 213 417 467 432 173 71 89 299 268 486 
145 269 88 454 346 146 353 370 310 360 118 430 82 322 69 266 139 484 353 359 482 272 482 448 203 154 225 449 159 444 435 254 419 473 415 472 325 474 341 0 135 333 409 64 365 231 290 337 76 480 
189 385 217 412 122 372 321 226 96 270 91 490 204 52 409 383 417 380 208 146 427 500 429 336 270 500 273 59 336 55 246 232 391 413 143 219 491 170 396 87 0 390 193 283 300 195 398 183 318 484 
97 414 411 96 342 246 316 341 225 325 384 230 277 115 327 397 415 497 387 291 148 180 181 291 414 187 437 311 320 461 295 367 375 205 413 423 157 228 471 332 260 0 354 268 243 175 95 346 296 91 
233 86 396 363 424 186 483 318 329 294 137 290 88 211 371 243 330 293 106 265 263 388 231 323 155 180 448 407 477 450 204 416 487 99 485 166 443 468 434 271 261 278 0 267 55 195 137 455 475 381 
60 446 350 154 176 173 259 307 120 373 490 70 76 405 263 333 389 135 275 112 69 252 323 53 226 84 198 313 489 379 400 499 325 250 152 207 373 118 220 199 441 209 426 0 223 320 395 55 209 481 
487 478 256 446 301 259 171 91 163 190 80 492 297 78 316 497 181 474 125 456 193 481 396 109 407 325 379 301 87 87 488 73 272 243 225 279 208 346 320 321 243 350 313 490 0 379 335 242 266 64 
317 428 208 297 79 267 410 354 352 211 391 146 405 171 368 148 346 146 62 399 416 334 141 266 353 130 351 394 322 323 409 345 250 323 141 279 296 51 132 147 419 230 243 323 351 0 110 177 403 413 
190 301 329 230 392 301 289 228 151 182 500 180 297 344 380 119 192 365 121 400 203 219 74 383 168 347 440 436 231 99 348 127 350 176 307 449 183 302 176 491 190 176 170 438 226 256 0 263 368 327 
335 474 481 260 498 119 134 345 266 69 282 315 368 359 164 250 165 112 384 173 239 374 313 121 251 457 297 457 220 372 491 261 345 471 227 343 296 311 394 61 87 175 82 161 240 197 361 0 111 466 
451 234 411 81 497 238 282 454 242 445 380 320 435 347 164 161 73 213 408 90 313 175 127 194 208 238 384 111 306 201 283 463 385 194 494 138 138 482 298 330 183 177 149 324 230 471 192 253 0 390 
306 293 410 431 127 310 345 71 401 406 83 101 189 497 437 89 246 281 177 435 78 214 324 412 69 354 141 490 496 100 136 301 99 496 439 176 61 283 198 412 396 438 464 84 434 156 123 180 387 0 

1008.48 0 15
1008.48 1 14
1008.48 2 13
1008.48 3 8
1008.48 4 22
1008.48 5 20
1008.48 6 46
1008.48 7 38
1008.48 8 34
1008.48 9 23
1008.48 10 37
1008.48 11 9
1008.48 12 13
1008.48 13 35
1008.48 14 4
1008.48 15 19
1008.48 16 5
1008.48 17 46
1008.48 18 6
1008.48 19 16
1008.48 20 39
1008.48 21 36
1008.48 22 35
1008.48 23 28
1008.48 24 10
1008.48 25 39
1008.48 26 4
1008.48 27 34
1008.48 28 35
1008.48 29 33
1008.48 30 22
1008.48 31 1
1008.48 32 47
1008.48 33 40
1008.48 34 15
1008.48 35 25
1008.48 36 11
1008.48 37 12
1008.48 38 19
1008.48 39 45
1008.48 40 41
1008.48 41 7
1008.48 42 5
1008.48 43 9
1008.48 44 43
1008.48 45 15
1008.48 46 33
1008.48 47 4
1008.48 48 12
1008.48 49 44

