50 50 4

0 201 276 374 313 185 450 476 273 66 388 231 454 445 219 225 458 461 458 163 149 54 237 391 404 380 358 191 193 302 274 116 453 257 196 473 392 145 448 165 368 92 102 321 487 478 497 200 439 210 
70 0 87 214 257 184 117 136 249 465 487 50 238 102 209 201 456 388 93 307 336 415 175 134 223 202 327 201 405 234 139 114 254 383 485 461 67 308 303 266 272 496 473 217 98 181 368 260 69 167 
66 111 0 288 398 195 462 100 472 162 211 205 458 276 165 340 467 125 113 275 135 329 253 130 57 176 385 189 495 144 208 368 368 476 156 265 170 117 71 348 436 233 260 393 215 375 439 181 207 52 
162 292 87 0 366 128 95 492 464 234 242 314 148 110 181 330 423 153 450 490 174 53 425 357 263 73 71 345 462 410 51 464 71 500 258 143 127 303 135 297 243 83 111 97 350 449 377 272 101 82 
468 226 85 148 0 289 55 378 67 350 340 183 351 59 204 350 267 298 183 276 139 431 225 379 492 272 229 440 355 207 248 143 382 180 179 480 419 391 358 192 240 404 325 297 413 236 353 387 484 486 
162 329 416 338 207 0 163 316 142 310 171 300 57 264 181 187 149 367 312 246 431 211 436 334 486 439 454 428 291 340 167 484 208 446 155 252 360 269 68 452 78 396 458 292 366 345 185 466 212 203 
211 349 364 354 390 106 0 292 99 484 290 145 151 480 303 303 134 55 369 109 280 321 344 175 485 135 491 330 270 456 248 424 374 303 494 434 192 99 432 241 290 428 92 147 407 346 156 248 107 476 
307 337 52 151 462 487 236 0 452 316 213 164 270 343 244 73 92 177 422 349 315 370 138 243 412 442 149 257 97 347 70 72 361 357 281 462 318 268 404 477 290 323 347 60 372 297 290 415 424 211 
263 238 80 107 187 443 499 287 0 406 302 340 427 81 407 490 312 124 64 79 479 247 320 57 93 86 380 340 82 294 470 243 263 414 481 320 308 179 74 94 291 326 140 424 357 254 414 376 328 184 
405 306 381 431 70 180 223 400 226 0 255 400 195 205 162 315 392 188 329 70 419 129 67 451 220 442 64 424 111 390 458 245 50 471 125 432 491 255 361 390 431 323 496 332 478 364 353 369 51 182 
145 176 261 162 126 187 310 140 317 371 0 236 275 115 237 245 397 168 235 151 235 331 288 57 326 119 241 189 179 316 397 311 411 72 278 280 355 416 89 446 232 167 181 213 439 368 408 336 242 142 
193 184 179 432 191 455 257 139 350 386 405 0 246 403 72 475 181 302 330 96 97 482 485 421 369 198 360 444 105 195 185 405 338 75 83 476 424 245 233 62 94 118 417 498 228 195 472 359 447 57 
161 251 489 145 171 358 293 237 301 105 382 192 0 216 427 425 249 402 348 200 341 360 452 166 483 449 344 178 176 202 331 184 313 288 379 164 166 236 408 353 243 219 235 142 385 368 66 340 476 364 
491 317 430 442 189 412 390 483 296 272 391 127 406 0 410 121 285 73 237 227 187 90 177 356 482 476 240 349 492 287 324 111 277 347 247 425 486 365 70 224 161 292 114 445 405 474 65 396 498 253 
329 391 293 456 247 274 187 193 329 385 430 359 446 413 0 206 399 337 398 264 357 122 375 356 186 319 260 367 90 155 120 293 434 461 292 146 414 65 283 314 100 168 243 410 320 363 322 219 406 219 
433 263 291 307 325 184 332 84 50 372 189 120 372 329 287 0 163 425 201 386 208 465 436 326 414 345 352 276 166 70 182 92 453 151 333 466 426 223 53 216 223 132 355 500 454 183 287 323 315 438 
208 473 158 351 54 71 195 356 54 68 133 393 317 292 250 356 0 258 175 79 468 97 459 99 402 459 259 291 452 82 105 145 240 284 253 90 495 481 443 351 485 217 190 377 240 432 333 95 396 458 
124 364 261 83 169 162 248 379 160 199 167 422 294 113 413 253 154 0 407 233 303 257 218 226 397 301 416 85 134 217 431 298 499 294 59 288 170 378 486 499 244 391 372 373 184 435 285 387 295 191 
326 97 155 250 480 51 258 151 86 342 319 224 346 317 224 111 104 344 0 196 296 98 390 186 420 262 76 355 253 169 149 395 445 404 500 195 139 257 403 241 50 451 266 224 52 289 398 114 343 449 
467 345 497 356 481 417 325 263 478 77 382 333 422 82 236 177 227 326 385 0 336 273 385 493 489 315 496 277 212 316 326 160 282 170 364 344 357 280 375 119 464 159 207 296 287 239 483 415 173 64 
299 459 287 390 208 275 204 203 51 122 225 83 233 213 203 96 56 59 82 138 0 335 252 247 492 498 484 230 236 398 353 250 403 68 487 499 226 468 202 135 225 275 310 258 214 473 167 467 235 383 
255 323 217 457 69 415 454 260 352 190 157 204 146 267 429 340 265 361 307 174 202 0 239 155 462 203 319 190 321 492 132 203 246 161 127 202 181 492 362 147 343 258 461 254 355 227 389 401 199 250 
414 323 402 152 184 120 306 209 467 333 200 98 242 152 210 319 60 97 67 372 194 360 0 337 361 320 398 88 209 298 444 165 211 473 273 70 156 99 326 315 66 365 465 321 106 323 237 376 333 491 
393 411 391 459 247 252 486 144 497 194 392 440 65 310 412 288 330 67 94 362 332 110 226 0 52 137 282 325 325 364 364 71 463 274 413 422 472 164 407 322 160 307 421 99 78 230 217 72 266 234 
116 127 272 383 59 481 471 498 61 51 362 375 72 80 148 191 452 326 61 114 148 171 127 68 0 427 155 455 143 178 427 83 244 53 61 127 269 492 304 266 52 305 334 377 83 365 232 225 72 57 
236 344 362 114 421 136 247 76 90 97 411 467 130 361 226 349 438 201 340 241 418 99 252 458 182 0 493 322 364 424 101 128 159 395 440 430 71 76 177 304 323 224 214 497 60 75 429 115 219 130 
406 167 254 211 125 211 343 117 240 414 491 291 492 357 392 187 286 413 420 169 217 450 99 137 446 110 0 162 130 382 88 210 287 205 414 448 280 332 498 348 71 411 338 68 158 401 166 51 187 78 
422 306 452 127 112 89 72 379 408 359 260 446 69 498 150 189 201 137 471 405 191 248 71 235 266 179 136 0 382 388 273 167 65 285 325 142 347 364 371 432 479 229 192 180 248 396 488 388 96 124 
114 208 265 313 229 450 78 115 85 167 453 64 491 224 56 315 316 109 386 186 492 120 121 183 250 320 78 237 0 414 331 311 234 489 282 497 425 232 282 246 474 155 405 245 145 128 251 166 394 66 
51 286 57 121 357 397 322 176 425 265 296 463 76 481 207 64 233 131 453 465 83 427 119 438 378 421 65 128 87 0 409 351 88 194 359 367 51 255 395 384 387 159 387 349 392 123 55 407 306 344 
359 271 377 492 96 315 125 224 330 410 261 446 261 55 346 119 372 347 80 473 438 173 132 324 472 474 153 234 136 409 0 284 202 386 367 400 189 181 476 363 218 385 123 370 145 335 215 214 414 269 
452 386 413 124 468 236 303 198 339 487 491 454 477 192 340 343 92 235 231 67 97 155 402 170 475 498 455 396 418 368 164 0 125 461 76 200 428 469 209 332 63 402 323 468 378 221 63 220 263 248 
401 487 51 262 389 171 236 142 332 132 266 407 453 342 367 480 248 50 204 407 89 218 308 118 392 185 289 161 111 259 115 219 0 245 116 431 340 444 374 188 275 212 405 388 164 453 461 350 407 462 
54 313 257 429 327 325 76 218 320 394 486 78 459 204 481 281 342 76 224 215 215 205 377 326 300 247 485 260 97 391 221 308 203 0 184 236 236 459 469 404 279 362 389 63 76 300 494 63 141 70 
237 62 442 148 389 267 398 135 251 158 389 141 85 196 50 220 138 236 385 106 346 163 174 441 177 407 240 377 420 331 153 156 343 94 0 462 438 67 359 280 475 223 168 322 466 315 78 185 403 471 
276 216 316 390 340 257 273 247 447 356 373 485 460 236 83 260 197 472 278 262 251 459 436 369 281 401 390 309 292 293 280 274 459 302 370 0 54 58 142 458 212 205 331 403 164 66 436 130 420 163 
114 181 120 73 323 196 304 430 85 319 428 84 305 202 493 107 71 254 322 371 211 240 75 492 349 396 264 492 476 390 154 90 71 432 320 100 0 127 330 481 369 355 408 404 160 109 152 424 338 356 
452 208 67 399 440 265 247 335 236 238 66 125 99 313 353 481 132 404 314 412 384 182 267 498 292 133 314 395 263 151 457 214 309 230 112 248 446 0 66 289 388 254 305 463 59 325 316 490 163 219 
59 282 309 399 499 306 190 338 119 291 100 427 248 471 442 428 290 396 129 306 184 467 266 196 186 276 471 208 472 340 133 482 121 392 136 326 404 276 0 163 230 274 420 156 472 391 98 155 180 444 
442 192 335 164 408 481 300 390 207 458 362 497 297 99 118 188 185 150 92 167 264 479 391 183 134 118 280 389 431 166 89 372 308 374 486 216 110 493 312 0 474 206 173 226 454 429 50 348 113 151 
146 231 365 124 328 254 416 397 241 304 327 357 99 405 165 179 146 87 239 345 349 419 51 229 145 211 157 145 58 428 246 362 158 317 436 192 278 351 88 469 0 362 121 325 167 232 196 297 329 233 
242 173 82 161 381 468 463 91 124 314 307 51 267 168 366 290 310 58 67 368 303 242 229 131 67 102 313 213 349 141 153 298 472 392 165 108 359 127 150 433 391 0 163 435 157 488 56 398 297 64 
171 164 74 364 99 155 137 152 418 300 207 266 159 455 444 50 119 51 359 403 358 292 294 471 433 157 214 439 261 462 210 139 332 234 453 382 339 89 240 256 95 153 0 228 205 108 171 205 384 173 
64 287 237 62 287 415 445 150 128 139 362 296 299 451 128 483 159 216 321 198 162 284 450 265 462 154 323 340 66 414 219 287 200 406 299 437 320 450 86 399 295 154 194 0 94 311 479 283 420 194 
104 324 306 94 274 71 262 134 100 308 150 464 477 143 370 139 148 306 409 304 99 63 99 410 415 350 221 393 132 347 294 393 171 306 437 151 83 406 235 134 213 92 304 190 0 185 174 486 491 186 
394 294 235 164 99 352 78 399 72 177 238 369 177 130 490 434 274 140 467 386 82 307 98 124 111 445 466 235 430 212 371 80 457 313 194 55 164 429 161 186 312 349 261 440 185 0 458 129 409 304 
95 294 336 109 99 166 170 494 339 111 424 50 188 454 457 451 354 219 114 282 330 457 93 385 425 239 69 382 318 185 185 120 429 228 179 478 344 55 228 389 116 151 390 254 311 102 0 412 164 271 
232 152 307 396 402 191 320 141 418 408 409 102 299 479 237 477 364 215 77 369 393 416 435 250 305 396 267 358 307 381 335 489 239 349 384 140 246 410 231 163 317 140 215 116 325 403 299 0 189 324 
326 264 423 449 199 379 460 301 145 73 107 232 359 302 421 414 393 267 159 302 449 273 119 295 194 392 326 303 190 465 333 223 229 462 378 134 340 337 141 435 361 198 373 426 206 293 339 98 0 267 
204 351 215 427 176 216 328 274 492 337 170 213 170 343 148 131 220 439 178 264 79 112 124 227 192 256 139 191 301 188 408 455 245 122 138 127 495 416 351 487 459 471 199 128 70 53 417 447 442 0 

1481 0 31
1481 1 46
1481 2 20
1481 3 45
1481 4 35
1481 5 32
1481 6 45
1481 7 12
1481 8 0
1481 9 45
1481 10 17
1481 11 32
1481 12 19
1481 13 29
1481 14 48
1481 15 32
1481 16 29
1481 17 14
1481 18 3
1481 19 34
1481 20 40
1481 21 27
1481 22 36
1481 23 31
1481 24 41
1481 25 32
1481 26 15
1481 27 20
1481 28 33
1481 29 13
1481 30 38
1481 31 20
1481 32 11
1481 33 9
1481 34 21
1481 35 46
1481 36 46
1481 37 23
1481 38 15
1481 39 47
1481 40 24
1481 41 37
1481 42 30
1481 43 44
1481 44 17
1481 45 35
1481 46 26
1481 47 2
1481 48 0
1481 49 35

