50 50 3

0 54 212 180 268 416 400 154 490 249 385 224 142 289 248 297 153 218 171 288 69 365 267 418 178 220 184 443 259 88 290 377 92 452 263 67 123 163 378 113 118 262 287 210 51 486 213 361 410 334 
149 0 185 405 366 103 290 86 444 439 51 482 228 378 281 386 347 298 460 216 175 72 284 387 309 201 388 50 120 456 167 161 104 302 65 420 355 305 212 299 243 213 280 177 297 267 63 144 64 473 
66 396 0 495 301 283 59 208 377 267 278 332 384 389 142 185 161 62 247 172 431 496 122 144 482 249 391 249 469 241 470 441 258 366 191 265 355 408 179 438 174 407 477 57 52 118 192 163 337 389 
285 268 140 0 357 362 329 313 459 284 281 200 460 429 164 325 326 135 386 233 264 324 113 377 300 120 135 124 470 248 412 114 240 179 412 303 247 240 322 205 230 103 111 189 238 432 221 63 66 106 
454 487 136 66 0 364 386 344 449 461 313 404 128 133 350 257 495 152 210 441 425 365 170 234 183 66 422 114 237 191 131 293 351 324 136 368 187 228 211 343 395 474 453 473 313 302 436 308 160 145 
248 291 461 125 231 0 143 141 359 207 84 50 495 83 351 75 169 425 419 348 135 261 242 315 420 215 128 221 150 142 88 453 96 329 413 171 60 262 469 369 175 52 125 377 293 183 402 412 107 320 
259 193 288 208 214 207 0 129 292 135 229 140 173 388 187 208 300 308 218 268 484 294 150 242 125 477 485 258 378 397 316 404 362 215 191 69 379 349 148 378 190 84 468 313 422 154 471 429 169 396 
403 152 189 52 344 264 479 0 85 229 112 432 495 467 500 209 364 276 294 419 130 171 108 164 139 371 293 450 98 428 118 444 86 427 339 89 478 309 274 62 488 93 200 238 266 406 153 129 181 398 
499 262 68 106 132 364 184 375 0 70 439 58 138 382 95 272 427 341 249 235 114 468 430 157 374 167 373 279 271 209 411 375 207 172 149 470 461 220 360 336 240 298 100 84 386 352 306 312 192 261 
254 464 228 183 327 101 56 407 87 0 484 115 448 358 479 326 458 204 286 177 64 328 123 68 135 157 405 437 170 423 336 381 176 299 316 65 125 123 279 482 160 262 96 314 327 281 139 491 436 132 
167 450 410 447 224 251 103 335 188 223 0 258 474 311 140 272 333 363 103 162 141 292 480 109 94 293 386 326 139 376 261 428 249 417 93 402 140 295 456 426 433 385 390 162 402 480 140 441 98 193 
103 189 435 82 456 480 81 97 61 377 180 0 272 60 135 188 104 488 485 349 443 166 488 83 262 149 436 449 239 376 497 138 185 393 280 424 348 466 212 395 477 88 74 248 99 160 142 360 147 333 
208 296 206 402 85 418 50 471 366 446 103 119 0 83 445 462 69 369 65 485 80 410 461 325 191 415 130 57 263 196 361 303 110 363 459 462 398 132 462 369 205 163 178 274 404 122 442 423 197 457 
408 434 122 124 466 263 490 302 477 459 449 337 261 0 58 199 426 471 97 58 188 172 213 302 56 193 205 335 134 127 239 90 241 172 162 316 137 132 305 390 108 470 338 152 231 102 57 363 72 104 
371 211 433 290 219 195 433 130 481 66 414 219 106 155 0 97 426 421 392 57 432 281 322 401 325 180 338 377 188 201 156 449 71 73 382 68 242 76 451 78 263 468 442 188 280 96 236 412 467 127 
175 154 114 448 262 145 127 99 228 265 457 334 214 235 357 0 302 253 305 84 203 333 54 170 482 192 157 77 378 68 251 455 194 111 275 348 323 370 425 373 98 397 329 382 317 63 446 325 473 457 
115 176 497 119 52 478 262 159 261 346 385 462 57 78 280 282 0 132 102 152 56 425 200 159 461 288 182 230 440 213 203 153 279 85 149 348 87 333 316 404 93 162 288 262 169 72 492 401 154 93 
259 367 225 165 233 392 404 365 328 99 78 237 202 63 272 57 361 0 66 340 177 420 140 496 414 352 164 436 99 271 296 349 481 162 73 145 345 171 255 417 450 305 201 186 213 214 165 221 281 181 
267 164 100 357 159 464 415 480 155 464 251 401 69 231 269 92 82 321 0 421 288 444 370 299 144 262 218 64 133 145 51 264 363 373 70 426 482 240 97 218 345 267 419 452 286 356 221 85 388 492 
456 382 435 81 180 285 500 105 55 133 200 56 347 269 379 124 402 117 314 0 449 285 366 215 410 317 208 265 244 243 359 235 405 241 376 436 127 367 435 182 372 67 89 135 121 308 220 195 209 287 
215 364 278 80 286 187 348 444 158 298 393 224 240 297 415 115 232 248 189 373 0 137 60 147 176 352 425 190 72 119 106 65 491 420 50 71 205 394 125 148 52 373 491 226 112 494 347 385 225 301 
73 305 388 290 402 63 349 82 411 371 151 467 142 348 386 142 369 91 243 200 396 0 245 73 143 177 342 136 230 433 68 481 456 323 369 453 431 138 301 463 499 378 320 465 226 167 107 319 243 355 
61 393 250 463 172 99 346 465 186 282 397 411 262 109 233 337 268 370 182 275 88 387 0 359 114 108 84 231 165 109 180 470 327 73 426 496 402 476 341 366 368 329 470 278 298 285 461 341 52 86 
473 277 124 116 135 395 174 376 125 289 436 463 465 262 242 146 258 143 121 305 460 439 134 0 185 216 138 420 383 429 422 175 158 405 456 224 246 350 348 121 182 343 56 144 63 476 336 159 440 429 
438 244 144 376 84 279 299 379 405 388 308 326 63 416 437 469 346 182 319 400 461 451 242 223 0 301 462 198 136 120 137 271 264 88 366 140 329 351 145 208 256 483 466 288 496 137 225 221 433 113 
490 332 280 196 280 454 203 241 151 289 67 446 266 282 484 131 128 312 189 430 470 395 412 191 389 0 164 278 320 335 417 384 80 455 163 433 441 323 135 388 425 374 162 126 139 394 109 428 228 127 
323 157 97 217 275 445 312 389 430 132 223 346 222 460 57 91 392 204 365 477 92 496 350 204 121 196 0 304 180 330 238 464 152 345 267 75 326 212 337 215 141 175 144 193 347 104 407 389 446 111 
253 423 153 455 479 63 75 381 317 412 417 54 375 275 105 142 300 381 60 344 302 151 225 397 50 72 451 0 164 167 152 225 126 281 84 80 467 97 105 103 120 467 471 124 341 245 386 189 252 266 
199 302 68 56 477 171 264 255 328 378 372 430 309 448 418 343 478 384 390 82 193 216 255 163 497 303 115 382 0 442 73 354 348 81 128 354 57 249 324 470 283 201 341 420 460 496 337 58 473 427 
398 262 119 320 467 440 316 269 261 197 418 284 258 265 71 336 325 285 292 149 254 74 300 302 444 467 297 487 475 0 269 413 129 481 239 399 204 385 215 179 145 118 96 135 326 311 156 162 136 147 
160 235 352 184 241 153 335 414 400 321 145 375 441 224 112 179 329 266 63 250 395 365 319 442 450 351 459 312 219 94 0 409 329 486 467 220 434 119 54 347 225 325 198 100 265 372 369 150 408 341 
370 157 235 234 182 383 390 484 98 408 202 349 317 238 335 490 408 475 109 412 77 491 443 226 297 208 304 165 64 211 456 0 385 75 398 325 207 487 215 397 84 329 99 384 145 287 425 342 401 399 
401 312 426 147 254 151 395 168 406 266 183 323 222 274 348 326 305 262 312 226 158 103 55 414 437 357 407 361 198 307 466 305 0 118 391 403 79 249 53 404 361 269 86 183 197 66 238 473 322 450 
285 254 314 338 259 228 481 116 134 97 264 392 62 69 216 403 178 452 151 181 356 218 400 148 108 97 372 296 69 193 452 60 397 0 265 104 363 443 291 429 284 338 399 382 350 418 304 460 302 256 
317 433 111 486 333 416 93 136 287 339 155 186 497 373 83 261 183 152 411 425 80 401 469 429 282 319 103 85 278 355 498 94 288 315 0 79 327 231 329 413 468 374 274 154 370 353 394 338 487 496 
248 167 282 355 135 417 136 404 470 378 388 81 376 433 75 190 218 108 371 254 471 339 127 451 199 448 304 92 492 497 294 446 163 75 300 0 455 442 386 359 168 263 453 406 345 141 431 486 66 245 
112 270 215 157 347 372 306 50 175 104 492 171 348 437 491 129 236 446 71 328 60 396 298 463 301 142 311 438 127 327 182 397 96 103 53 393 0 425 310 150 307 120 141 184 419 285 175 254 471 327 
482 55 93 377 303 262 384 395 72 321 229 349 209 125 395 469 128 495 150 144 144 407 215 442 297 340 226 178 93 404 455 75 409 498 402 211 260 0 286 105 489 313 491 338 229 115 439 197 194 189 
297 495 283 410 209 432 207 499 157 335 92 60 497 324 419 494 225 336 460 217 392 449 237 382 493 416 204 431 319 104 120 116 98 109 232 258 247 389 0 463 355 431 54 121 427 328 247 176 260 82 
343 183 180 291 370 269 490 492 423 420 311 477 246 133 74 62 315 489 259 411 452 320 341 212 392 474 247 138 149 457 170 198 346 57 439 216 276 184 207 0 405 104 224 381 56 307 161 68 122 357 
485 483 308 304 79 226 402 52 423 490 358 135 367 56 432 130 201 354 356 336 60 260 146 235 347 359 248 214 134 320 70 118 58 84 128 87 261 481 296 183 0 226 361 476 299 123 407 379 274 260 
234 316 477 200 168 418 497 478 166 418 318 192 438 386 201 473 220 445 233 407 448 122 133 308 97 382 381 454 261 361 420 201 384 397 108 51 70 311 235 186 228 0 52 85 166 144 236 345 71 387 
284 428 334 356 60 348 404 149 435 113 116 52 240 474 386 343 81 143 363 343 85 256 277 87 291 149 389 233 444 410 326 227 93 367 290 104 214 400 410 356 463 476 0 358 409 449 243 251 237 336 
321 286 127 76 62 165 73 162 260 463 312 376 288 490 419 154 279 229 75 178 345 381 347 320 238 256 476 187 213 419 229 484 204 307 266 423 178 496 291 144 458 103 470 0 453 92 144 313 77 80 
94 412 375 181 465 402 125 427 133 262 140 258 442 330 412 455 303 90 132 298 332 226 463 385 402 171 183 252 434 417 282 235 328 364 366 499 472 442 426 104 203 272 312 351 0 101 430 61 354 226 
143 359 57 75 321 392 427 442 281 179 131 197 167 316 231 481 182 230 452 330 362 262 239 133 280 90 391 209 101 452 142 402 310 149 427 130 248 110 278 479 446 359 383 112 382 0 113 300 270 500 
251 99 361 220 288 444 450 84 335 366 343 286 458 451 302 106 133 138 60 193 366 246 345 431 128 164 312 398 414 288 398 371 337 465 90 332 165 247 366 206 112 415 442 276 365 450 0 88 205 87 
99 104 159 295 400 89 129 63 108 477 183 346 130 53 183 95 301 221 210 498 293 366 316 208 63 91 279 463 129 434 256 385 489 365 179 144 404 258 157 218 442 497 64 71 500 404 323 0 56 124 
239 53 367 104 75 281 324 323 267 493 403 407 248 494 395 319 173 245 430 137 108 147 285 104 161 307 104 271 336 110 101 75 321 419 336 346 406 160 169 172 359 278 79 314 478 180 132 150 0 376 
61 445 190 366 229 245 233 242 55 455 285 322 55 310 349 180 145 195 86 462 70 415 321 54 444 134 482 331 423 339 413 191 490 102 56 425 297 239 374 58 193 158 331 406 418 179 85 269 80 0 

720 0 24
720 1 30
720 2 19
720 3 0
720 4 40
720 5 13
720 6 28
720 7 15
720 8 39
720 9 39
720 10 17
720 11 40
720 12 7
720 13 29
720 14 46
720 15 44
720 16 22
720 17 1
720 18 22
720 19 4
720 20 32
720 21 35
720 22 23
720 23 33
720 24 33
720 25 36
720 26 3
720 27 46
720 28 45
720 29 16
720 30 48
720 31 25
720 32 2
720 33 23
720 34 25
720 35 47
720 36 37
720 37 5
720 38 13
720 39 32
720 40 44
720 41 35
720 42 28
720 43 8
720 44 21
720 45 25
720 46 8
720 47 43
720 48 26
720 49 35

