50 50 3

0 272 66 350 111 484 421 236 424 356 61 259 361 366 345 456 377 255 75 75 67 456 282 247 462 418 490 251 206 432 437 219 410 209 275 472 400 195 207 323 50 425 288 117 291 339 73 167 300 305 
399 0 318 260 387 271 429 305 260 179 461 398 322 386 307 482 160 278 137 306 192 410 62 116 404 130 113 242 360 230 492 164 335 309 375 222 286 303 477 252 188 193 149 217 78 163 405 188 391 492 
200 289 0 157 213 112 60 293 175 252 152 112 450 473 153 259 347 325 251 356 57 454 251 200 309 174 435 422 78 123 69 276 273 64 139 436 126 149 435 459 107 293 277 56 266 380 472 319 205 223 
175 419 383 0 132 326 191 256 260 320 491 333 95 473 313 109 111 455 186 417 146 351 474 389 127 480 154 457 452 424 368 381 305 287 470 143 319 367 105 78 186 95 118 231 274 381 291 335 91 183 
251 187 484 431 0 76 317 410 387 273 117 66 348 204 77 134 173 170 159 491 225 187 383 477 255 321 250 342 318 291 384 451 248 277 190 178 59 457 295 397 436 362 169 283 273 197 123 152 73 232 
349 249 126 232 432 0 331 52 182 380 320 179 470 477 378 246 166 55 463 329 300 359 471 369 234 254 141 381 327 450 161 266 299 360 342 481 291 379 239 179 258 265 309 434 241 393 180 113 398 349 
148 198 207 118 273 147 0 78 120 235 356 69 346 328 318 412 169 54 409 498 450 88 463 214 103 396 161 446 282 224 99 130 78 454 494 147 226 141 175 296 326 237 72 378 64 96 289 390 101 197 
144 50 442 313 422 495 208 0 82 196 197 257 246 277 285 199 478 138 132 325 471 378 357 207 156 234 429 203 473 74 254 169 375 461 111 187 382 312 102 415 215 249 378 167 232 369 316 209 214 154 
484 184 239 340 97 345 73 476 0 498 252 257 458 128 131 419 396 269 56 414 321 177 128 69 54 245 458 130 268 167 294 372 357 428 110 197 475 406 427 207 159 386 414 117 464 495 242 359 470 248 
272 290 376 107 65 136 302 474 216 0 69 347 460 148 203 143 208 106 118 320 240 482 430 125 151 253 88 145 445 153 322 399 375 318 481 432 334 324 441 63 490 216 116 206 314 269 299 229 82 123 
499 272 311 184 347 412 387 141 264 87 0 244 85 193 325 353 173 257 393 447 404 162 193 119 228 105 384 204 110 112 236 391 317 458 201 452 60 113 94 151 327 339 345 362 482 169 421 361 132 314 
308 486 426 207 312 361 469 195 64 78 464 0 457 419 487 170 120 438 180 390 239 488 216 77 332 284 265 207 204 125 497 224 139 238 357 296 500 217 264 401 438 500 120 394 418 107 63 244 251 400 
133 440 387 299 223 218 289 438 131 444 63 334 0 374 152 72 230 155 278 153 125 179 90 124 249 434 249 306 203 443 264 102 76 203 439 81 133 363 321 70 445 471 290 485 344 149 56 281 461 285 
384 292 170 425 123 369 114 322 382 268 264 145 320 0 497 54 259 78 137 121 105 365 272 75 361 257 125 216 470 356 176 254 240 419 374 164 248 450 228 69 87 202 490 182 473 487 393 438 271 481 
265 82 101 244 107 412 207 182 128 176 245 461 137 435 0 135 217 305 333 166 239 108 410 392 98 91 120 291 435 57 268 171 479 300 222 222 357 340 379 245 174 55 196 342 142 130 427 65 141 467 
389 331 74 298 429 122 340 255 119 481 262 337 358 447 136 0 286 169 199 125 498 151 457 259 297 298 107 134 224 123 432 397 462 262 422 259 397 250 305 151 320 492 119 156 349 66 450 341 392 355 
173 145 456 129 355 460 377 168 93 307 241 475 204 409 444 332 0 375 96 81 386 405 107 378 230 214 433 453 370 274 344 224 397 440 180 232 50 346 108 168 145 121 360 119 482 475 269 69 349 72 
101 235 427 158 319 156 78 251 109 398 231 159 329 127 98 459 309 0 98 60 123 217 155 402 283 224 139 257 200 159 313 429 210 498 355 74 72 217 310 273 483 414 211 142 242 288 397 407 304 202 
417 133 369 71 485 358 453 331 114 359 440 133 287 356 130 141 136 152 0 64 396 132 498 310 293 346 51 287 242 409 297 394 81 137 469 103 121 326 55 158 147 364 97 230 357 403 67 448 490 376 
218 141 214 215 401 213 267 159 207 216 67 454 109 98 90 285 358 369 317 0 119 477 170 189 281 351 496 183 124 443 379 206 368 471 371 289 127 83 56 236 240 222 460 401 488 58 441 479 122 65 
296 192 249 416 331 480 473 327 162 96 476 248 253 343 425 330 339 51 119 345 0 238 310 273 197 417 467 412 357 446 241 129 241 383 328 156 420 307 336 246 175 382 429 373 341 478 53 170 316 55 
240 367 450 256 139 353 172 106 265 235 51 212 314 449 94 141 311 464 154 146 417 0 280 235 101 359 75 78 363 403 345 124 349 418 73 311 57 376 433 320 347 374 77 58 188 476 309 486 286 480 
347 139 396 126 324 203 191 105 231 53 214 282 334 62 200 113 323 207 196 462 233 249 0 336 260 258 230 442 273 422 434 459 268 72 354 100 102 56 242 158 445 452 78 226 286 298 376 105 327 289 
251 289 472 451 331 438 415 267 379 187 395 313 146 163 335 206 420 144 420 368 459 120 320 0 487 296 312 284 379 367 111 167 118 106 346 68 387 283 433 360 369 326 254 181 178 123 222 91 494 316 
461 361 274 80 387 468 82 198 251 411 272 312 285 96 368 337 321 461 326 460 320 194 285 281 0 81 170 354 254 211 103 276 378 415 257 164 57 224 196 413 181 314 184 200 305 437 274 141 257 442 
417 216 261 318 207 248 349 327 102 309 244 155 85 121 276 499 235 284 429 138 196 109 402 86 466 0 206 473 240 53 436 181 176 151 148 444 308 347 293 342 155 308 85 467 343 157 243 97 98 233 
476 186 135 292 294 171 257 206 350 203 209 285 90 92 142 396 486 400 242 485 448 103 293 484 69 342 0 347 469 390 395 201 121 81 493 119 325 370 83 238 219 236 397 210 484 195 302 379 181 409 
327 372 356 380 164 339 155 213 185 331 309 287 482 136 318 231 206 349 100 239 86 270 181 190 186 164 335 0 439 249 222 347 75 94 202 161 415 248 474 334 139 304 142 376 492 229 193 222 385 249 
273 330 492 249 217 388 385 332 430 323 287 358 376 313 158 285 180 73 483 153 113 121 163 206 448 155 141 347 0 83 232 302 306 61 50 261 228 144 146 266 73 175 53 382 51 72 246 286 409 476 
475 62 89 302 382 245 456 487 92 59 70 274 311 82 492 67 294 426 162 146 399 185 271 158 273 479 180 470 471 0 295 445 445 63 484 454 396 435 409 382 233 418 158 213 229 398 204 246 398 337 
114 494 235 250 471 343 229 450 229 405 176 474 106 328 488 296 281 383 231 189 471 170 107 336 334 493 440 488 445 337 0 80 59 330 265 466 56 107 401 212 493 306 339 467 362 373 210 157 153 299 
94 499 476 215 105 311 255 304 457 449 456 293 480 221 329 244 186 336 58 86 498 50 98 92 223 410 415 139 274 67 388 0 74 66 364 446 328 381 200 339 338 149 294 337 128 465 166 78 357 452 
86 149 205 294 198 248 467 314 162 106 87 387 200 319 159 63 264 437 151 415 482 195 63 275 482 348 446 147 376 302 305 413 0 402 461 413 306 415 379 119 76 191 364 169 342 182 278 111 396 422 
419 66 403 113 79 385 95 133 330 399 460 339 204 128 447 371 491 252 285 125 77 67 474 147 394 71 279 171 339 382 92 258 398 0 202 77 184 86 122 267 122 228 433 411 138 60 357 459 257 315 
450 333 343 223 62 440 116 83 426 445 372 307 243 336 411 395 364 301 431 192 68 53 370 451 170 458 218 478 172 425 499 328 464 341 0 258 476 488 80 265 413 475 137 426 218 179 336 319 493 137 
457 185 362 216 54 68 336 219 236 69 341 368 68 376 87 115 133 63 102 370 485 465 345 328 390 269 458 226 87 450 69 494 134 381 209 0 346 155 252 64 98 271 111 416 496 437 453 111 276 222 
163 146 414 128 197 241 224 172 198 156 209 148 175 410 439 262 325 284 368 76 54 416 54 116 87 500 259 246 110 242 175 431 94 88 58 448 0 279 439 119 428 95 485 282 220 394 220 189 426 211 
263 208 215 385 212 488 422 419 247 374 235 195 499 165 239 86 380 186 72 319 255 206 364 239 438 290 340 364 429 472 281 398 179 447 282 98 434 0 410 467 387 284 201 81 489 317 270 282 403 162 
304 221 123 460 84 313 153 325 359 223 460 330 455 358 459 157 139 56 297 256 229 184 490 381 422 478 404 399 466 306 60 269 234 134 435 268 153 294 0 299 462 468 259 498 178 323 212 285 168 426 
81 374 154 422 363 241 344 97 351 242 62 364 459 489 97 92 179 71 402 424 321 363 147 286 116 275 108 279 266 226 411 53 100 64 426 169 463 476 423 0 69 217 192 383 175 387 186 425 65 208 
326 439 479 396 292 264 218 273 78 447 489 461 113 493 267 128 174 143 297 149 65 316 316 414 406 197 300 91 328 316 249 154 461 434 256 460 404 424 232 432 0 127 221 149 190 420 366 475 93 459 
478 192 231 294 214 144 406 117 151 447 396 173 196 256 340 129 462 299 240 141 482 171 218 409 270 115 328 343 89 127 57 67 476 238 67 189 89 423 256 190 369 0 358 69 271 113 359 107 281 158 
297 373 139 174 297 254 151 362 288 200 402 365 207 175 340 396 192 235 435 321 197 331 189 55 350 167 325 208 224 106 72 227 185 368 107 432 121 208 294 359 358 402 0 430 65 76 476 167 425 417 
308 245 114 345 140 326 401 257 357 315 187 413 338 120 304 205 178 443 484 92 443 98 157 344 235 379 126 210 252 257 334 59 452 398 110 298 430 461 262 286 275 399 406 0 319 226 209 475 110 151 
214 152 93 262 466 143 447 100 426 364 302 182 197 67 340 301 127 138 230 87 350 222 69 455 127 338 387 494 312 447 351 232 306 151 445 271 451 147 78 377 461 330 58 364 0 348 105 164 181 193 
100 219 249 273 238 410 106 282 297 99 301 243 157 483 255 258 427 233 208 281 261 291 241 90 56 105 144 111 426 276 461 477 201 209 249 145 325 305 377 121 111 177 71 218 367 0 483 182 293 215 
340 73 426 338 472 223 344 283 73 405 208 55 365 184 413 280 139 57 104 151 141 383 212 475 160 136 341 142 268 341 64 314 120 196 151 298 369 445 80 149 349 446 154 420 336 67 0 406 182 281 
217 283 128 99 201 310 416 287 357 264 261 404 278 74 231 425 176 479 500 327 266 355 383 418 460 302 253 233 208 385 220 375 374 55 180 281 71 302 67 378 65 278 489 50 59 219 181 0 185 404 
387 218 376 242 100 293 408 353 253 347 267 344 66 348 218 278 478 449 299 486 223 384 257 207 372 257 216 90 144 107 200 482 276 76 430 82 75 337 385 278 183 358 122 406 205 497 184 389 0 201 
189 374 130 72 131 495 394 94 417 190 189 231 97 377 213 123 62 245 355 349 130 133 238 194 412 143 350 164 484 238 71 173 319 359 402 400 353 296 200 269 192 95 206 239 422 369 68 434 114 0 

999.57 0 34
999.57 1 47
999.57 2 39
999.57 3 18
999.57 4 36
999.57 5 45
999.57 6 18
999.57 7 37
999.57 8 29
999.57 9 15
999.57 10 6
999.57 11 41
999.57 12 25
999.57 13 29
999.57 14 26
999.57 15 24
999.57 16 15
999.57 17 27
999.57 18 42
999.57 19 24
999.57 20 36
999.57 21 7
999.57 22 4
999.57 23 39
999.57 24 25
999.57 25 35
999.57 26 5
999.57 27 32
999.57 28 12
999.57 29 37
999.57 30 9
999.57 31 2
999.57 32 35
999.57 33 48
999.57 34 20
999.57 35 28
999.57 36 44
999.57 37 43
999.57 38 21
999.57 39 30
999.57 40 9
999.57 41 32
999.57 42 27
999.57 43 40
999.57 44 13
999.57 45 4
999.57 46 20
999.57 47 28
999.57 48 36
999.57 49 14

