50 50 4

0 442 412 422 137 254 191 328 207 414 68 117 414 426 433 96 476 338 466 52 156 353 347 216 450 310 169 141 400 64 122 475 456 484 152 299 444 293 126 150 206 144 217 120 277 356 373 252 194 95 
255 0 300 398 101 222 347 117 341 439 467 355 60 197 66 251 300 316 401 92 392 258 456 487 181 282 470 488 361 221 181 406 182 187 60 440 359 357 56 406 51 230 468 269 377 484 226 383 55 333 
426 398 0 90 137 140 429 369 109 416 229 487 303 135 169 196 352 108 261 415 115 373 417 295 340 392 378 80 324 261 85 156 393 189 404 480 486 88 348 301 210 283 288 219 368 407 365 426 221 332 
341 286 204 0 464 287 495 355 372 281 385 132 72 247 231 419 150 210 404 188 264 205 104 497 199 273 121 105 137 497 276 419 337 269 330 300 262 80 361 133 311 245 422 89 199 152 458 299 68 362 
194 489 273 248 0 486 178 472 313 233 315 65 215 441 109 190 270 115 403 300 427 242 317 378 371 356 76 473 314 82 248 382 433 236 361 387 428 489 358 240 221 380 256 142 320 315 490 296 136 148 
95 269 340 362 147 0 210 217 380 390 237 168 137 118 307 323 429 194 251 417 51 197 344 137 159 193 163 180 182 409 267 280 454 486 326 71 339 243 446 426 339 182 93 426 251 351 455 179 495 412 
303 252 316 146 96 425 0 289 209 105 177 118 322 407 71 63 440 300 353 182 245 278 471 377 77 152 127 378 313 464 128 432 266 87 247 118 133 378 114 292 433 241 360 461 355 138 231 294 144 83 
426 339 67 152 215 94 461 0 500 423 273 219 257 204 191 294 157 259 133 486 323 376 174 271 442 342 125 286 72 369 380 105 50 218 122 359 140 166 319 346 295 298 64 259 453 205 259 316 170 343 
301 444 218 182 214 366 474 496 0 152 496 364 482 307 364 407 135 429 497 458 247 98 253 495 112 218 203 267 427 470 387 269 477 86 193 158 457 59 131 452 368 333 315 105 139 385 218 224 313 421 
182 266 469 141 261 80 309 414 53 0 442 139 391 211 116 183 110 431 347 326 269 298 193 101 320 456 191 411 173 121 431 94 460 196 62 100 163 93 115 284 96 57 373 193 425 195 83 485 126 380 
311 345 177 210 152 203 165 500 114 289 0 121 251 89 80 397 101 338 267 351 159 50 398 166 129 297 297 275 86 282 107 416 92 158 300 459 260 453 124 467 273 119 87 474 158 324 127 209 368 344 
267 478 344 371 350 179 167 147 160 411 135 0 217 326 177 81 125 342 499 285 416 465 264 241 258 238 349 288 71 265 156 365 482 340 415 352 396 93 225 249 204 135 334 127 168 217 366 450 59 364 
441 181 328 205 373 292 393 221 79 170 192 392 0 485 380 231 155 438 334 198 163 82 108 455 367 393 329 290 258 279 299 121 219 431 155 374 59 397 473 230 182 142 129 74 333 459 462 438 397 295 
343 266 84 401 427 157 500 256 397 257 485 403 328 0 410 89 189 491 98 292 219 485 425 68 113 449 351 279 166 496 175 168 338 147 202 445 73 309 201 279 412 408 470 314 443 136 109 131 126 157 
374 51 142 54 69 412 209 127 190 325 329 71 443 373 0 168 144 73 399 159 224 177 278 339 354 298 281 440 358 118 272 221 442 273 69 202 500 432 361 333 328 186 368 350 335 240 224 430 470 122 
295 194 457 72 239 310 321 470 456 385 87 227 105 236 206 0 125 388 412 56 456 451 90 141 74 146 182 264 321 318 441 149 113 341 105 342 79 121 369 499 283 253 292 216 309 478 373 384 122 491 
146 77 198 186 375 222 283 56 193 103 325 133 409 388 180 221 0 436 209 292 305 414 75 57 205 241 316 183 320 199 255 67 51 489 422 188 363 143 421 369 493 230 193 125 138 287 255 309 430 170 
308 234 83 89 241 239 487 264 128 63 169 89 80 171 77 208 309 0 146 301 436 465 294 165 365 125 460 358 87 476 287 207 283 471 448 78 419 186 64 182 471 284 57 266 70 178 500 228 193 145 
480 128 316 480 450 180 104 410 245 348 385 482 55 374 209 453 158 127 0 345 379 466 71 163 473 287 183 358 286 118 50 381 97 336 196 283 285 83 93 401 278 392 492 466 153 365 174 312 473 458 
363 108 423 384 221 152 377 110 216 162 178 216 249 432 258 151 214 494 391 0 465 150 375 356 142 341 459 213 221 477 393 179 339 451 308 222 171 410 98 438 125 417 116 499 372 254 463 473 175 212 
120 139 313 445 445 405 285 159 117 457 342 216 135 180 166 149 352 287 266 156 0 225 97 72 498 95 394 251 265 122 376 427 192 465 239 137 165 350 128 481 174 84 322 340 376 208 457 476 59 450 
448 372 381 495 150 134 297 494 336 61 323 418 438 465 383 384 308 254 440 387 442 0 113 177 470 160 53 178 323 235 394 272 182 266 360 383 366 444 179 116 279 190 389 404 335 109 493 218 368 246 
157 461 394 428 137 364 87 347 248 360 288 141 338 176 113 197 59 430 348 188 252 333 0 85 140 236 370 406 228 294 273 181 401 233 74 84 77 144 328 374 98 394 162 397 232 288 460 135 53 145 
433 192 347 473 227 193 208 303 99 387 96 78 274 203 469 54 238 496 356 272 125 404 166 0 237 300 104 232 467 189 235 111 329 133 165 57 66 64 215 319 113 308 121 349 81 275 73 293 219 68 
148 441 350 258 313 294 58 367 476 231 263 417 499 298 257 163 305 480 178 470 55 448 485 126 0 52 272 107 75 64 276 300 162 424 150 371 236 394 135 310 125 316 72 492 70 320 455 184 124 435 
68 300 440 222 284 272 432 56 330 457 277 312 257 390 235 357 467 178 457 101 438 81 123 216 279 0 143 486 234 484 316 375 258 322 70 431 106 292 118 319 328 74 95 140 488 191 81 100 157 416 
56 415 109 87 244 275 317 94 467 257 77 489 338 493 311 358 179 123 356 247 392 184 271 193 274 259 0 335 61 309 198 428 72 320 487 109 63 469 132 314 435 95 342 424 139 334 234 203 463 307 
59 209 405 193 186 304 173 151 138 391 167 494 318 189 69 61 455 289 480 294 103 170 95 151 93 185 435 0 484 338 153 497 103 68 401 453 411 205 332 62 500 223 386 249 247 281 268 258 235 264 
237 235 317 358 488 418 157 379 108 348 423 418 344 477 436 452 429 102 363 468 321 118 190 206 318 387 437 292 0 352 379 55 295 113 322 359 307 446 467 185 53 314 108 421 364 84 112 315 219 165 
177 186 436 246 82 142 270 176 285 61 478 163 274 272 434 302 131 240 248 304 376 251 117 434 379 187 224 441 453 0 393 312 336 286 248 81 318 96 57 444 331 276 421 201 500 400 134 301 237 324 
255 491 406 213 314 95 91 451 269 482 403 162 294 239 398 248 477 422 50 241 366 331 467 493 238 466 148 322 473 335 0 353 435 325 465 147 138 60 188 89 279 376 198 391 376 143 495 123 120 173 
330 311 245 161 484 444 105 205 92 378 177 133 437 318 409 401 415 253 411 102 499 190 185 197 287 60 290 489 341 116 161 0 170 133 356 488 116 299 93 271 97 177 155 181 113 423 296 464 338 499 
131 146 254 478 281 401 471 292 397 459 132 220 326 252 303 388 447 126 394 490 347 441 166 452 328 229 131 123 399 419 329 236 0 64 82 213 296 189 391 294 292 349 132 462 382 90 472 269 487 97 
369 476 150 310 141 102 344 76 390 418 182 308 453 368 78 241 288 80 380 178 324 378 233 406 96 321 447 67 90 433 321 409 165 0 421 425 256 229 476 490 118 149 171 376 101 245 161 292 239 191 
378 123 466 462 307 127 57 127 73 74 374 213 345 490 328 266 170 290 201 145 279 270 244 156 352 51 108 463 500 297 154 133 127 326 0 95 384 403 102 217 427 127 298 139 178 287 173 150 163 413 
302 259 399 71 209 54 129 211 319 92 417 323 196 50 400 472 95 490 374 147 206 56 431 210 352 109 203 475 416 317 144 217 282 493 445 0 441 253 74 358 72 116 275 345 469 482 244 196 76 233 
276 380 145 283 311 306 341 126 459 316 492 482 166 209 263 158 360 411 361 140 268 383 206 249 434 381 230 177 76 463 116 303 343 212 292 153 0 224 132 229 182 154 220 164 270 135 133 378 202 494 
446 292 469 84 205 217 469 292 154 352 319 323 175 328 165 337 326 475 267 408 203 155 62 130 476 489 422 109 123 330 102 68 122 277 309 484 201 0 277 275 305 336 300 334 461 127 450 53 403 424 
270 67 334 131 286 170 107 274 298 373 103 128 181 121 407 409 137 390 109 120 164 120 406 415 404 122 248 109 125 358 484 101 375 73 390 160 400 447 0 140 197 319 194 482 450 472 388 114 108 484 
173 179 355 243 291 476 354 364 223 413 195 287 152 454 161 382 343 478 281 496 118 185 70 469 373 226 440 261 291 499 451 414 384 305 364 174 487 424 244 0 417 336 390 203 195 343 71 76 392 499 
308 387 323 199 407 291 71 132 438 489 373 192 440 494 75 451 113 406 438 487 150 354 78 490 56 223 88 284 250 186 283 264 72 312 413 185 310 190 474 247 0 179 103 145 325 96 377 275 366 282 
419 108 138 272 136 334 486 310 372 269 59 264 258 480 493 70 392 177 86 81 151 490 417 411 134 241 213 461 223 78 449 141 136 87 120 222 371 105 238 450 80 0 454 213 496 433 206 272 80 333 
308 319 190 297 235 307 137 183 470 97 356 498 496 447 340 82 66 269 160 328 457 109 115 411 272 110 99 428 332 130 468 346 399 364 349 340 171 436 473 140 483 328 0 345 234 482 184 474 498 159 
133 82 116 192 147 233 414 414 282 98 452 362 272 297 467 135 145 307 256 80 279 103 269 314 154 453 295 495 182 292 154 265 80 220 163 177 403 284 297 391 332 248 253 0 103 495 219 395 346 232 
358 376 462 411 351 275 271 60 69 265 192 67 369 164 98 295 277 432 197 60 436 295 98 183 498 151 385 423 253 230 155 110 106 323 471 163 304 241 173 79 212 316 96 81 0 186 351 326 413 490 
230 180 425 475 228 107 228 86 198 357 289 379 218 105 191 491 75 304 50 473 428 79 391 450 333 422 135 183 248 254 379 184 384 303 158 319 117 92 111 265 399 106 143 117 161 0 491 314 393 295 
315 121 222 100 462 378 383 384 463 273 338 216 151 472 307 161 336 332 435 378 393 199 276 449 500 99 316 246 120 208 491 141 279 419 191 447 296 74 86 465 53 374 388 154 101 194 0 265 387 476 
406 264 124 105 247 279 311 296 94 56 366 459 254 457 237 172 355 390 175 135 427 139 138 300 233 242 108 377 214 445 108 119 416 389 381 162 167 398 164 211 161 237 169 121 400 112 450 0 254 453 
124 339 135 421 427 141 153 376 199 237 296 144 51 121 59 391 209 378 57 106 492 426 424 228 301 495 335 364 445 88 72 275 134 157 195 267 248 55 349 398 449 144 248 450 423 464 96 131 0 341 
104 187 332 236 318 267 487 68 308 106 463 346 128 445 186 442 139 404 397 351 459 50 299 103 248 456 232 418 51 313 258 312 206 296 498 474 62 485 493 320 297 211 373 376 155 265 73 452 375 0 

726.25 0 32
726.25 1 45
726.25 2 31
726.25 3 21
726.25 4 44
726.25 5 14
726.25 6 3
726.25 7 27
726.25 8 4
726.25 9 41
726.25 10 32
726.25 11 34
726.25 12 19
726.25 13 31
726.25 14 24
726.25 15 5
726.25 16 30
726.25 17 3
726.25 18 9
726.25 19 7
726.25 20 7
726.25 21 37
726.25 22 23
726.25 23 39
726.25 24 7
726.25 25 1
726.25 26 38
726.25 27 37
726.25 28 10
726.25 29 22
726.25 30 7
726.25 31 43
726.25 32 18
726.25 33 43
726.25 34 15
726.25 35 13
726.25 36 8
726.25 37 24
726.25 38 40
726.25 39 12
726.25 40 16
726.25 41 29
726.25 42 2
726.25 43 41
726.25 44 11
726.25 45 31
726.25 46 2
726.25 47 46
726.25 48 39
726.25 49 16

