50 50 4

0 450 105 154 500 118 238 493 475 291 216 242 177 81 55 249 494 329 156 143 273 467 391 329 435 80 479 291 55 63 418 156 463 473 261 218 90 205 210 271 446 377 463 330 408 225 78 157 53 391 
457 0 277 357 347 312 498 134 290 496 139 303 413 453 473 141 213 190 181 124 351 403 70 227 121 106 341 296 134 204 56 475 367 283 88 214 301 85 54 90 80 143 99 199 302 71 290 221 212 178 
296 269 0 287 72 202 358 128 493 361 419 403 367 149 269 356 187 189 156 430 193 403 460 494 208 366 295 437 155 467 355 283 469 123 69 491 275 134 325 474 445 243 376 67 342 144 129 480 491 235 
409 183 344 0 124 383 258 440 178 194 302 351 255 84 319 328 311 309 309 151 340 282 302 82 364 319 374 215 398 109 205 339 224 94 389 55 428 146 201 105 498 453 162 252 244 431 287 54 446 95 
362 285 84 163 0 73 154 432 397 319 85 213 230 374 387 275 262 148 202 114 300 464 111 252 125 314 446 262 307 206 414 352 67 198 142 387 221 247 318 324 65 109 487 246 433 130 227 401 228 379 
466 234 342 283 437 0 173 303 138 385 109 51 298 412 275 202 260 162 129 457 186 159 229 246 353 181 385 433 358 493 367 443 214 101 491 447 244 163 250 88 254 65 89 258 183 71 410 394 390 245 
106 75 354 285 478 206 0 172 363 345 480 111 419 178 275 470 168 221 420 281 177 458 485 193 254 242 326 482 358 426 371 102 483 152 163 267 337 319 390 406 164 125 467 82 254 241 258 128 168 384 
360 52 97 100 195 301 500 0 227 489 357 153 359 166 135 218 279 108 54 304 204 410 418 487 376 206 447 323 170 74 441 260 384 443 308 191 344 108 190 278 304 497 137 369 369 429 86 147 487 90 
402 398 206 75 384 288 439 86 0 110 315 110 258 75 201 407 333 342 458 147 482 235 401 234 78 270 103 457 306 407 199 103 64 96 466 90 186 254 235 222 70 500 490 278 74 190 185 113 482 142 
211 219 83 111 159 111 87 419 67 0 100 326 423 360 340 470 325 136 362 285 321 291 306 77 280 83 308 420 425 372 157 66 82 82 306 350 191 367 144 110 140 194 142 63 53 188 483 84 275 100 
320 302 341 332 329 327 365 344 246 497 0 215 109 62 454 141 319 303 490 392 153 99 483 297 398 496 56 85 234 298 66 491 324 75 332 155 354 158 226 404 111 222 118 377 442 71 469 467 81 458 
358 184 263 96 188 160 91 194 402 482 198 0 419 473 472 444 60 126 53 168 59 408 436 231 232 313 172 254 488 138 285 201 203 175 170 249 313 487 291 214 388 479 362 62 451 90 212 461 373 216 
336 382 330 478 113 61 497 442 472 484 287 463 0 391 440 138 267 188 401 253 185 114 348 164 183 360 321 223 72 282 95 445 117 184 481 301 247 248 298 395 220 488 181 182 379 120 477 352 466 378 
105 150 198 403 471 331 469 292 260 247 73 62 398 0 347 196 378 147 393 333 395 287 52 139 175 391 224 245 368 75 210 452 130 67 149 239 488 187 208 279 397 405 58 165 59 111 311 387 209 203 
219 310 197 428 399 322 75 122 273 393 148 190 100 435 0 207 199 174 194 92 88 180 196 199 188 311 208 250 122 302 165 482 227 181 385 155 80 413 180 359 186 279 213 326 329 148 483 234 479 383 
277 273 62 179 178 408 440 93 364 61 345 479 250 71 366 0 134 383 396 498 269 462 390 498 174 422 82 479 160 267 213 493 250 192 262 379 321 169 318 364 239 86 415 424 493 192 289 126 75 185 
330 294 353 426 499 233 347 80 212 457 53 131 206 253 274 418 0 131 301 293 156 371 482 399 285 405 391 427 193 223 208 84 260 209 387 185 207 327 483 444 489 195 448 326 351 200 306 268 489 106 
60 351 427 248 249 418 152 346 101 52 68 259 293 278 418 387 414 0 331 213 152 275 408 53 222 233 355 128 490 329 116 302 96 417 436 294 372 353 153 217 404 155 236 370 154 220 494 491 340 81 
203 198 306 110 202 234 50 56 312 246 335 135 498 137 51 433 382 130 0 493 485 297 152 346 239 472 450 410 222 441 249 253 350 398 265 167 306 449 167 312 467 363 353 101 116 441 310 256 78 390 
248 269 186 350 321 376 78 477 492 250 173 447 453 474 344 217 140 356 372 0 464 167 338 326 227 390 148 374 199 354 402 295 101 377 187 158 197 269 186 173 260 386 297 207 94 477 257 468 116 113 
339 79 437 383 111 163 272 209 243 177 63 351 422 321 227 109 429 374 328 114 0 254 295 206 257 452 457 233 415 424 55 234 469 291 171 352 352 491 330 267 234 458 487 84 135 308 469 401 443 342 
436 264 302 230 176 58 388 133 241 302 263 246 487 439 243 364 497 94 354 326 68 0 294 490 54 85 125 68 53 232 462 101 167 432 354 347 107 362 234 397 310 243 160 262 229 305 456 299 301 256 
359 333 274 153 323 486 188 154 53 398 336 221 449 454 359 58 56 417 371 241 313 387 0 434 179 355 369 190 310 374 441 273 232 274 253 335 303 445 229 407 449 126 449 376 282 158 235 290 165 358 
367 112 170 460 496 56 315 120 196 331 444 344 103 175 324 63 217 126 458 396 239 162 229 0 394 489 217 52 430 457 167 287 80 229 163 490 431 376 60 257 279 342 200 122 395 81 396 164 455 228 
122 107 417 234 286 310 429 209 68 114 372 185 107 402 120 428 148 257 303 158 464 81 450 370 0 360 101 158 255 215 112 433 494 169 105 228 161 122 363 320 140 428 192 483 485 300 309 412 398 66 
422 263 236 453 212 313 69 470 421 274 392 483 414 385 359 225 319 470 297 182 290 144 109 188 333 0 93 438 141 456 92 364 377 305 307 85 223 119 104 193 246 85 291 228 205 175 293 380 445 263 
384 126 259 234 185 397 66 435 334 364 146 132 435 229 387 241 265 110 66 75 460 262 317 250 196 472 0 131 440 108 282 202 442 114 411 175 456 63 398 391 103 261 487 186 402 423 279 349 394 339 
365 419 54 333 443 461 480 414 299 419 472 80 327 169 145 444 294 100 457 398 197 266 366 391 402 267 313 0 181 116 206 226 431 331 231 471 273 398 450 394 196 124 365 227 401 485 78 100 485 335 
56 139 483 272 455 373 381 221 185 268 287 97 444 425 378 381 395 358 279 100 251 181 174 322 114 74 62 142 0 331 254 428 337 343 166 315 297 489 402 468 380 169 462 427 113 142 60 200 243 124 
185 293 325 317 173 354 137 404 366 437 234 119 120 277 168 236 91 415 431 200 139 310 319 307 443 138 155 209 289 0 348 284 424 347 315 447 470 168 84 129 241 471 313 66 90 89 185 483 337 306 
413 487 395 222 62 201 371 150 306 286 145 360 69 276 413 91 222 138 416 463 217 156 189 480 173 229 275 64 211 112 0 320 123 305 215 51 73 122 128 381 135 365 476 201 384 251 114 181 180 202 
97 349 370 410 489 105 289 424 87 303 135 356 123 415 367 495 173 391 323 251 271 408 115 453 109 206 411 380 93 90 81 0 140 145 157 50 133 420 289 57 457 299 349 312 372 263 178 122 142 275 
395 344 496 303 165 449 118 77 115 448 121 155 235 418 250 99 174 90 225 170 97 388 419 396 406 497 365 290 118 214 65 219 0 264 267 228 135 422 296 163 487 450 441 348 392 358 305 197 239 345 
372 359 148 259 484 250 164 480 114 404 304 485 175 473 248 393 408 334 314 203 203 301 360 143 148 458 207 403 154 396 247 232 254 0 101 197 444 301 67 423 122 177 433 106 303 162 305 402 69 345 
215 429 498 222 495 347 321 452 53 430 312 400 384 250 360 435 397 304 236 170 433 308 54 366 120 63 478 375 415 253 426 336 181 423 0 58 176 269 85 334 273 465 146 379 104 102 445 246 450 248 
432 326 388 446 330 253 65 343 437 147 464 396 72 300 76 202 308 202 421 343 243 400 63 339 485 325 391 430 70 96 384 208 129 271 153 0 409 230 375 459 373 472 422 268 251 221 295 403 235 203 
323 284 396 430 54 441 414 329 88 99 105 134 434 263 213 204 122 329 385 447 494 464 175 171 232 376 99 233 485 284 386 63 68 489 443 72 0 429 113 107 223 162 162 308 95 375 227 457 203 262 
97 149 462 60 481 133 242 112 182 425 96 172 67 110 190 262 52 419 397 322 476 120 435 344 134 480 425 311 192 127 280 239 434 241 250 414 80 0 198 233 419 330 279 91 103 339 231 315 98 357 
418 370 88 488 60 383 328 247 63 346 389 141 125 128 74 72 84 194 103 439 133 228 475 363 269 77 408 207 98 212 63 223 289 101 417 299 190 245 0 252 204 90 141 51 165 426 282 394 216 182 
203 361 266 382 336 335 150 119 449 307 375 161 76 97 156 335 464 161 475 208 364 385 248 211 386 119 343 374 464 265 56 373 125 272 254 411 313 355 237 0 261 368 111 372 395 158 234 229 328 346 
410 243 416 51 441 126 143 267 175 468 437 390 230 309 465 452 270 132 264 331 319 231 198 136 310 299 244 494 234 278 95 351 471 461 352 168 293 201 385 174 0 168 77 63 348 336 235 55 312 317 
476 142 342 414 291 428 223 296 378 216 481 155 469 331 126 185 182 244 185 89 335 309 208 362 323 262 404 57 475 216 80 206 64 372 119 305 299 499 308 383 215 0 288 488 390 118 320 74 457 270 
209 496 104 469 410 172 498 379 283 261 109 205 291 472 219 369 91 231 374 89 489 256 461 483 243 350 100 63 375 263 283 290 258 94 258 375 423 255 460 205 466 68 0 116 463 490 493 331 287 223 
411 83 418 166 250 400 116 307 206 129 388 419 118 177 383 369 142 464 292 347 423 203 69 441 477 238 187 469 276 180 398 186 420 315 303 170 214 369 183 126 204 70 495 0 479 197 377 348 496 97 
346 99 470 255 118 167 231 62 304 406 288 190 303 425 110 117 227 437 488 302 119 113 456 139 314 190 493 398 244 245 445 89 294 414 51 118 80 439 130 90 345 369 231 147 0 500 498 422 226 434 
409 234 259 229 396 348 493 85 96 390 280 291 334 75 291 248 76 359 485 222 440 75 66 308 463 163 307 460 84 239 149 200 179 358 379 74 412 371 109 214 468 95 212 301 121 0 453 255 354 312 
240 75 251 472 298 265 190 412 278 149 202 223 455 108 352 312 437 132 223 64 398 143 482 444 305 489 271 258 244 331 69 190 357 477 368 361 241 57 272 469 363 181 398 317 239 249 0 128 383 331 
57 153 228 150 134 378 406 329 148 370 279 186 145 419 493 121 493 353 68 500 332 243 362 219 140 385 164 339 463 253 376 226 356 310 83 196 395 195 476 493 64 254 178 159 380 377 437 0 372 437 
455 128 475 197 196 400 287 81 63 332 250 474 414 427 329 223 216 232 117 361 414 317 131 167 201 240 253 285 383 332 428 337 410 402 484 312 57 477 343 277 308 300 250 221 433 286 394 148 0 468 
218 459 381 241 89 254 392 486 214 383 368 496 310 411 161 418 394 179 425 370 229 202 384 479 402 104 411 187 204 265 361 128 223 448 319 469 409 418 210 122 300 284 324 110 194 191 234 294 76 0 

741.25 0 47
741.25 1 39
741.25 2 19
741.25 3 46
741.25 4 27
741.25 5 46
741.25 6 46
741.25 7 35
741.25 8 33
741.25 9 40
741.25 10 19
741.25 11 41
741.25 12 14
741.25 13 21
741.25 14 16
741.25 15 9
741.25 16 28
741.25 17 33
741.25 18 35
741.25 19 12
741.25 20 47
741.25 21 4
741.25 22 31
741.25 23 39
741.25 24 26
741.25 25 20
741.25 26 12
741.25 27 10
741.25 28 17
741.25 29 31
741.25 30 2
741.25 31 20
741.25 32 21
741.25 33 22
741.25 34 17
741.25 35 4
741.25 36 24
741.25 37 20
741.25 38 39
741.25 39 9
741.25 40 11
741.25 41 10
741.25 42 1
741.25 43 25
741.25 44 36
741.25 45 18
741.25 46 39
741.25 47 20
741.25 48 7
741.25 49 25

