50 50 4

0 157 454 249 95 299 150 394 491 349 218 192 377 373 392 286 118 318 175 353 480 488 202 155 404 282 429 203 388 457 296 449 113 457 404 365 462 260 465 208 108 182 350 435 261 448 221 329 473 102 
388 0 452 89 90 106 443 78 486 353 172 442 355 120 261 311 231 332 272 441 53 431 500 185 487 190 153 435 361 188 407 413 76 114 208 323 171 358 351 363 210 474 60 64 300 478 82 481 65 60 
422 68 0 441 177 411 184 317 63 325 385 201 438 53 434 51 212 256 379 276 314 448 436 494 458 206 293 191 238 481 414 456 158 432 396 285 98 286 308 111 317 192 470 254 403 403 463 114 366 97 
340 386 496 0 482 379 209 394 378 107 339 114 471 294 222 402 396 213 451 182 228 268 449 370 237 410 272 347 128 92 419 175 138 60 377 326 145 86 427 229 143 265 294 113 58 222 221 160 142 378 
499 320 353 448 0 189 89 113 168 142 191 417 267 316 262 277 400 294 372 436 220 101 285 435 101 104 199 273 275 310 365 360 308 184 212 462 80 458 281 405 307 178 77 73 201 496 57 100 290 135 
486 216 393 477 358 0 444 80 56 424 61 72 495 371 87 386 82 255 416 247 243 76 53 371 310 76 71 306 290 121 302 376 313 468 268 289 325 212 319 88 342 331 110 336 408 354 221 197 316 343 
394 58 369 397 379 179 0 179 401 191 420 472 443 51 285 410 269 73 442 187 99 480 479 380 296 315 287 150 242 190 416 85 83 180 160 430 58 496 316 409 186 442 137 335 443 128 452 211 358 393 
105 407 372 83 493 167 104 0 487 474 297 176 145 88 210 275 198 346 491 194 368 399 86 309 242 372 251 320 323 169 385 422 431 291 293 220 284 166 275 477 347 278 152 198 72 68 180 220 121 170 
120 439 275 364 248 224 442 205 0 494 471 80 378 392 461 376 391 388 366 263 162 342 109 146 200 465 375 426 144 94 497 471 372 191 452 442 389 175 383 301 376 353 87 460 451 255 335 341 142 407 
310 461 455 370 313 155 90 187 287 0 391 438 283 361 309 180 312 457 69 438 339 76 313 398 320 272 348 74 314 395 166 220 205 333 175 281 145 487 321 282 480 418 220 469 278 235 148 296 192 374 
440 237 400 252 135 220 231 189 451 251 0 291 324 177 446 156 58 433 252 495 460 484 230 377 410 198 361 145 297 156 494 170 96 230 277 54 71 203 442 418 153 192 208 427 320 360 83 328 292 492 
79 458 231 259 334 141 164 194 443 411 56 0 192 287 102 372 270 314 150 423 255 67 283 154 432 416 180 291 205 458 289 196 243 246 378 209 286 225 323 186 374 440 192 65 433 245 143 203 58 243 
332 470 467 321 123 154 237 253 395 392 418 390 0 88 367 342 172 282 334 103 104 470 183 250 162 198 390 357 291 299 121 241 130 297 414 402 371 68 138 330 169 236 454 59 274 321 107 152 102 392 
412 364 361 94 320 473 242 209 85 240 458 363 187 0 295 160 100 196 237 118 491 273 238 226 227 454 207 254 60 65 62 402 184 376 470 228 403 442 177 111 234 367 276 303 260 70 169 310 423 356 
379 169 336 116 101 62 276 465 473 286 481 485 395 164 0 117 364 98 470 61 225 287 452 298 269 255 57 289 374 74 418 437 403 293 272 225 345 491 451 309 463 443 496 447 337 366 270 200 415 446 
419 346 233 370 351 208 124 358 448 205 382 121 141 491 365 0 363 422 416 353 128 224 315 71 427 468 358 499 445 265 413 390 183 466 329 259 316 488 90 380 191 245 469 262 336 459 333 405 137 248 
257 215 179 278 236 105 452 301 103 396 65 223 493 405 395 77 0 370 210 271 410 296 412 154 264 381 196 430 213 100 66 168 63 438 297 291 174 108 450 425 161 101 196 90 300 100 435 328 420 351 
98 86 147 217 190 117 97 93 497 467 143 269 134 364 207 381 361 0 331 439 310 462 307 118 157 103 368 414 489 195 89 95 451 125 192 167 473 467 421 65 463 387 365 439 472 228 145 108 89 182 
254 349 350 60 417 213 320 492 126 308 393 372 110 343 448 459 460 176 0 425 380 191 388 474 262 82 445 441 384 259 236 65 463 291 121 229 415 284 256 406 116 63 298 438 330 141 141 289 307 267 
213 394 164 307 367 133 339 67 73 222 483 259 444 202 256 64 137 170 298 0 343 75 120 113 324 58 393 171 356 181 184 123 345 284 444 151 150 76 197 374 306 369 113 271 313 265 478 83 352 147 
88 195 173 158 465 203 373 357 80 229 489 214 58 89 205 208 190 61 235 337 0 386 247 413 205 469 432 420 202 465 478 299 52 379 178 368 343 87 240 407 117 419 395 489 183 434 193 342 330 204 
283 374 296 480 286 207 204 217 126 356 181 311 155 391 396 490 258 239 77 204 145 0 351 330 246 95 463 386 445 304 215 356 86 88 358 273 80 65 427 247 348 283 135 158 144 232 261 133 440 450 
367 350 301 218 179 253 470 142 138 415 152 303 477 189 98 334 168 128 349 94 326 404 0 327 167 268 421 349 479 261 495 428 127 344 435 295 230 187 472 322 482 386 424 285 362 319 89 402 437 167 
458 238 199 361 271 316 128 192 371 107 159 365 241 236 416 176 238 145 69 209 173 51 301 0 303 493 162 329 81 270 472 198 227 209 104 87 431 126 166 329 448 430 438 68 170 173 190 52 361 492 
279 276 164 280 76 174 479 395 453 59 165 424 414 342 133 224 136 270 301 252 98 248 388 486 0 473 57 365 163 267 433 154 496 208 476 482 235 149 460 129 101 225 451 231 345 293 314 69 379 290 
76 337 338 481 224 79 453 438 151 322 411 83 183 406 448 365 143 389 464 102 469 271 484 175 208 0 85 418 229 311 52 469 337 339 307 317 269 92 476 414 193 54 324 433 187 437 381 258 79 269 
221 339 444 198 78 119 356 113 243 84 374 246 53 417 291 66 440 267 315 172 387 459 176 417 391 69 0 353 478 277 139 247 204 428 397 352 456 466 414 276 416 205 356 161 415 273 158 187 212 375 
452 334 261 410 216 178 57 235 237 485 462 326 438 165 460 91 223 172 263 344 398 178 499 253 289 169 232 0 398 306 395 479 257 435 240 374 358 124 381 92 311 121 261 344 266 132 303 307 62 425 
69 356 78 198 110 489 193 229 220 297 485 321 276 448 463 222 321 320 296 408 362 313 236 329 156 452 412 410 0 258 424 90 484 486 119 181 95 107 81 481 484 328 221 305 310 168 267 482 196 86 
484 103 154 297 289 434 159 447 101 68 411 475 316 395 216 385 282 261 198 313 241 181 348 412 192 157 286 409 346 0 432 201 329 242 62 332 237 202 442 184 253 216 94 434 482 195 149 122 428 116 
477 447 307 158 50 425 56 158 417 172 210 105 323 245 297 91 77 240 243 225 374 202 147 175 342 336 320 441 164 454 0 56 141 157 69 456 157 200 462 265 324 133 181 379 163 377 175 204 160 365 
154 91 446 306 395 327 355 230 353 295 101 307 58 192 414 284 354 277 191 71 493 465 362 380 343 475 256 224 385 122 295 0 245 163 240 258 265 273 112 445 126 357 496 139 121 394 259 356 247 486 
497 476 234 217 337 114 59 311 76 233 402 149 478 147 469 425 355 233 197 417 385 273 480 136 118 308 481 327 163 434 313 366 0 409 497 82 452 110 298 469 137 481 371 443 214 224 167 138 78 107 
493 201 442 472 387 284 90 194 471 367 63 405 179 135 69 176 167 228 236 171 196 79 151 66 228 72 240 346 367 475 403 359 175 0 100 331 269 334 371 413 305 237 427 416 123 61 191 249 386 369 
191 56 272 428 365 288 155 143 235 451 460 209 109 319 91 159 356 310 200 433 429 211 376 355 333 449 123 474 404 215 99 95 428 321 0 473 499 315 127 141 500 285 308 416 100 333 457 417 188 473 
116 120 401 277 202 463 109 151 292 289 54 457 94 306 140 121 278 139 387 112 437 142 103 451 57 153 283 220 69 177 192 342 454 93 325 0 156 262 140 257 53 380 468 216 180 274 306 252 258 151 
138 320 295 437 129 245 445 233 235 164 459 362 307 301 316 106 125 178 74 216 141 77 302 108 450 432 88 462 390 297 320 234 116 114 171 403 0 65 115 342 250 436 300 319 242 307 341 54 383 469 
285 305 109 68 313 374 468 451 413 430 341 209 456 74 482 69 402 384 291 467 225 248 159 232 273 351 489 113 112 127 288 347 138 103 366 401 427 0 89 352 95 225 399 254 180 423 443 406 81 82 
197 254 465 151 363 403 374 421 391 437 483 225 431 85 313 484 157 214 166 404 272 212 128 170 172 466 299 114 371 330 354 274 84 74 375 397 427 455 0 317 317 147 55 492 77 298 61 60 161 225 
177 64 447 95 143 116 217 315 121 489 185 402 342 166 192 366 491 88 292 202 112 315 299 324 63 83 121 74 93 233 249 427 247 402 472 96 224 396 361 0 295 384 253 403 225 369 94 297 115 340 
295 267 402 109 273 225 122 306 53 353 105 236 308 483 189 209 210 443 139 105 59 385 195 262 494 370 130 88 373 403 134 167 169 242 227 148 173 55 404 176 0 359 460 118 166 198 465 82 114 407 
171 377 172 262 71 385 256 392 221 50 471 123 134 138 450 82 315 97 205 76 452 332 385 167 400 258 315 120 290 135 477 411 462 149 380 484 240 342 131 167 342 0 101 241 182 189 397 214 210 200 
125 237 358 407 328 475 63 85 496 133 81 131 317 199 92 172 78 282 362 370 363 479 418 415 426 306 103 78 226 264 229 301 207 86 208 485 268 428 277 263 267 64 0 100 83 213 143 412 448 375 
273 73 445 459 441 359 140 453 168 169 178 138 104 430 295 140 344 487 114 478 470 328 244 484 378 485 197 227 396 351 309 376 375 253 90 71 111 180 475 436 55 152 74 0 316 288 75 163 131 61 
227 108 237 54 59 221 139 494 124 316 145 425 331 471 55 83 60 77 351 398 51 287 159 153 67 426 392 92 88 229 311 265 495 254 477 260 425 322 253 255 137 348 387 175 0 75 392 208 292 419 
266 396 176 259 55 280 276 187 378 74 225 313 91 196 307 296 379 66 220 200 476 182 495 80 68 169 312 166 83 103 292 55 450 418 264 211 404 490 348 281 271 279 301 312 425 0 107 107 60 331 
485 417 62 166 167 299 391 286 110 56 76 164 54 81 320 423 296 481 326 492 328 314 262 106 114 281 237 378 338 454 415 322 371 184 438 488 433 84 481 494 298 263 364 302 294 390 0 224 296 370 
257 495 404 277 463 216 97 243 159 425 81 113 96 109 190 230 498 384 162 288 364 362 85 126 432 338 127 321 268 129 397 231 330 56 458 293 429 54 486 88 186 273 358 439 333 498 168 0 86 381 
487 324 452 105 116 284 487 160 117 64 378 197 167 316 233 174 273 476 102 485 218 347 377 441 204 315 273 408 189 309 289 175 340 447 437 406 230 180 65 54 194 149 408 67 415 140 191 395 0 116 
451 379 284 53 255 224 208 276 204 115 415 219 110 89 58 263 233 170 444 363 185 448 56 492 355 280 406 445 422 300 267 128 385 257 131 346 432 496 121 342 318 486 60 378 282 276 141 465 396 0 

1443 0 47
1443 1 5
1443 2 44
1443 3 33
1443 4 25
1443 5 34
1443 6 36
1443 7 28
1443 8 44
1443 9 5
1443 10 45
1443 11 28
1443 12 6
1443 13 21
1443 14 19
1443 15 35
1443 16 23
1443 17 44
1443 18 25
1443 19 2
1443 20 23
1443 21 38
1443 22 18
1443 23 12
1443 24 46
1443 25 42
1443 26 3
1443 27 38
1443 28 25
1443 29 47
1443 30 38
1443 31 28
1443 32 3
1443 33 38
1443 34 12
1443 35 28
1443 36 28
1443 37 48
1443 38 12
1443 39 24
1443 40 9
1443 41 9
1443 42 8
1443 43 20
1443 44 30
1443 45 27
1443 46 7
1443 47 9
1443 48 27
1443 49 37

