50 50 4

0 425 282 364 173 239 473 104 415 136 277 322 432 497 490 297 373 98 119 262 286 489 274 439 71 139 300 452 282 133 142 125 265 374 439 388 320 168 199 441 461 182 262 392 385 458 188 258 55 258 
470 0 499 453 243 437 230 88 443 388 320 283 480 396 498 109 90 141 379 415 290 319 376 179 287 474 63 244 162 271 457 126 447 455 285 396 147 465 435 89 108 461 78 87 112 75 146 360 374 232 
274 163 0 50 356 499 495 330 62 445 198 283 157 274 437 111 265 332 208 436 473 455 494 434 483 287 252 265 139 111 138 321 336 458 78 398 457 279 227 225 223 131 214 331 111 150 148 326 433 63 
261 405 468 0 461 94 206 247 297 177 93 358 472 364 400 186 148 298 349 377 231 73 100 313 237 137 374 338 235 407 477 248 167 137 215 335 182 128 81 185 462 124 249 434 195 356 326 293 360 174 
377 90 197 427 0 109 140 63 190 184 248 303 160 447 420 455 368 461 343 202 249 478 164 79 433 304 224 288 129 224 147 460 100 395 363 477 210 453 246 106 137 200 359 454 353 486 408 221 446 457 
129 194 190 450 224 0 123 253 154 361 88 328 215 254 378 109 116 110 476 69 62 82 363 213 391 316 65 132 431 443 78 387 72 222 77 472 152 357 432 257 217 226 291 138 431 376 404 497 436 380 
272 205 168 134 124 265 0 157 346 348 87 289 376 180 67 304 414 245 163 270 383 370 194 109 160 282 246 486 393 449 178 272 221 89 146 61 163 361 168 459 208 412 454 290 92 227 94 456 423 414 
226 305 283 370 120 149 358 0 72 342 250 228 226 228 155 472 324 166 134 185 285 299 99 196 460 96 445 186 347 401 315 260 333 327 493 202 397 348 266 176 396 467 354 121 194 459 92 225 331 383 
116 322 389 372 469 348 418 169 0 484 264 69 299 474 352 125 222 260 228 70 477 110 416 199 414 244 99 128 493 481 410 376 96 231 264 419 406 318 336 75 301 100 301 306 280 360 137 453 119 72 
229 302 132 144 207 253 94 464 87 0 87 444 203 169 491 141 139 165 497 407 451 278 414 257 286 427 244 145 270 196 421 292 375 430 131 225 136 90 477 99 127 63 494 281 389 240 372 234 355 124 
140 61 109 260 476 345 186 219 440 407 0 121 116 405 446 496 486 377 132 282 353 388 360 122 137 347 217 83 425 401 144 255 491 363 314 458 94 365 350 263 304 256 90 127 368 242 122 109 118 411 
342 178 55 201 250 142 254 174 176 178 74 0 477 139 272 339 404 229 383 268 78 352 279 492 392 356 359 340 184 174 409 95 466 293 100 373 249 399 126 373 281 461 398 258 100 169 96 210 104 186 
428 132 488 413 330 136 475 395 426 159 69 90 0 411 485 333 217 358 82 115 190 161 347 151 58 311 408 384 113 117 438 249 251 70 444 371 106 79 345 452 455 210 471 252 327 455 84 494 68 323 
316 416 435 369 66 199 179 180 83 242 454 471 198 0 204 247 141 74 304 170 126 255 331 286 432 82 113 142 117 313 368 146 128 283 287 447 55 437 125 185 470 74 138 196 222 499 150 313 73 404 
189 356 365 470 141 52 52 411 144 326 431 462 178 58 0 244 416 212 249 352 494 140 77 67 228 223 446 227 79 465 457 189 153 312 53 123 159 262 332 277 357 364 207 74 492 422 269 407 133 224 
465 127 315 492 351 249 422 297 182 451 468 138 140 121 400 0 350 401 266 112 439 493 175 302 406 199 293 327 174 407 411 349 371 244 163 363 94 118 284 97 251 441 65 339 80 343 446 137 243 418 
406 181 410 80 189 315 229 188 348 110 94 465 409 416 208 278 0 485 460 346 475 56 96 415 278 142 202 120 294 496 69 211 401 407 120 187 95 141 122 234 439 182 485 404 90 400 318 318 140 277 
371 114 491 417 236 268 265 388 95 58 139 114 219 490 228 496 176 0 273 136 248 213 282 381 405 392 177 60 209 446 151 193 72 215 183 195 401 157 411 495 202 419 133 474 345 329 201 340 455 180 
183 410 100 415 497 455 62 173 465 428 325 115 120 347 488 253 493 144 0 117 159 346 269 284 185 242 128 465 149 419 175 280 308 291 330 222 287 491 441 167 455 368 442 277 439 496 471 398 488 114 
465 353 166 441 136 302 389 215 473 489 340 354 268 147 145 304 75 138 294 0 466 255 248 89 197 231 234 192 201 132 386 473 303 238 138 243 80 146 132 452 118 120 291 179 94 144 481 348 169 118 
141 341 80 95 137 434 277 321 332 428 403 217 400 413 161 245 362 398 341 200 0 350 166 477 140 51 70 442 482 124 317 99 215 158 336 261 245 269 244 272 100 171 382 474 278 294 341 473 155 239 
69 306 88 185 282 385 186 59 326 167 133 143 424 299 458 466 266 409 235 460 180 0 285 337 61 466 114 305 306 293 167 495 313 179 82 448 411 418 341 176 243 214 260 92 344 265 500 310 237 408 
495 403 88 486 239 99 451 60 111 257 303 228 251 115 357 491 63 474 408 110 357 357 0 274 116 400 118 87 399 378 481 307 128 383 101 113 121 357 64 131 418 271 385 352 228 206 415 218 219 145 
332 279 452 189 260 274 295 328 67 193 412 498 206 490 380 464 102 207 321 323 289 445 300 0 380 53 479 85 418 196 462 62 235 447 220 374 206 444 168 240 461 67 358 214 431 347 93 150 156 251 
421 429 246 122 229 332 125 414 123 493 316 84 262 50 238 188 374 150 132 248 97 299 473 405 0 220 159 459 263 259 114 220 180 249 416 459 184 454 83 97 77 282 364 318 494 364 55 389 445 156 
227 399 203 232 371 314 402 236 272 165 446 336 335 332 292 458 290 426 411 323 230 194 104 300 463 0 305 370 468 193 314 330 126 420 483 308 497 53 210 233 275 325 178 318 366 460 109 79 249 241 
197 278 421 341 88 427 303 99 297 478 449 317 307 74 236 497 333 440 500 493 172 274 73 56 298 145 0 466 357 382 421 305 78 198 432 125 443 359 379 493 155 356 441 178 369 466 121 365 298 60 
364 497 182 345 69 395 142 371 360 206 252 487 461 280 184 392 356 126 250 441 325 111 52 266 447 371 438 0 67 236 235 77 306 438 416 357 213 310 450 83 376 155 286 362 322 272 252 213 334 84 
170 481 360 438 483 125 384 110 269 401 52 210 428 308 147 99 165 310 359 321 99 234 182 91 302 454 70 53 0 166 354 88 493 335 398 431 73 229 70 133 448 422 135 157 105 150 461 362 472 270 
220 292 75 161 424 117 413 377 137 417 249 197 211 242 482 108 379 262 494 399 345 441 76 187 304 339 287 264 200 0 258 240 126 256 265 237 386 88 357 469 175 480 217 323 190 165 60 455 494 272 
448 149 324 144 382 461 398 220 454 368 370 418 107 203 173 78 146 265 117 453 233 449 432 400 271 328 272 489 282 265 0 467 229 120 290 79 453 457 427 379 410 50 456 327 314 158 206 343 254 421 
166 207 360 114 345 260 92 380 238 80 161 453 253 97 280 494 126 439 450 260 317 116 467 272 393 281 380 306 123 134 226 0 446 498 86 59 98 52 101 428 240 338 296 399 91 343 385 291 175 323 
447 141 140 62 108 118 162 339 449 418 168 289 350 113 493 142 122 297 144 381 225 90 425 227 196 466 69 80 463 401 110 410 0 493 200 422 100 268 83 389 423 207 263 418 57 326 410 149 398 207 
451 485 138 491 410 315 393 375 90 424 94 441 240 454 189 390 131 446 364 372 90 494 78 303 411 292 128 321 392 233 234 342 217 0 78 88 126 343 432 208 139 111 252 286 301 412 426 397 249 371 
260 327 412 460 112 214 371 354 500 398 245 232 338 293 399 366 332 232 415 263 390 53 80 348 289 331 466 421 434 214 292 400 492 410 0 360 310 330 230 163 329 334 359 267 171 358 373 487 189 104 
401 402 200 160 188 254 399 469 219 320 402 139 318 302 337 434 368 146 470 97 260 55 381 325 272 51 182 351 244 78 161 144 186 311 254 0 325 271 359 500 440 385 402 286 409 410 329 98 277 426 
68 80 392 73 167 423 51 168 311 353 118 339 464 419 476 482 379 56 252 237 55 399 329 163 391 237 72 219 286 55 144 60 292 242 83 409 0 371 291 283 182 143 351 227 314 269 202 51 147 415 
460 91 421 114 370 83 455 106 313 174 98 318 475 108 317 424 348 225 294 139 459 426 439 309 360 459 285 268 460 382 183 420 179 103 240 499 136 0 195 312 155 75 116 424 256 175 240 179 229 171 
424 74 129 105 220 145 415 385 380 183 345 468 72 471 147 125 210 352 418 111 163 73 136 230 203 343 111 149 472 290 270 151 71 350 414 448 201 84 0 332 287 424 176 254 446 353 107 70 270 410 
439 331 72 218 174 459 371 467 69 470 194 66 239 52 87 295 416 241 446 206 72 232 130 406 193 75 258 457 303 234 366 448 272 145 165 396 103 486 118 0 330 455 262 346 400 471 139 195 142 330 
347 299 352 286 135 257 185 160 222 141 169 162 214 116 384 309 438 486 118 423 103 398 133 72 450 484 493 295 385 342 124 231 140 183 223 225 146 358 91 74 0 206 418 187 370 240 277 385 178 263 
209 100 72 314 184 94 263 374 294 58 258 135 339 195 432 472 125 363 325 433 160 349 345 77 242 214 268 226 305 396 439 465 202 217 278 336 262 247 416 262 462 0 380 347 301 75 485 479 357 347 
303 289 457 359 134 485 307 54 459 483 310 354 177 481 55 345 258 98 313 455 464 74 417 344 127 424 125 111 402 432 408 412 427 120 477 267 311 490 479 269 229 288 0 122 356 268 335 407 232 383 
426 393 102 206 65 152 283 439 434 100 97 121 214 459 499 285 191 472 95 180 450 315 359 444 143 422 211 428 84 149 66 461 493 119 373 57 428 363 447 362 413 494 433 0 127 208 187 118 105 159 
370 235 315 391 301 259 485 429 176 168 463 276 185 179 268 461 259 275 144 121 428 456 484 177 145 317 335 489 141 146 147 462 332 169 352 339 378 92 474 53 211 436 279 102 0 322 253 62 80 479 
363 358 162 319 341 290 170 365 331 158 456 428 463 417 466 131 269 60 459 311 484 218 228 419 448 280 447 200 499 233 385 362 90 498 387 138 494 56 453 324 371 408 458 333 81 0 423 414 300 433 
128 317 416 297 252 91 451 238 244 357 237 184 449 305 224 446 398 68 195 160 471 469 481 135 427 314 166 105 434 172 489 62 195 160 65 397 408 466 135 152 78 78 286 477 89 216 0 178 193 235 
323 303 412 499 283 253 181 303 369 236 444 247 431 212 393 298 227 496 205 399 337 63 183 121 299 160 160 222 288 303 163 318 312 281 316 302 485 203 104 109 145 254 307 76 416 199 80 0 349 401 
235 454 238 249 137 309 254 247 176 426 241 185 88 58 448 320 80 249 60 233 59 119 329 264 376 111 386 281 141 235 389 326 188 126 281 275 141 486 228 474 167 420 159 413 184 313 439 215 0 268 
449 154 277 67 189 247 150 250 133 137 341 74 476 374 212 308 361 194 400 102 128 373 220 254 238 132 389 257 70 310 475 225 414 252 242 103 205 98 59 495 393 351 68 368 431 438 176 291 338 0 

733.5 0 23
733.5 1 18
733.5 2 6
733.5 3 15
733.5 4 22
733.5 5 24
733.5 6 10
733.5 7 30
733.5 8 46
733.5 9 4
733.5 10 37
733.5 11 29
733.5 12 19
733.5 13 41
733.5 14 20
733.5 15 23
733.5 16 23
733.5 17 25
733.5 18 30
733.5 19 18
733.5 20 25
733.5 21 14
733.5 22 15
733.5 23 1
733.5 24 10
733.5 25 24
733.5 26 33
733.5 27 0
733.5 28 22
733.5 29 46
733.5 30 26
733.5 31 1
733.5 32 20
733.5 33 38
733.5 34 22
733.5 35 42
733.5 36 13
733.5 37 32
733.5 38 28
733.5 39 15
733.5 40 41
733.5 41 21
733.5 42 44
733.5 43 11
733.5 44 18
733.5 45 20
733.5 46 39
733.5 47 48
733.5 48 46
733.5 49 21

