50 50 3

0 383 205 56 181 491 176 388 90 245 116 184 384 287 213 148 183 326 418 399 405 284 401 491 410 228 183 267 336 401 300 466 283 211 472 170 408 354 58 204 98 331 339 433 118 258 287 251 83 204 
356 0 438 438 256 429 103 190 318 76 476 425 326 197 208 244 168 84 151 228 92 306 277 130 351 416 198 108 409 155 349 112 461 286 256 424 421 310 113 445 92 296 370 369 443 284 319 318 318 420 
496 117 0 432 479 197 282 394 101 97 302 413 396 120 129 388 327 52 65 343 116 216 385 118 85 460 60 75 278 84 344 198 80 167 336 58 70 118 159 328 372 167 240 474 238 319 117 271 78 339 
113 351 55 0 204 419 297 164 185 323 392 220 373 296 250 246 132 465 266 407 123 93 485 241 490 214 185 308 281 406 92 120 225 393 125 379 311 128 493 447 401 141 373 480 143 329 225 432 293 441 
94 367 240 78 0 314 229 242 205 244 230 110 286 300 492 386 131 370 196 209 119 349 317 210 428 296 303 256 228 235 500 375 486 122 115 64 142 50 463 297 244 192 113 237 198 104 122 279 424 475 
195 493 80 462 409 0 458 464 419 214 191 360 213 66 345 285 131 359 377 131 78 380 82 220 443 476 369 497 97 354 176 278 499 376 308 460 284 266 180 202 430 321 61 349 337 113 340 174 422 423 
463 206 302 251 133 244 0 226 208 447 480 61 122 257 267 448 65 226 439 488 112 140 417 384 359 472 427 422 311 101 99 233 270 256 241 227 95 435 403 253 137 138 264 416 345 481 120 116 414 58 
103 476 148 226 115 213 197 0 493 134 214 300 391 153 276 353 344 453 398 485 355 150 121 199 120 488 494 308 107 317 428 322 126 159 176 59 225 340 413 424 180 127 223 70 230 449 373 74 401 477 
58 462 333 337 160 404 80 360 0 418 344 383 345 165 460 454 291 469 385 130 381 308 261 214 237 488 395 392 117 175 499 93 390 460 377 226 326 487 256 393 404 306 275 455 421 234 164 212 409 256 
499 497 63 466 210 251 454 311 349 0 277 436 348 76 82 307 159 258 340 145 221 232 255 233 213 416 154 154 80 72 62 286 70 265 55 487 182 463 196 443 312 423 135 159 449 167 172 108 131 218 
410 58 400 165 242 320 287 102 424 317 0 124 192 309 144 408 71 130 89 484 483 238 51 405 323 160 354 196 490 168 485 207 77 493 314 399 441 133 186 249 56 209 323 198 225 174 105 246 254 351 
436 237 89 438 348 362 304 408 265 500 75 0 249 207 310 448 471 415 145 103 307 344 109 223 167 464 154 291 69 350 251 370 492 194 409 185 493 478 196 156 242 195 389 197 352 405 144 78 319 239 
131 333 83 397 55 407 361 159 404 136 215 154 0 212 413 55 328 98 254 61 451 360 253 145 248 400 204 152 250 232 178 440 70 461 229 173 222 342 240 331 245 326 252 105 245 164 110 72 419 70 
83 369 381 493 221 335 148 131 194 348 313 78 494 0 89 489 429 213 417 270 159 247 465 436 205 277 387 319 337 165 445 358 198 69 445 397 240 486 251 321 386 305 341 414 299 380 158 434 299 74 
204 409 478 375 100 182 151 193 208 195 308 152 52 456 0 171 203 108 118 395 309 389 281 320 436 194 118 72 303 259 321 327 413 436 305 287 242 193 145 385 351 290 192 453 499 354 331 408 168 399 
302 183 287 82 454 223 434 278 245 236 487 272 269 399 415 0 280 393 363 424 244 248 274 484 146 434 238 207 264 145 325 162 397 459 155 430 168 84 119 396 279 305 383 258 280 488 379 267 136 241 
397 330 195 377 69 292 310 257 449 280 352 480 148 456 194 254 0 141 312 288 210 208 274 221 297 238 451 491 116 424 127 307 320 163 453 197 390 451 213 353 399 444 205 134 91 367 279 295 458 90 
290 167 455 63 338 458 251 495 449 73 419 282 330 445 151 489 141 0 491 439 305 100 337 248 255 178 496 121 407 291 285 203 287 402 365 300 446 322 257 440 270 280 114 258 316 59 360 305 357 106 
243 161 156 287 115 117 415 111 395 321 108 179 230 345 287 94 351 232 0 367 314 379 343 93 199 101 115 415 167 370 272 430 113 139 86 350 205 360 471 473 462 498 80 140 227 131 134 272 432 72 
345 245 401 187 495 307 445 109 221 318 430 443 248 249 82 491 305 444 350 0 275 416 67 272 202 365 205 283 449 427 421 471 478 165 128 165 366 385 316 181 105 134 317 255 332 65 494 322 320 437 
378 301 108 396 279 260 260 435 493 415 361 413 385 339 284 219 210 149 103 476 0 280 366 316 304 120 147 319 320 175 346 256 260 353 314 362 132 280 121 66 272 242 133 391 333 422 174 52 338 480 
312 70 466 177 336 269 454 190 295 480 71 140 235 281 443 255 142 74 485 420 297 0 463 161 381 353 201 58 233 203 347 212 221 123 178 349 409 153 58 305 398 489 327 244 430 107 394 392 200 418 
132 326 422 95 194 302 154 345 310 338 498 363 256 218 436 140 273 101 244 489 356 141 0 233 182 92 369 240 436 260 146 109 343 178 481 144 322 282 248 166 299 292 370 161 499 88 304 138 67 355 
88 262 210 387 445 343 429 314 289 364 280 141 423 122 476 160 423 298 148 378 414 397 169 0 284 265 374 78 68 463 302 373 50 64 289 387 215 131 71 235 126 385 466 424 64 87 400 174 217 197 
272 94 317 376 420 307 140 294 91 365 463 344 237 219 114 476 313 486 314 334 221 146 426 186 0 70 440 430 176 320 146 79 298 190 102 173 110 360 470 110 157 334 72 207 277 241 271 253 53 464 
273 338 184 369 263 320 145 409 249 478 228 102 263 232 449 316 356 265 382 81 325 489 122 103 196 0 349 295 173 308 54 136 80 98 270 156 67 296 458 426 252 192 360 304 405 92 252 427 154 468 
308 392 499 297 464 102 443 313 347 115 327 107 409 114 156 178 427 173 181 140 306 383 282 165 186 394 0 414 144 320 274 318 128 373 317 131 336 369 280 355 422 101 182 479 460 453 341 138 379 465 
269 469 477 358 458 348 494 107 469 344 133 242 162 418 321 429 499 157 53 278 218 181 330 106 366 289 58 0 207 133 143 378 108 319 354 416 483 201 165 89 169 460 172 118 121 90 389 256 295 252 
466 73 421 146 109 233 462 348 242 375 188 91 252 246 360 105 369 342 464 484 381 339 199 260 163 270 56 52 0 232 301 461 197 324 137 500 383 321 218 438 62 92 332 103 295 284 170 106 152 462 
276 343 99 115 492 65 228 469 71 437 200 322 154 104 353 241 310 442 61 478 379 280 70 417 90 71 201 210 127 0 303 378 354 352 183 175 344 198 109 312 426 253 218 248 357 272 307 97 289 248 
109 266 334 339 286 250 379 307 401 295 141 411 173 201 262 306 82 105 211 141 123 136 100 292 90 407 270 347 211 58 0 302 477 275 135 315 267 335 401 281 236 195 372 353 74 72 114 87 104 377 
455 402 206 297 453 448 338 115 218 391 276 433 192 252 207 277 274 181 319 174 412 261 75 490 113 307 268 384 344 322 467 0 298 430 173 94 138 120 138 204 495 236 430 184 378 389 341 362 162 228 
180 493 139 391 274 128 210 80 102 93 130 374 60 134 60 390 386 148 460 230 58 211 416 195 345 50 83 392 118 195 327 248 0 394 416 345 167 251 54 405 303 304 241 384 70 326 150 410 418 455 
126 147 464 494 63 158 94 270 191 436 338 92 262 292 192 385 136 65 342 347 176 351 150 368 441 378 400 90 287 317 496 119 414 0 215 112 183 323 363 159 220 299 447 469 267 238 160 358 80 382 
199 377 58 50 234 376 197 318 275 445 311 91 440 381 211 361 199 101 390 62 210 109 67 364 284 284 308 150 142 95 482 498 178 490 0 254 362 365 402 386 346 346 197 143 492 77 61 108 433 112 
448 201 479 56 425 98 497 209 357 146 57 158 127 261 286 324 466 355 188 123 240 241 175 387 334 373 170 345 431 310 163 378 461 349 140 0 386 397 136 301 460 232 64 117 65 275 354 339 447 208 
234 276 154 425 401 492 465 273 161 66 410 421 386 287 138 441 133 230 338 219 481 53 157 251 328 380 232 388 218 179 302 158 161 406 289 62 0 397 254 492 265 477 402 392 118 395 480 59 479 416 
347 404 396 106 268 353 384 147 85 478 71 214 279 180 325 185 419 93 288 379 292 52 111 400 151 180 294 130 189 479 253 486 383 148 298 357 208 0 389 454 243 366 475 163 352 154 438 487 280 238 
274 365 480 484 427 135 134 106 379 421 245 114 173 437 203 479 234 59 186 329 463 379 402 193 492 253 54 185 239 284 129 219 355 315 409 281 400 249 0 337 486 170 288 99 500 224 252 234 165 468 
370 444 186 455 101 329 202 304 89 338 493 323 173 419 385 439 327 165 338 283 209 323 403 447 128 158 378 86 343 493 53 212 192 189 374 244 225 75 498 0 264 119 247 294 243 372 178 181 405 500 
225 187 208 255 296 155 333 405 239 370 247 231 373 165 129 269 489 79 200 271 284 414 340 481 414 289 108 91 176 463 298 352 150 456 106 396 317 145 300 55 0 465 253 443 94 125 279 69 320 308 
219 90 91 339 137 278 253 132 336 50 259 55 298 317 155 254 129 257 277 224 264 490 396 467 432 440 298 210 459 118 225 177 365 266 466 208 251 425 291 293 426 0 256 298 223 279 159 183 358 367 
411 288 337 400 183 59 87 122 308 248 287 132 423 170 447 395 136 155 352 60 152 352 192 358 149 366 136 466 499 200 88 165 438 375 64 328 384 102 156 191 56 394 0 273 185 63 427 286 356 288 
138 123 390 440 265 454 295 130 89 260 336 446 298 451 383 172 466 417 263 274 73 160 280 173 140 171 186 66 407 249 304 251 322 400 397 86 353 192 374 148 158 416 93 0 163 366 182 492 87 99 
254 311 122 365 297 245 211 174 137 227 81 336 237 489 364 136 386 157 195 284 237 293 392 152 336 261 468 468 253 262 273 213 279 345 284 76 296 445 407 140 171 438 182 114 0 427 497 407 68 153 
101 302 96 344 400 198 179 368 372 354 120 133 126 283 363 178 67 145 180 218 51 270 340 196 159 160 122 155 67 347 465 118 355 60 169 254 208 54 121 79 358 398 370 191 388 0 232 319 161 327 
449 329 84 426 375 230 84 486 58 396 259 355 360 83 209 126 409 170 491 414 448 276 478 102 145 168 440 83 193 307 116 142 342 151 274 217 331 64 409 340 410 374 401 476 407 317 0 308 316 437 
298 436 140 73 413 399 376 81 94 409 224 351 476 72 193 126 52 116 163 66 475 209 182 104 110 364 217 377 171 239 69 175 174 366 406 87 265 488 325 309 396 255 367 127 485 266 410 0 243 332 
73 467 62 439 355 116 499 219 283 131 96 473 357 429 353 430 334 146 401 77 421 416 423 383 282 257 123 498 166 316 85 396 282 97 335 137 163 89 62 153 378 315 332 441 243 184 370 283 0 281 
270 310 408 186 440 497 174 196 119 172 68 386 207 415 374 255 456 217 124 251 229 434 128 495 265 276 444 400 145 227 387 366 487 294 258 426 291 382 328 360 53 347 452 418 468 82 379 179 249 0 

1489 0 47
1489 1 24
1489 2 47
1489 3 18
1489 4 21
1489 5 44
1489 6 44
1489 7 37
1489 8 40
1489 9 4
1489 10 16
1489 11 3
1489 12 45
1489 13 45
1489 14 28
1489 15 17
1489 16 35
1489 17 37
1489 18 10
1489 19 36
1489 20 13
1489 21 5
1489 22 9
1489 23 47
1489 24 17
1489 25 35
1489 26 30
1489 27 39
1489 28 11
1489 29 28
1489 30 31
1489 31 10
1489 32 8
1489 33 34
1489 34 33
1489 35 34
1489 36 28
1489 37 33
1489 38 27
1489 39 20
1489 40 38
1489 41 44
1489 42 28
1489 43 39
1489 44 40
1489 45 12
1489 46 12
1489 47 32
1489 48 1
1489 49 22

