50 50 3

0 170 333 410 369 327 460 251 85 373 279 397 285 349 443 333 279 359 397 494 413 238 370 85 294 462 235 448 194 83 472 300 203 60 209 278 338 168 480 129 491 258 476 482 107 174 315 92 240 211 
85 0 152 399 406 394 400 123 128 347 474 368 74 273 277 292 432 55 129 306 241 415 296 205 146 278 262 271 299 61 217 460 96 319 115 208 420 221 488 254 274 217 122 55 440 349 297 127 110 132 
383 301 0 497 386 457 142 370 425 119 168 436 286 334 239 312 155 153 438 326 348 191 307 64 263 312 455 112 315 81 172 397 171 180 149 56 136 241 132 60 67 250 203 59 83 148 77 189 251 465 
221 98 156 0 478 113 369 496 274 187 310 61 66 206 182 196 305 395 282 253 477 499 477 433 408 486 223 55 270 118 257 234 289 61 340 474 331 416 469 104 102 486 116 118 191 455 264 203 350 252 
162 82 458 138 0 222 365 330 395 371 99 463 334 491 251 345 86 431 176 452 400 230 261 385 52 85 282 458 56 191 63 258 303 95 215 147 267 287 184 368 157 440 330 441 430 288 492 467 218 167 
174 324 104 385 415 0 106 421 197 63 427 94 76 391 348 329 106 201 302 99 335 170 206 275 206 353 411 444 344 133 369 462 258 399 272 142 314 328 269 217 98 195 261 331 86 315 159 349 223 412 
398 57 288 310 489 444 0 162 400 144 456 483 219 173 240 117 395 89 137 223 308 304 478 210 272 308 246 293 418 301 466 85 198 474 79 214 218 473 326 324 323 281 63 248 405 460 316 299 499 159 
228 63 414 205 223 392 220 0 175 184 137 426 150 379 330 330 408 494 254 136 319 78 166 306 91 364 210 50 386 216 500 496 150 269 165 62 442 56 232 116 190 319 492 497 404 77 82 311 70 287 
397 95 315 269 351 112 133 61 0 112 469 434 318 464 83 86 128 95 478 341 277 300 238 302 498 234 205 74 474 222 301 260 326 346 281 94 197 343 177 415 161 353 348 430 72 137 466 358 183 200 
198 166 206 386 175 204 327 86 435 0 56 259 443 266 291 288 253 335 191 302 219 312 413 278 366 342 300 454 64 157 343 421 62 215 126 398 340 487 431 133 422 437 342 120 409 132 114 161 173 256 
169 98 274 82 326 140 374 126 300 144 0 440 349 64 452 63 141 350 110 127 487 193 255 180 241 325 88 79 146 407 409 352 75 458 332 107 283 422 188 359 428 282 299 276 297 250 497 388 306 313 
221 500 212 183 179 403 214 217 188 310 330 0 96 368 356 53 200 169 287 328 307 145 256 89 150 238 92 107 441 430 363 253 357 362 415 490 247 73 411 415 211 220 244 258 295 306 261 445 426 498 
479 232 350 441 478 450 179 69 56 326 205 126 0 79 62 194 444 258 392 224 375 62 385 95 256 142 340 269 110 491 194 107 469 376 163 410 110 320 295 129 82 120 285 158 356 53 59 56 468 401 
230 343 413 114 144 375 414 190 143 474 180 287 287 0 355 370 401 471 430 220 472 58 252 92 500 117 154 259 126 160 227 477 340 276 145 161 370 470 74 59 113 254 396 106 491 250 426 391 428 111 
317 399 327 69 197 326 343 302 292 419 168 469 151 215 0 244 246 326 320 215 106 329 485 310 431 298 56 180 223 398 314 492 421 213 318 196 360 350 489 368 141 407 487 316 57 201 266 253 233 85 
175 496 120 366 61 50 163 67 388 93 171 201 84 92 120 0 108 238 187 408 227 54 256 340 247 71 348 154 495 307 337 286 188 332 357 54 343 113 374 117 207 417 238 115 207 280 185 265 225 78 
173 402 290 379 241 487 156 295 141 357 102 184 143 447 467 206 0 451 65 269 81 132 183 448 77 248 155 307 139 370 482 375 249 139 164 334 331 150 197 125 448 53 384 132 146 331 305 302 488 320 
278 68 159 167 223 186 121 84 199 417 404 388 291 360 477 405 193 0 63 262 96 346 209 100 229 291 403 266 95 412 461 122 396 479 438 62 408 123 133 442 479 256 102 366 498 412 99 158 311 112 
370 358 408 286 164 344 76 66 109 329 428 276 157 323 462 94 91 369 0 374 381 311 352 137 119 425 134 237 474 242 498 85 319 111 200 104 225 494 337 242 309 372 376 85 479 406 497 279 447 365 
152 328 382 211 415 207 135 255 394 108 203 148 350 228 209 256 489 141 249 0 326 89 58 404 171 300 383 76 296 161 230 367 471 264 456 181 385 369 266 139 263 80 499 117 136 227 483 343 215 123 
298 247 369 62 151 491 312 240 66 314 107 453 388 284 216 343 415 100 418 387 0 396 180 173 395 247 260 328 437 309 493 59 106 447 135 119 304 125 381 250 348 402 307 301 289 91 467 338 212 274 
255 99 169 386 429 270 339 188 97 275 203 90 492 260 243 126 85 497 408 416 246 0 255 317 259 262 312 56 436 149 219 209 355 475 328 447 403 98 285 298 145 267 207 392 465 417 341 297 452 337 
204 124 289 165 147 499 378 410 54 313 58 430 228 119 404 55 65 63 310 57 67 162 0 481 224 260 445 348 101 448 55 144 358 336 384 473 434 382 106 99 142 125 314 72 303 384 182 309 399 402 
325 406 419 193 386 350 160 86 404 418 484 409 61 97 245 395 70 385 483 333 434 125 409 0 454 354 211 337 486 226 236 388 258 348 62 157 441 118 267 477 472 184 217 137 196 264 88 297 491 423 
487 324 112 111 439 65 171 356 109 363 82 51 250 497 349 470 153 289 294 371 473 266 54 189 0 109 407 159 147 411 150 276 397 180 94 214 325 109 335 180 375 197 212 376 154 415 432 123 68 427 
123 389 399 339 149 294 398 263 160 251 173 467 477 69 146 70 233 177 337 67 307 211 421 226 294 0 74 140 225 354 158 151 428 253 50 473 353 50 127 115 160 328 238 126 61 464 429 81 196 105 
124 420 363 286 340 295 79 365 385 461 425 250 111 352 453 318 81 61 75 158 126 185 436 70 469 447 0 484 153 235 386 209 65 305 278 301 145 279 86 216 163 253 140 363 315 199 72 132 230 83 
157 94 367 500 480 143 224 183 334 327 124 219 242 139 231 226 147 326 455 390 248 118 143 94 187 164 450 0 416 453 179 450 110 223 72 316 410 165 246 299 449 72 129 375 265 218 105 197 71 137 
152 412 335 427 261 135 320 375 85 236 327 214 185 143 144 207 165 260 78 361 58 478 384 344 108 355 61 163 0 51 83 250 360 201 291 286 168 376 313 493 411 499 75 332 390 169 182 303 284 392 
331 352 156 64 235 450 122 296 217 442 53 457 191 120 364 188 112 482 64 375 474 181 373 256 463 469 375 144 271 0 365 242 309 216 104 323 157 53 152 159 428 93 370 384 442 440 248 129 51 229 
350 377 410 482 456 165 444 425 246 295 402 317 487 210 240 298 240 103 301 342 213 228 141 82 319 82 228 66 369 229 0 452 218 312 361 406 475 232 350 399 428 351 56 452 93 217 191 341 407 244 
349 455 163 283 95 402 101 335 129 117 203 309 276 127 327 136 484 301 75 89 406 209 390 413 160 189 336 57 481 449 459 0 329 403 121 111 204 230 370 245 309 193 398 324 419 232 151 262 215 402 
287 254 64 202 350 427 313 489 469 320 225 417 278 260 75 106 78 436 286 398 181 301 90 78 125 216 260 433 428 181 90 421 0 141 104 122 197 237 385 393 205 412 117 121 396 328 353 208 112 289 
200 460 420 452 256 204 76 422 171 215 349 302 255 269 150 310 98 297 497 189 189 202 100 257 480 203 291 333 361 353 121 61 68 0 491 219 274 194 245 196 71 410 251 324 371 227 424 180 275 220 
384 414 116 292 221 79 271 374 76 103 441 379 381 208 153 127 377 133 479 328 279 500 237 237 79 315 414 453 445 188 380 84 308 202 0 326 479 231 97 108 257 357 500 342 445 207 445 71 291 77 
256 118 63 256 62 250 285 327 370 445 478 264 80 62 71 232 338 257 413 141 315 376 449 314 217 393 228 368 170 469 151 377 293 371 339 0 305 327 123 131 196 274 109 410 304 121 188 242 165 395 
361 257 209 236 412 230 159 304 408 233 180 132 335 263 375 205 101 387 483 382 468 385 155 283 295 166 110 433 358 226 327 426 189 486 368 100 0 215 478 110 329 210 240 167 251 454 249 163 261 135 
145 142 102 480 248 92 481 120 152 413 428 84 446 109 223 188 428 273 109 405 89 389 321 487 262 279 440 461 392 200 95 487 500 355 222 247 397 0 203 317 499 322 451 290 268 60 463 162 438 443 
221 98 482 316 125 468 78 354 163 489 245 70 291 438 69 145 160 473 248 69 496 453 341 446 242 315 212 412 183 356 354 355 160 91 377 443 266 405 0 296 135 150 248 362 147 185 137 242 51 109 
440 70 311 392 118 464 341 139 175 252 273 238 312 334 348 109 210 290 325 322 293 167 422 491 235 275 175 323 467 384 138 162 404 400 260 228 363 100 318 0 244 58 297 432 320 130 280 136 497 276 
167 318 68 284 239 58 470 464 391 499 186 274 136 54 384 242 472 112 311 278 136 55 287 139 437 313 219 423 399 215 199 66 484 424 56 429 189 232 149 286 0 230 492 59 73 253 149 265 224 418 
283 452 260 288 445 349 431 258 274 110 363 440 466 379 179 389 386 314 77 117 169 69 54 368 78 77 120 385 499 294 58 281 452 269 275 397 117 413 361 98 473 0 223 488 438 102 373 82 194 393 
317 468 269 336 472 136 121 255 206 456 254 206 464 241 157 439 467 260 263 135 120 311 107 294 54 251 102 133 283 246 476 99 420 244 386 392 86 457 146 242 168 106 0 154 338 54 469 277 227 228 
490 312 55 56 369 299 60 119 107 143 352 303 325 158 429 69 250 320 312 206 173 54 80 436 365 368 440 89 351 166 268 340 184 480 102 52 485 112 328 91 412 387 100 0 237 495 479 463 244 299 
274 156 178 485 186 320 350 260 260 389 111 132 363 157 267 98 210 476 82 272 304 123 184 397 173 127 147 152 89 97 157 69 203 492 54 95 311 110 305 277 205 366 116 275 0 474 333 323 183 64 
356 161 318 185 51 421 309 335 67 167 374 114 481 150 474 472 154 68 489 421 324 266 125 396 332 350 125 371 380 258 385 235 126 410 370 127 330 385 413 104 258 493 168 238 349 0 142 416 453 367 
161 129 190 133 205 293 415 261 368 492 140 333 132 81 409 492 158 242 78 249 361 132 458 110 457 402 409 305 74 118 172 185 197 68 268 108 311 389 76 386 136 373 218 218 405 333 0 210 269 74 
445 468 142 283 425 202 446 83 317 251 107 385 129 449 289 147 216 103 165 311 129 257 397 453 425 114 113 257 481 332 488 181 299 336 170 431 488 116 220 61 317 484 152 152 432 391 456 0 354 445 
120 371 280 327 267 232 458 87 51 421 275 333 409 162 339 244 283 476 439 349 195 450 372 178 308 474 316 199 429 169 350 256 490 129 82 463 68 247 256 69 167 481 109 75 143 398 477 376 0 129 
171 431 274 120 302 158 378 275 424 283 410 92 339 165 288 419 405 250 193 151 456 419 268 193 478 50 493 131 477 124 210 147 54 190 424 306 298 57 287 221 291 403 470 336 68 464 254 423 213 0 

1452.5 0 5
1452.5 1 20
1452.5 2 25
1452.5 3 5
1452.5 4 24
1452.5 5 23
1452.5 6 48
1452.5 7 47
1452.5 8 28
1452.5 9 32
1452.5 10 39
1452.5 11 28
1452.5 12 18
1452.5 13 18
1452.5 14 18
1452.5 15 12
1452.5 16 17
1452.5 17 2
1452.5 18 19
1452.5 19 32
1452.5 20 38
1452.5 21 7
1452.5 22 9
1452.5 23 1
1452.5 24 20
1452.5 25 22
1452.5 26 24
1452.5 27 37
1452.5 28 40
1452.5 29 1
1452.5 30 47
1452.5 31 45
1452.5 32 21
1452.5 33 23
1452.5 34 1
1452.5 35 2
1452.5 36 46
1452.5 37 6
1452.5 38 5
1452.5 39 30
1452.5 40 38
1452.5 41 45
1452.5 42 9
1452.5 43 12
1452.5 44 19
1452.5 45 32
1452.5 46 24
1452.5 47 42
1452.5 48 39
1452.5 49 48

