50 50 4

0 198 498 293 108 374 489 155 358 381 213 114 440 487 62 214 392 407 476 467 454 364 392 335 344 333 77 497 284 141 495 441 496 248 441 311 329 185 416 186 65 336 250 212 322 263 376 213 376 107 
386 0 329 422 277 371 472 316 398 468 100 245 462 247 241 417 187 51 245 323 173 381 94 459 337 463 487 99 95 406 181 152 292 461 280 68 331 251 335 435 425 141 180 143 338 371 59 232 128 254 
54 251 0 341 305 417 177 268 403 434 313 309 114 171 307 281 158 81 318 359 122 253 491 213 139 133 258 216 142 440 294 102 200 495 393 211 167 276 429 70 209 448 85 481 326 342 468 434 129 286 
499 202 245 0 489 365 334 121 122 500 420 268 293 472 418 494 120 129 161 347 264 388 262 419 179 449 244 227 417 177 306 202 175 458 397 164 323 437 442 151 436 362 126 435 89 494 184 160 329 295 
213 300 389 425 0 218 67 374 168 244 497 295 50 198 176 214 301 290 487 444 439 345 379 300 421 69 95 170 203 205 206 205 368 212 93 500 136 318 129 254 61 125 499 268 480 381 433 487 171 175 
430 109 226 64 115 0 353 290 160 474 443 72 386 354 146 97 398 352 390 422 431 143 433 262 348 408 448 228 96 434 105 221 119 371 398 340 436 457 129 303 186 72 81 71 132 177 325 480 480 214 
157 166 63 90 135 361 0 204 289 296 250 430 351 177 499 222 281 339 364 238 418 373 374 196 404 152 279 288 427 465 474 348 122 346 361 369 431 429 279 220 224 235 149 74 362 354 453 143 399 317 
87 317 396 167 219 300 269 0 204 87 196 376 267 250 448 112 317 72 250 245 301 176 175 242 275 200 103 335 359 403 234 382 440 257 278 107 426 284 82 337 77 435 212 294 184 366 356 452 144 105 
403 151 231 78 343 212 435 396 0 254 293 55 438 382 445 401 159 258 326 149 291 369 176 432 80 420 116 152 482 274 246 294 176 347 231 204 189 150 345 292 354 138 297 291 470 448 191 335 206 223 
434 203 299 109 134 329 235 407 188 0 423 180 384 216 63 231 154 424 126 254 269 368 107 113 164 104 82 112 452 123 475 381 56 384 179 322 224 215 263 131 353 185 468 236 108 237 173 212 161 250 
172 380 324 229 443 439 490 231 50 441 0 304 231 321 66 114 207 94 288 372 307 125 431 198 300 373 463 487 497 174 147 453 296 233 276 231 382 421 220 112 177 160 122 358 188 345 422 345 389 417 
423 402 248 353 100 498 225 62 241 428 394 0 94 380 396 278 363 334 366 283 53 185 411 371 257 475 265 309 153 109 404 276 238 306 474 90 356 228 472 124 175 400 224 219 486 120 203 104 160 69 
338 163 204 455 240 167 185 455 426 288 270 330 0 63 458 135 244 254 197 178 226 478 303 125 202 472 317 479 175 372 138 194 416 458 104 126 405 221 261 359 354 256 336 183 269 500 475 219 254 378 
347 186 355 149 261 263 328 284 448 209 155 292 109 0 70 457 163 353 361 90 114 219 394 320 261 76 295 261 257 465 465 341 67 150 403 374 117 165 201 107 320 116 213 111 175 440 67 495 293 378 
84 113 304 429 139 64 211 384 482 419 104 446 259 329 0 302 161 202 125 484 109 183 59 175 102 120 56 492 345 50 491 429 84 310 439 463 399 210 381 490 191 299 300 137 264 128 145 132 487 428 
322 95 317 331 427 369 157 189 116 452 189 107 137 431 123 0 75 149 473 235 480 462 377 485 468 220 249 96 71 87 82 449 359 335 265 396 468 340 52 157 407 211 52 220 298 433 293 323 82 472 
265 61 433 141 497 157 67 452 203 88 245 442 244 103 483 215 0 449 451 55 207 314 412 368 316 338 165 249 337 195 488 309 410 499 448 257 251 104 481 202 257 275 397 406 469 206 388 184 361 94 
189 275 358 307 142 174 351 465 129 187 159 116 446 275 321 394 238 0 72 448 218 431 412 443 84 73 412 447 411 302 308 456 197 82 69 210 381 193 60 345 479 197 454 94 350 435 122 243 172 144 
397 340 281 64 490 315 87 401 469 449 409 276 160 105 64 179 472 151 0 79 238 447 57 385 156 309 441 91 381 390 213 231 494 260 218 57 249 484 302 356 452 457 264 434 116 75 204 452 497 305 
237 234 251 452 325 358 260 473 155 347 362 318 284 355 77 452 119 276 191 0 371 131 349 327 101 489 149 126 192 100 329 204 288 269 161 239 301 225 205 273 330 258 341 148 492 403 382 199 472 158 
341 98 446 396 375 254 385 474 86 283 280 366 437 274 341 305 219 348 480 374 0 120 310 338 168 164 329 70 252 479 248 116 75 296 62 421 377 473 305 106 58 88 336 130 231 317 422 486 486 269 
222 116 96 238 404 214 108 440 441 310 174 188 377 199 190 145 326 66 117 338 122 0 125 132 408 206 313 224 127 55 417 102 434 483 148 171 142 68 229 81 459 489 412 353 365 110 493 216 143 58 
283 431 337 359 62 245 64 81 175 348 293 298 156 226 487 255 347 129 480 75 367 195 0 271 279 254 342 95 247 58 188 462 291 325 299 356 337 250 126 125 131 424 368 136 80 94 122 492 391 201 
227 173 275 372 150 53 126 442 98 79 206 444 247 204 268 252 59 312 452 136 387 290 59 0 254 376 296 298 204 494 396 112 221 68 337 299 168 96 131 316 351 160 473 294 114 176 269 316 392 80 
475 478 417 471 244 170 102 490 419 256 240 314 318 411 88 154 209 413 407 291 228 258 157 407 0 51 221 82 270 244 425 300 218 158 423 395 352 93 447 98 218 202 288 238 471 405 276 331 113 395 
445 110 122 202 218 480 410 145 268 180 95 399 186 470 264 109 364 115 359 310 370 283 463 364 471 0 189 268 453 226 88 347 170 148 175 322 72 361 232 375 336 118 420 234 461 390 448 276 253 270 
341 270 346 123 232 210 93 127 184 252 59 222 305 180 77 431 208 99 498 146 424 333 421 344 274 382 0 440 428 364 192 404 205 168 250 278 350 166 78 183 300 280 193 229 292 79 256 429 237 61 
426 90 436 466 461 486 239 342 181 373 206 79 484 117 198 233 345 498 105 373 388 111 360 80 290 358 316 0 252 286 52 264 418 92 199 383 260 391 328 308 71 201 220 100 184 287 248 123 132 453 
385 211 340 446 277 126 236 134 392 194 370 150 408 288 400 313 377 159 203 205 417 431 112 344 238 453 130 436 0 282 419 144 166 130 190 111 113 473 53 198 364 198 274 221 105 268 120 125 352 436 
278 56 108 416 325 402 153 484 483 295 265 401 146 137 237 286 405 301 259 409 205 329 313 185 500 124 404 326 199 0 462 261 184 468 320 306 499 428 409 482 410 410 453 67 55 89 254 499 444 261 
257 108 416 292 127 308 292 202 418 324 107 379 85 241 102 111 497 100 489 161 288 155 278 447 379 283 486 339 281 185 0 100 244 451 222 487 77 480 485 229 397 308 287 275 99 234 327 160 438 133 
356 98 127 217 326 73 95 316 58 384 303 401 190 254 351 363 240 134 98 431 70 446 238 307 427 495 247 461 361 184 93 0 216 440 171 139 472 194 391 494 410 482 297 66 171 50 367 240 447 207 
289 133 227 441 77 240 367 71 438 327 383 328 127 305 474 455 395 202 148 492 195 264 473 198 280 351 405 353 90 351 60 85 0 434 237 232 218 428 99 239 121 132 121 155 416 377 129 370 478 488 
225 469 182 439 442 87 426 499 442 278 295 500 495 331 189 439 269 357 122 74 96 193 157 167 54 72 250 133 149 227 327 324 403 0 460 262 100 497 187 98 194 172 343 193 166 380 89 311 149 396 
383 173 442 282 487 316 287 266 272 370 365 206 404 188 108 363 156 158 115 50 206 466 172 499 159 495 135 198 306 234 300 395 357 449 0 177 100 471 414 316 242 490 180 398 393 74 212 462 180 320 
283 180 232 249 58 438 114 260 72 469 272 256 268 166 319 216 293 125 186 413 391 135 403 277 483 295 301 195 257 188 221 490 74 404 445 0 83 341 58 500 119 477 271 81 245 143 106 167 143 182 
304 55 72 389 408 300 127 410 307 479 373 201 200 118 226 310 270 466 357 278 465 426 255 442 457 206 291 62 323 384 401 333 390 424 428 53 0 430 262 169 443 240 248 144 146 73 320 406 293 492 
262 70 456 394 482 153 106 394 394 119 217 485 470 256 374 149 391 133 285 359 460 435 98 414 78 402 437 104 63 229 95 483 457 257 376 194 360 0 433 88 460 258 462 444 434 424 73 83 314 364 
74 172 323 459 428 236 243 85 380 297 98 315 342 80 478 98 407 172 164 95 210 124 303 171 274 236 94 298 476 115 161 257 237 190 215 371 132 409 0 406 462 412 455 484 254 241 461 58 147 132 
380 399 292 454 201 413 434 144 214 231 119 279 342 82 222 238 248 300 321 363 205 282 274 366 265 234 107 433 450 411 64 329 310 307 489 217 426 422 311 0 346 153 137 124 201 169 53 390 123 303 
417 192 214 405 173 287 377 357 100 309 62 217 323 341 477 336 329 401 262 251 211 107 110 54 389 468 381 392 113 210 401 480 353 114 385 232 107 261 88 157 0 69 308 325 342 148 57 178 428 408 
146 385 326 410 201 86 298 168 417 396 439 127 296 418 186 117 302 368 174 62 162 489 288 420 313 130 68 320 465 202 435 110 293 467 470 200 52 475 74 420 370 0 463 253 373 381 389 196 182 256 
76 402 368 64 189 288 327 476 62 354 440 421 495 256 213 461 433 119 463 407 143 138 483 106 341 111 437 229 257 325 191 491 226 59 54 122 53 88 97 272 148 244 0 192 142 450 111 309 382 180 
271 495 273 116 234 329 407 51 472 343 466 297 484 456 473 493 460 94 252 498 349 474 145 92 372 444 492 433 252 130 319 230 331 299 296 271 127 202 273 306 495 238 102 0 479 193 74 227 152 326 
186 357 174 159 452 216 238 152 414 377 354 250 196 83 81 445 329 302 278 238 74 83 232 469 342 417 161 123 351 264 399 487 327 279 145 278 201 89 380 114 417 441 315 319 0 474 102 470 59 354 
454 247 135 244 185 103 85 102 422 158 403 392 263 145 218 492 447 446 192 487 82 464 403 229 278 428 202 86 397 418 146 350 164 231 93 300 492 129 108 413 444 217 304 207 312 0 472 198 258 173 
97 451 412 60 353 347 495 280 500 80 383 173 176 233 288 114 276 294 312 111 352 431 55 275 441 419 293 168 116 50 498 370 452 410 136 60 256 130 498 462 367 380 135 250 319 129 0 70 302 373 
332 363 431 469 124 412 409 493 204 76 316 411 73 392 118 189 479 336 152 108 333 320 182 419 161 138 238 240 158 246 319 196 315 456 164 390 367 72 138 277 98 160 188 328 52 463 468 0 237 298 
119 51 337 389 183 256 257 271 200 447 135 396 473 281 210 428 395 306 51 173 151 485 221 468 379 500 226 342 223 413 346 499 415 183 143 304 145 350 282 295 297 367 397 476 148 313 403 249 0 119 
160 373 427 145 93 394 230 299 120 71 228 239 368 226 153 257 320 164 352 169 396 146 172 262 249 147 116 61 257 316 337 367 188 263 218 438 364 399 237 190 176 171 379 250 348 239 457 167 109 0 

1519 0 44
1519 1 2
1519 2 14
1519 3 13
1519 4 17
1519 5 13
1519 6 35
1519 7 35
1519 8 14
1519 9 44
1519 10 28
1519 11 43
1519 12 19
1519 13 23
1519 14 12
1519 15 16
1519 16 42
1519 17 20
1519 18 41
1519 19 38
1519 20 18
1519 21 34
1519 22 35
1519 23 1
1519 24 38
1519 25 8
1519 26 44
1519 27 0
1519 28 48
1519 29 5
1519 30 2
1519 31 48
1519 32 7
1519 33 21
1519 34 13
1519 35 29
1519 36 35
1519 37 4
1519 38 16
1519 39 0
1519 40 48
1519 41 0
1519 42 48
1519 43 19
1519 44 23
1519 45 16
1519 46 35
1519 47 22
1519 48 41
1519 49 32

