50 50 3

0 341 484 55 64 317 87 201 401 57 406 231 113 81 145 96 219 221 381 71 80 262 343 261 166 52 257 421 350 391 324 330 439 63 335 209 330 128 117 438 342 473 375 406 260 470 208 429 190 88 
207 0 427 56 500 395 172 52 151 299 108 248 122 388 186 342 429 346 172 263 413 316 104 141 190 460 107 366 167 242 263 413 399 189 419 399 83 298 157 391 96 215 346 376 309 482 424 444 83 95 
206 202 0 117 260 293 257 427 106 123 93 299 92 212 197 231 131 302 472 135 409 118 388 330 414 470 345 152 394 288 185 195 444 94 263 411 337 470 337 394 299 136 399 341 299 95 279 136 348 457 
221 463 74 0 315 500 195 285 344 297 178 339 188 323 489 232 85 399 276 262 442 376 267 78 274 315 83 75 93 169 129 256 96 299 487 361 298 181 145 348 184 480 186 79 303 382 261 94 487 243 
62 429 325 487 0 213 98 301 453 331 100 121 410 306 374 208 292 234 212 180 86 60 314 65 403 343 74 284 311 326 478 53 338 406 329 80 325 133 331 277 414 137 104 80 393 428 238 392 368 401 
71 404 167 91 176 0 69 385 200 60 402 232 488 161 277 149 440 307 424 280 138 407 400 432 461 430 325 388 375 423 255 275 444 366 392 485 492 167 125 398 177 477 130 371 138 357 470 284 370 393 
270 214 55 170 146 466 0 306 421 109 180 343 71 161 493 387 259 233 378 377 309 482 260 492 111 131 129 174 100 120 495 200 340 208 205 216 304 378 229 431 437 359 480 458 227 472 344 436 205 428 
68 220 166 486 211 227 116 0 498 108 373 324 102 72 370 260 435 86 271 312 265 201 248 330 181 413 56 359 463 199 63 147 424 440 263 409 358 440 231 355 254 104 385 306 333 254 273 474 290 494 
285 261 401 240 298 81 359 60 0 147 321 416 367 418 340 307 387 248 164 83 186 225 287 240 109 93 279 69 72 253 310 65 244 277 172 190 281 411 499 292 57 76 207 374 200 497 180 87 452 50 
120 137 432 357 83 247 156 312 267 0 178 271 283 400 466 59 279 362 291 189 361 289 196 387 446 276 86 199 407 123 150 163 400 444 95 464 477 292 119 495 58 455 266 291 110 438 57 339 299 54 
478 366 293 380 252 238 156 496 143 269 0 325 243 138 225 186 183 395 369 182 220 120 397 174 92 395 442 480 402 280 485 162 465 351 405 100 309 349 206 60 443 181 336 392 270 267 285 159 161 153 
498 331 430 395 212 472 496 153 451 153 139 0 192 265 103 249 169 154 57 224 66 68 373 405 110 265 381 327 500 490 194 359 244 475 289 345 186 260 340 496 418 443 135 316 414 188 64 289 499 278 
463 272 296 336 176 112 307 56 389 62 252 82 0 371 446 264 366 497 156 333 92 152 457 485 237 272 154 131 493 393 130 270 356 108 273 398 234 335 204 240 224 216 198 463 293 351 226 366 347 333 
405 146 191 361 337 378 339 442 215 331 334 51 307 0 189 109 79 293 293 365 447 239 295 369 388 464 369 445 190 234 498 229 138 143 370 205 431 454 494 372 168 80 205 377 337 101 436 123 344 436 
438 291 174 439 366 268 402 234 212 298 418 210 477 262 0 59 102 417 440 262 166 311 137 403 467 464 447 274 399 69 117 334 213 114 215 151 431 433 52 371 352 57 496 268 484 257 277 293 381 424 
54 253 234 348 156 407 311 309 180 417 84 455 457 247 68 0 171 104 449 311 313 320 369 320 71 343 60 278 119 303 365 249 63 118 434 362 431 96 379 239 434 295 480 388 252 226 162 373 487 111 
390 299 137 258 326 158 100 336 142 377 345 458 125 358 282 265 0 426 212 68 305 157 452 99 136 95 57 68 207 137 54 475 477 59 318 235 335 182 492 170 275 124 221 439 200 79 220 171 211 138 
189 466 245 140 272 331 392 279 349 99 366 109 280 99 118 98 491 0 404 437 482 280 418 106 452 356 463 237 282 133 398 370 273 120 321 119 342 151 218 327 206 474 400 472 253 205 90 57 195 200 
445 383 430 362 439 381 425 157 117 206 241 222 283 220 292 103 496 340 0 412 213 373 324 186 272 296 390 427 92 153 328 242 97 211 171 410 356 259 90 464 82 453 411 254 235 337 252 496 332 91 
407 252 415 230 388 393 232 484 76 274 137 354 466 391 271 137 56 127 102 0 96 90 134 500 207 339 441 494 297 436 81 339 342 283 460 279 378 352 461 117 134 235 204 195 407 302 416 250 308 493 
302 355 289 143 110 446 188 50 195 435 437 434 273 485 216 439 263 300 291 431 0 368 131 372 278 276 278 79 192 479 338 184 487 399 180 129 215 125 267 215 478 202 358 411 181 343 333 120 312 133 
117 242 451 198 320 228 181 98 258 323 283 302 213 476 200 343 312 121 175 78 493 0 152 437 351 269 325 400 101 395 418 184 218 367 134 366 186 69 497 441 277 75 430 285 239 406 435 288 217 262 
413 452 254 64 389 104 490 420 210 91 314 128 225 482 445 66 103 337 85 307 278 68 0 332 207 303 277 112 444 65 486 205 428 438 409 199 82 464 188 452 380 436 472 458 161 453 158 384 262 446 
419 68 223 437 107 380 239 90 199 182 105 184 337 240 328 452 145 360 171 490 67 51 426 0 489 215 293 441 324 176 410 476 301 184 198 237 448 284 182 489 189 70 300 80 113 246 358 64 341 425 
186 87 442 187 219 431 352 462 127 382 344 487 357 144 378 261 87 325 252 219 313 147 446 113 0 177 58 65 242 72 357 166 208 150 107 101 319 488 160 487 322 248 330 308 312 180 185 279 217 217 
481 142 480 335 294 299 462 302 315 410 324 378 75 239 478 340 497 52 83 363 489 355 111 74 370 0 373 204 261 151 127 428 339 426 408 173 219 413 341 227 227 251 257 311 483 446 495 322 199 497 
356 61 241 210 122 472 286 445 175 498 303 459 425 141 140 88 471 65 208 67 242 141 475 450 403 458 0 151 397 486 300 150 97 68 97 258 140 69 250 292 401 247 301 360 379 148 206 417 118 222 
124 342 170 423 317 119 325 481 428 428 466 434 284 63 452 332 478 299 351 227 297 251 181 97 317 59 195 0 230 182 470 402 464 311 278 386 334 348 417 314 482 344 487 415 128 500 367 166 233 372 
467 166 168 424 297 215 241 62 116 421 402 85 78 365 102 306 457 387 360 373 407 341 423 393 463 257 148 329 0 373 87 200 339 204 74 470 207 239 210 220 61 337 328 96 121 399 355 133 355 448 
444 434 355 491 112 247 453 320 102 488 399 139 394 445 293 174 414 207 363 123 133 130 166 411 383 237 309 238 320 0 370 185 470 303 490 217 121 444 376 391 496 120 290 341 220 234 341 345 147 498 
414 427 130 495 299 247 377 242 55 114 268 375 457 238 384 446 161 455 145 487 102 347 313 342 188 484 282 235 328 135 0 232 241 268 68 235 66 265 112 258 477 383 232 107 339 176 441 492 287 151 
343 481 203 190 293 251 84 276 483 269 103 324 207 51 91 432 236 107 403 54 71 379 388 461 436 433 136 132 424 374 233 0 267 110 387 163 353 137 404 336 327 379 389 150 292 390 399 223 333 212 
125 93 234 210 431 401 145 120 487 227 250 116 410 467 176 52 336 480 347 239 315 173 117 410 480 115 56 378 288 95 90 119 0 138 481 279 276 381 374 346 123 307 95 190 424 269 316 426 311 51 
272 50 72 151 324 433 338 390 195 422 384 240 218 454 84 405 232 66 492 313 362 115 326 164 255 249 139 277 382 400 279 360 156 0 301 218 431 440 55 76 341 183 410 287 352 119 322 256 58 338 
248 321 407 69 353 277 274 102 366 50 434 472 486 293 128 287 461 265 433 222 498 274 356 163 60 207 233 88 169 241 133 123 268 246 0 142 327 473 122 379 94 330 68 65 315 312 350 308 479 114 
241 201 111 221 263 225 438 176 164 233 51 111 316 125 85 61 424 362 484 497 241 284 326 259 299 140 277 149 155 463 420 346 370 238 273 0 132 169 417 465 283 149 466 344 415 297 135 182 221 447 
372 217 394 155 249 360 161 339 136 260 200 305 386 252 174 123 475 463 242 392 183 475 491 149 74 162 396 159 294 116 313 373 490 206 478 238 0 65 138 284 359 104 434 163 197 186 495 270 367 213 
463 465 347 193 456 202 425 324 97 290 324 371 102 196 116 259 381 305 274 225 295 132 487 228 246 183 120 447 403 438 159 121 402 456 472 113 157 0 396 143 412 185 418 489 238 320 104 447 407 115 
427 132 116 59 325 51 462 458 121 408 116 265 273 188 374 436 159 193 92 54 287 210 396 411 405 133 437 216 286 344 488 213 182 104 429 457 105 390 0 414 383 53 480 148 276 374 472 211 239 371 
461 243 157 377 346 274 282 429 211 204 422 54 191 134 393 245 269 349 300 158 469 183 368 204 488 350 285 215 268 474 85 228 424 193 311 269 417 299 404 0 334 453 325 94 351 165 437 95 140 492 
102 248 216 442 322 371 429 172 362 143 390 335 385 324 258 77 341 233 201 140 137 241 299 168 286 149 491 429 402 130 421 454 85 136 151 357 213 79 235 74 0 379 331 116 263 154 324 498 202 264 
405 499 351 145 297 225 137 153 215 66 261 52 193 421 87 279 71 150 199 307 92 430 392 373 496 154 234 76 358 386 290 469 384 140 321 387 71 408 246 444 180 0 457 446 323 133 239 309 154 339 
458 167 381 387 58 461 383 163 194 409 227 79 405 196 169 495 223 262 272 130 459 215 468 171 160 290 255 349 98 115 395 262 233 482 356 241 442 445 110 135 109 288 0 371 464 190 246 214 363 459 
436 199 417 151 166 294 468 163 255 73 418 321 418 387 260 155 242 451 97 186 61 389 452 55 467 415 402 212 128 471 170 270 169 293 371 493 87 95 362 499 118 279 319 0 242 372 78 347 113 236 
150 456 454 246 407 215 212 77 116 130 362 86 251 132 412 250 209 160 494 461 472 493 78 458 67 477 329 96 324 149 282 180 311 442 376 425 156 294 452 222 375 70 465 332 0 152 132 81 67 243 
75 479 421 67 56 134 291 240 414 337 63 269 325 400 79 266 483 454 128 276 162 300 150 182 471 188 491 103 220 57 296 245 242 216 469 456 301 259 195 421 303 208 396 334 314 0 181 307 296 342 
385 72 454 392 379 342 362 67 332 415 444 95 417 395 288 133 119 243 140 84 388 267 337 302 369 378 115 500 184 118 341 275 140 50 166 225 342 479 449 380 149 392 426 66 286 420 0 356 355 162 
202 390 256 419 433 57 287 310 329 493 200 397 334 426 243 334 91 419 383 276 123 262 376 466 187 392 458 106 454 69 425 155 165 180 280 304 187 273 321 223 265 471 119 98 396 313 139 0 194 438 
472 176 60 233 51 232 127 149 190 390 309 416 315 414 80 201 193 334 95 416 154 268 181 332 337 436 434 356 74 127 293 252 461 304 436 218 486 269 74 382 158 333 297 179 247 327 331 146 0 368 
376 269 228 143 156 59 186 91 444 493 323 277 285 74 237 295 216 162 281 191 186 369 300 469 166 429 422 199 466 68 66 341 287 452 190 149 461 327 190 160 75 219 144 310 451 87 312 373 199 0 

945.45 0 39
945.45 1 18
945.45 2 29
945.45 3 26
945.45 4 3
945.45 5 33
945.45 6 14
945.45 7 34
945.45 8 27
945.45 9 48
945.45 10 28
945.45 11 2
945.45 12 23
945.45 13 32
945.45 14 31
945.45 15 14
945.45 16 13
945.45 17 32
945.45 18 19
945.45 19 20
945.45 20 43
945.45 21 22
945.45 22 18
945.45 23 12
945.45 24 35
945.45 25 40
945.45 26 1
945.45 27 39
945.45 28 24
945.45 29 30
945.45 30 3
945.45 31 14
945.45 32 4
945.45 33 38
945.45 34 41
945.45 35 7
945.45 36 27
945.45 37 6
945.45 38 46
945.45 39 5
945.45 40 10
945.45 41 25
945.45 42 13
945.45 43 39
945.45 44 14
945.45 45 44
945.45 46 4
945.45 47 27
945.45 48 33
945.45 49 28

