50 50 4

0 200 452 361 111 323 166 180 194 306 375 409 328 215 247 284 179 396 387 112 84 112 321 84 155 192 162 250 397 99 312 330 249 470 397 310 292 270 196 436 75 71 345 354 443 298 344 122 400 438 
184 0 190 500 212 224 361 354 336 111 457 385 129 493 340 98 389 356 341 365 52 483 391 280 83 451 222 331 294 294 230 231 185 370 437 347 300 298 200 342 115 363 226 194 355 272 449 450 128 496 
315 337 0 479 412 116 61 362 288 99 362 82 486 300 217 356 236 63 362 240 420 204 305 282 136 205 136 359 361 292 193 356 106 480 90 224 95 102 85 89 358 154 121 343 404 495 405 346 57 267 
86 183 421 0 97 415 263 460 257 328 320 500 471 175 312 206 423 487 458 475 278 498 88 382 325 381 492 320 286 338 83 52 130 217 179 177 131 148 343 95 427 162 94 153 495 112 310 173 98 474 
147 327 471 185 0 415 52 272 407 322 57 244 355 266 80 71 395 207 360 494 257 405 176 125 205 279 326 267 295 449 316 269 302 349 446 437 263 448 416 376 476 423 326 331 189 356 108 290 270 418 
490 477 78 165 101 0 233 151 378 451 396 326 473 371 128 321 73 271 290 471 186 166 447 316 198 484 211 54 91 451 274 216 197 250 244 312 57 184 169 385 134 272 418 313 142 252 133 372 473 129 
343 366 452 496 388 150 0 235 98 154 483 499 134 405 195 90 356 214 97 490 89 189 330 311 313 142 160 64 432 482 243 267 80 315 219 282 202 319 467 250 179 206 456 470 110 357 59 172 70 313 
161 110 208 197 127 227 289 0 237 448 427 219 191 194 456 212 363 238 365 388 411 114 66 323 69 242 384 133 251 55 153 270 374 420 429 70 498 362 66 441 310 443 366 451 343 322 162 205 59 233 
299 176 298 71 450 73 263 89 0 363 220 301 467 441 174 142 125 402 346 437 418 287 246 116 152 403 410 180 272 321 396 455 120 72 459 141 472 239 355 60 101 74 67 274 465 192 123 296 93 419 
233 461 412 185 76 271 295 192 401 0 66 464 297 227 83 75 393 174 497 131 235 263 389 260 280 370 431 178 443 434 221 117 166 388 480 57 171 250 302 313 357 74 276 153 459 65 385 351 190 381 
188 375 350 76 341 337 152 479 221 94 0 412 393 162 284 487 348 498 364 97 300 177 160 80 159 471 489 382 355 95 71 443 233 152 499 467 200 335 118 178 56 370 296 155 238 79 348 85 76 212 
339 82 95 449 320 411 419 64 292 274 110 0 69 423 500 379 421 466 78 463 291 413 469 367 208 330 104 444 384 139 226 95 428 466 347 132 285 465 51 299 256 482 115 276 404 115 154 80 287 389 
493 284 301 217 150 215 497 204 365 381 500 90 0 182 427 262 236 59 497 200 267 52 406 455 117 388 114 389 248 144 176 343 137 410 350 304 60 271 57 421 135 144 421 383 276 103 144 218 319 141 
368 85 350 481 246 417 124 310 306 79 405 188 372 0 248 97 222 51 314 443 58 235 78 152 362 167 135 415 261 303 234 108 378 476 408 114 222 81 188 238 337 217 142 231 89 96 278 468 98 299 
410 313 484 194 172 101 67 464 466 279 473 199 93 350 0 382 452 414 310 239 309 498 75 476 347 463 271 393 240 238 197 245 355 461 228 255 339 279 273 302 452 258 274 357 301 331 238 459 244 498 
197 259 252 429 442 98 391 212 197 338 157 345 82 218 61 0 468 179 350 453 158 151 404 366 375 468 374 205 205 88 156 410 443 121 368 371 62 172 469 225 319 62 88 163 301 256 174 268 385 230 
428 250 331 87 115 413 54 195 324 417 441 186 326 383 258 400 0 460 270 71 184 445 340 196 239 210 448 201 90 422 293 271 349 493 101 387 314 220 147 460 495 63 400 180 95 489 388 445 448 365 
466 132 65 306 485 255 466 432 406 262 110 198 483 165 190 291 51 0 455 461 149 170 211 369 69 98 415 264 192 359 211 56 325 500 72 337 485 277 58 172 182 270 232 87 253 348 227 250 105 388 
210 411 57 128 280 283 176 194 497 74 52 415 81 83 414 103 370 398 0 86 134 70 425 355 252 462 314 306 396 63 362 283 430 272 291 57 258 280 390 402 277 415 161 191 202 401 104 462 478 209 
498 111 229 178 416 187 140 436 444 242 449 61 475 135 283 472 349 248 252 0 446 356 235 360 467 376 268 124 186 229 101 345 433 162 280 110 285 418 407 427 361 148 132 372 330 217 361 57 65 315 
259 217 171 444 283 344 75 50 418 419 229 469 263 161 338 494 222 329 167 335 0 255 234 434 337 312 470 260 379 477 483 194 443 199 315 142 433 158 168 433 76 86 369 251 55 480 295 499 408 123 
372 450 85 105 383 128 367 108 339 246 84 321 390 477 470 204 119 158 68 444 91 0 301 236 410 259 241 145 53 447 260 334 318 209 369 374 298 447 447 356 492 192 146 312 288 330 489 198 155 146 
217 98 187 224 491 303 433 231 155 437 177 365 477 202 280 101 282 284 498 228 346 490 0 127 442 57 365 478 496 270 132 142 437 387 486 160 377 496 300 315 150 443 198 221 419 350 207 470 338 441 
223 273 286 419 350 434 427 421 412 178 190 250 477 126 344 219 444 220 214 450 241 70 392 0 390 448 66 446 154 242 284 94 415 56 86 334 112 226 467 483 137 351 173 94 328 456 388 497 155 314 
417 104 55 437 202 151 384 218 96 488 410 86 288 81 92 80 121 154 256 294 137 100 144 467 0 144 422 422 238 174 284 51 90 338 263 477 247 364 116 171 411 310 288 447 97 319 246 334 146 350 
90 390 193 140 484 366 234 162 495 178 286 278 179 83 322 393 59 68 256 333 190 373 142 428 76 0 397 453 272 230 98 328 270 194 228 116 177 93 56 496 87 184 489 71 314 71 344 413 287 118 
375 119 258 455 419 392 481 315 100 252 251 148 79 228 292 257 294 176 57 301 378 94 435 366 323 455 0 387 166 123 381 234 449 450 199 403 368 297 383 389 348 341 140 446 370 74 445 334 318 327 
341 325 204 141 260 277 414 421 370 286 495 250 227 199 200 376 101 274 172 190 370 470 481 216 172 106 240 0 323 146 57 149 193 333 59 492 299 493 161 219 363 398 420 112 331 118 469 206 376 450 
84 65 319 261 252 485 383 65 224 412 368 231 60 61 270 276 259 68 269 370 445 338 474 364 400 304 433 369 0 216 308 318 251 80 343 462 489 327 344 260 50 462 128 438 228 346 208 454 104 433 
429 180 377 266 154 241 373 164 380 448 331 394 472 81 180 314 249 169 140 299 135 347 260 213 284 438 265 198 147 0 75 131 76 206 458 499 66 405 371 180 284 318 217 178 289 455 308 102 203 183 
399 452 269 245 211 188 236 148 404 384 246 185 465 479 341 179 477 357 83 104 244 74 372 411 202 368 366 216 176 68 0 350 75 227 325 477 388 463 212 243 122 96 195 258 267 173 305 152 356 369 
393 410 112 417 489 229 325 356 94 491 482 320 96 263 497 371 240 384 90 402 333 369 204 478 333 178 150 138 280 213 213 0 172 122 275 88 110 454 363 172 255 110 154 74 156 367 70 234 313 160 
481 215 444 105 125 177 389 253 278 233 240 197 396 362 269 377 157 86 330 226 208 84 286 68 315 149 142 91 89 405 202 276 0 326 352 331 402 479 219 154 463 158 344 159 260 413 379 136 69 171 
173 452 329 414 445 104 229 300 196 270 339 100 178 114 377 480 395 485 215 321 138 177 185 189 287 396 308 372 238 327 493 117 485 0 77 482 429 131 417 228 484 393 273 291 278 337 374 257 439 358 
422 466 202 306 150 97 92 252 355 414 197 388 162 264 373 189 452 301 478 124 236 217 224 459 458 452 296 331 415 441 395 93 406 97 0 349 262 144 391 465 206 60 368 93 172 131 416 67 290 424 
251 364 159 419 87 324 132 245 326 414 160 266 64 203 171 111 51 140 413 148 104 118 158 422 161 487 259 284 260 499 207 218 119 72 343 0 363 102 425 108 379 94 218 144 109 127 473 377 335 112 
289 433 373 357 297 50 225 490 259 459 456 465 372 173 83 150 466 396 202 147 210 80 191 134 382 457 211 110 334 496 172 122 428 251 186 431 0 251 361 420 460 75 376 180 397 255 213 497 428 316 
405 74 476 192 215 110 73 172 478 340 456 474 218 284 157 419 420 88 376 487 214 91 61 296 222 408 51 141 160 429 407 272 453 139 414 374 406 0 193 252 383 483 414 112 200 198 220 325 324 465 
200 311 178 241 322 425 413 437 182 54 96 110 167 318 269 256 438 142 368 130 101 251 319 465 69 469 369 239 500 193 203 199 454 332 391 482 463 59 0 418 144 270 465 411 388 489 179 350 427 478 
218 263 78 175 82 494 194 257 362 140 257 54 293 162 214 331 52 196 500 269 113 143 489 284 53 132 273 389 433 406 367 357 375 395 238 407 388 382 371 0 457 228 127 217 472 239 382 58 449 284 
58 424 103 151 412 338 362 495 317 250 183 222 116 490 96 218 227 210 312 315 80 268 494 364 192 221 102 73 229 257 63 444 180 116 302 299 404 163 500 427 0 119 182 148 393 378 402 110 311 318 
372 332 348 347 81 211 489 252 470 268 188 434 281 131 113 103 139 118 214 252 117 140 78 456 446 421 89 103 481 106 371 108 389 425 405 176 342 393 135 311 160 0 273 451 147 110 64 201 200 339 
365 158 407 455 186 118 156 106 158 209 293 214 79 352 309 454 256 436 51 356 70 313 466 500 470 113 316 484 471 466 323 335 124 436 496 467 53 152 280 368 311 72 0 82 97 130 97 257 337 239 
259 192 259 278 364 465 247 183 281 438 153 453 467 194 283 402 190 250 161 499 480 480 65 258 268 319 339 315 76 382 54 492 280 470 476 143 435 222 484 422 366 136 374 0 332 488 157 440 384 113 
101 382 92 80 153 56 298 423 345 319 205 226 323 403 456 500 378 306 190 306 289 111 172 131 435 454 118 298 394 452 361 201 89 159 231 400 166 235 78 461 53 233 394 83 0 342 105 82 219 361 
222 475 356 490 146 194 180 307 262 429 407 421 496 107 216 155 495 322 478 229 350 194 439 82 87 228 374 143 260 299 210 188 274 273 177 126 417 308 383 385 443 289 61 438 102 0 435 299 96 256 
276 482 106 421 177 138 214 355 219 307 115 468 224 460 448 447 137 74 119 151 163 454 93 159 222 481 211 156 280 465 362 262 446 418 182 122 263 347 184 432 360 456 155 290 415 310 0 443 258 90 
61 359 203 222 402 68 394 139 437 500 369 401 361 337 346 279 226 175 248 279 309 179 345 471 491 135 385 56 284 143 96 52 452 457 224 354 475 324 199 411 79 67 67 390 110 364 375 0 286 245 
122 64 260 458 360 230 205 201 114 211 435 414 258 193 122 421 367 426 151 397 124 269 426 348 286 72 164 149 153 401 100 433 171 310 146 237 246 301 388 67 219 79 431 183 222 52 103 296 0 184 
204 192 465 423 325 68 209 103 390 64 206 290 322 345 167 338 442 355 84 449 242 308 167 478 238 300 200 448 353 446 338 264 344 59 393 168 284 308 221 173 79 134 169 351 429 287 188 370 348 0 

970.86 0 12
970.86 1 35
970.86 2 0
970.86 3 38
970.86 4 48
970.86 5 27
970.86 6 8
970.86 7 9
970.86 8 42
970.86 9 23
970.86 10 25
970.86 11 25
970.86 12 38
970.86 13 38
970.86 14 33
970.86 15 7
970.86 16 37
970.86 17 34
970.86 18 10
970.86 19 44
970.86 20 15
970.86 21 31
970.86 22 46
970.86 23 29
970.86 24 42
970.86 25 6
970.86 26 14
970.86 27 7
970.86 28 22
970.86 29 19
970.86 30 6
970.86 31 39
970.86 32 5
970.86 33 6
970.86 34 35
970.86 35 5
970.86 36 38
970.86 37 42
970.86 38 19
970.86 39 36
970.86 40 21
970.86 41 0
970.86 42 17
970.86 43 10
970.86 44 39
970.86 45 2
970.86 46 23
970.86 47 27
970.86 48 36
970.86 49 33

