50 50 4

0 306 499 493 179 285 252 249 381 167 55 435 357 456 150 440 271 108 374 397 364 301 119 487 415 497 379 127 437 336 456 155 349 454 147 478 445 106 434 326 223 439 467 80 395 323 226 165 381 100 
268 0 451 107 93 194 473 297 279 306 233 114 261 338 413 422 192 147 366 248 287 398 177 225 364 414 326 187 140 197 274 190 415 432 454 215 125 426 462 354 232 401 174 199 239 87 120 137 391 193 
91 177 0 90 218 108 405 132 385 298 429 288 71 118 410 453 278 124 284 204 292 137 142 192 469 291 137 262 118 224 152 261 265 486 57 190 300 412 272 391 416 200 179 438 475 88 146 252 369 137 
162 160 224 0 254 302 399 252 390 160 320 320 469 80 292 454 87 432 461 206 410 351 121 316 480 265 497 274 118 455 349 205 117 459 135 77 468 485 279 113 144 98 139 113 128 381 273 373 68 233 
285 428 84 356 0 450 270 328 446 495 396 401 99 100 224 265 185 251 232 169 237 51 471 285 140 83 120 472 306 443 490 490 434 174 280 289 330 500 116 276 250 218 383 300 268 313 64 160 63 453 
279 457 454 456 242 0 93 489 312 64 51 461 261 491 394 141 477 389 421 476 212 403 226 380 285 476 355 304 246 465 74 198 450 481 151 406 222 194 150 240 416 151 407 383 141 56 474 117 396 150 
300 314 53 476 193 495 0 207 254 299 159 218 323 307 375 303 408 280 232 308 380 422 430 238 85 312 329 91 492 153 437 142 159 250 352 341 150 102 498 354 351 156 279 380 169 153 390 283 139 328 
297 225 456 227 413 491 489 0 449 82 237 308 225 85 417 182 387 257 282 439 461 342 497 323 120 132 198 430 228 431 275 55 227 207 462 404 119 452 149 274 240 92 288 416 127 204 97 464 167 85 
158 334 133 154 156 411 444 60 0 340 171 441 322 177 375 479 345 485 304 52 133 78 243 175 72 365 252 434 412 422 100 203 80 141 286 391 454 196 90 465 243 212 405 64 95 279 249 146 264 52 
148 103 287 341 436 310 205 394 450 0 323 316 500 232 102 347 225 199 301 371 240 265 320 158 376 90 410 362 289 55 125 499 153 385 492 201 320 57 112 421 457 142 443 213 80 495 59 255 400 310 
126 346 281 152 210 157 193 119 469 432 0 331 300 186 191 184 178 342 211 185 160 338 349 459 280 61 490 481 277 244 380 87 76 433 74 179 142 181 322 419 356 460 249 155 146 390 497 274 438 414 
165 305 251 220 263 481 438 459 461 215 203 0 96 459 229 479 483 358 328 164 386 246 226 346 201 332 442 298 84 422 442 448 293 246 405 464 216 385 401 174 101 322 83 147 280 263 126 263 327 404 
133 420 356 309 265 56 140 206 304 381 334 246 0 84 126 198 439 296 364 323 404 245 374 225 278 228 456 247 60 218 281 170 301 200 476 109 415 482 407 327 493 494 160 445 78 443 142 467 446 213 
290 349 408 370 280 392 97 235 346 314 159 333 434 0 410 483 409 226 153 147 339 186 139 88 52 290 116 445 382 83 146 94 79 445 208 155 225 307 410 166 152 223 276 435 157 392 173 65 324 483 
369 162 168 214 408 170 454 474 321 336 263 418 136 292 0 118 51 398 500 308 63 166 166 236 392 307 343 283 186 115 107 168 434 426 286 355 333 162 308 63 189 143 276 106 437 68 382 438 172 381 
452 392 497 324 127 144 130 177 378 266 449 191 384 138 323 0 376 443 363 244 251 376 383 100 358 196 243 376 77 180 254 164 338 145 161 161 430 255 241 313 339 213 261 236 303 349 266 385 292 128 
128 249 210 218 299 67 364 493 150 147 379 110 261 424 413 128 0 291 342 90 483 154 135 402 365 322 205 420 294 89 418 128 375 166 288 92 172 61 162 371 161 259 456 429 226 379 341 61 170 182 
101 359 493 186 467 113 214 171 483 214 418 157 292 499 273 79 90 0 151 298 202 472 165 167 428 93 343 62 384 354 182 65 161 247 264 54 214 327 425 91 66 139 215 173 381 213 152 167 253 254 
415 161 225 79 485 359 123 84 372 457 144 260 229 256 458 199 260 378 0 477 184 419 493 480 134 372 361 53 474 478 464 227 148 124 159 384 109 468 213 143 339 170 237 306 105 199 263 254 165 347 
437 56 265 185 486 105 56 346 109 237 79 72 170 384 353 279 268 168 454 0 431 468 499 307 205 304 118 110 273 323 226 119 466 232 335 151 217 146 364 270 412 100 299 190 221 390 494 206 157 161 
159 87 336 158 345 247 168 413 307 392 442 239 461 408 421 51 265 345 148 128 0 114 266 386 119 407 313 459 156 225 322 474 335 360 309 199 411 55 73 79 313 415 228 258 376 342 179 133 106 230 
438 391 294 204 483 119 317 295 285 423 471 106 396 61 172 205 417 289 417 196 319 0 436 111 253 194 193 94 79 276 357 259 214 454 52 124 437 328 391 438 112 313 164 376 415 382 498 119 54 494 
243 201 68 178 469 271 78 161 71 107 387 134 316 307 87 318 381 230 353 478 375 171 0 290 489 497 205 127 251 481 338 244 223 489 262 108 457 239 136 117 260 194 211 344 460 224 137 485 312 318 
337 289 399 214 286 143 211 441 220 412 177 58 362 107 253 330 165 210 68 458 484 278 358 0 401 328 318 332 415 58 143 439 101 138 337 265 374 431 426 70 150 93 198 365 161 462 118 441 126 485 
459 290 224 443 148 332 270 172 370 185 180 219 123 231 307 411 202 388 341 335 408 197 134 312 0 269 246 273 93 393 105 77 352 346 458 50 200 496 271 322 365 406 452 290 479 389 97 145 90 191 
436 375 305 340 216 117 108 412 96 151 60 359 385 362 411 98 363 110 301 340 382 372 245 333 162 0 430 428 209 75 468 106 217 99 361 263 265 184 321 383 231 178 393 89 269 462 206 318 80 266 
118 370 147 440 321 186 101 250 113 467 482 287 72 406 92 384 168 63 67 196 396 455 324 496 250 93 0 213 406 117 243 171 185 319 475 331 139 160 139 95 430 105 77 424 335 189 466 425 307 236 
198 209 338 360 240 333 109 283 252 222 106 445 99 448 470 74 278 108 391 123 154 77 386 388 451 220 76 0 172 351 89 358 499 249 403 358 439 442 174 428 194 346 240 345 395 187 315 175 171 373 
273 245 233 300 130 327 457 56 109 335 357 149 400 111 104 302 176 249 243 56 176 143 108 366 439 209 259 253 0 335 380 332 314 124 272 320 411 98 483 173 365 317 236 220 423 298 274 431 180 473 
174 186 355 474 244 427 412 159 185 164 444 271 447 464 102 425 283 463 229 265 136 93 82 322 263 211 326 243 142 0 212 422 473 104 483 446 54 165 358 164 56 228 314 278 381 278 330 305 60 499 
485 276 341 284 64 370 254 225 402 447 73 114 125 496 375 107 198 380 430 55 494 436 440 307 213 321 291 249 332 302 0 455 316 284 295 307 298 371 60 229 273 213 460 93 495 211 418 309 359 297 
238 120 497 173 60 60 93 87 301 499 369 102 453 392 92 455 198 340 325 415 276 304 334 442 347 329 152 265 137 462 61 0 325 81 265 448 298 275 247 335 75 246 411 335 198 302 377 359 206 424 
184 120 406 438 404 347 285 232 449 256 319 166 474 350 405 238 54 202 463 251 244 245 203 154 79 352 162 162 210 318 85 100 0 388 441 245 291 287 236 230 443 442 255 108 415 105 463 153 109 372 
322 66 115 66 220 426 95 278 87 415 194 355 450 245 242 147 196 239 384 382 419 82 323 174 141 444 436 310 96 251 181 369 474 0 246 141 193 171 394 177 415 308 322 269 257 273 217 354 175 407 
445 56 81 233 85 412 324 479 347 134 75 304 472 150 278 218 448 177 95 341 305 461 148 333 436 112 312 153 172 437 266 323 443 297 0 56 478 209 86 456 262 377 237 273 349 93 50 273 492 384 
74 88 188 241 187 227 177 456 489 487 127 425 252 157 123 255 163 307 170 406 470 383 283 206 362 338 457 118 110 204 452 134 242 347 326 0 379 73 209 90 269 195 375 193 397 482 474 151 144 280 
272 256 249 361 489 162 429 326 325 497 386 479 448 227 220 50 52 306 74 418 346 293 112 220 192 215 201 372 72 51 152 50 258 107 117 453 0 426 496 279 250 492 371 228 196 304 399 196 62 411 
427 430 463 426 492 183 118 206 90 440 436 299 298 436 263 112 53 215 488 499 200 238 247 278 416 149 288 70 51 301 187 429 230 150 354 429 490 0 178 341 286 325 276 84 122 212 53 184 422 426 
172 420 332 116 373 316 482 472 104 259 474 355 396 402 291 252 462 426 241 140 267 478 171 249 268 243 167 479 134 88 404 463 459 442 78 331 258 266 0 59 68 231 483 129 334 140 370 85 308 52 
277 154 269 461 275 224 228 225 342 206 309 380 316 478 94 258 55 376 222 478 141 240 209 123 319 493 420 395 284 227 397 60 88 372 471 313 96 406 488 0 388 318 296 474 134 480 68 98 485 394 
270 219 241 216 134 70 485 333 440 135 116 373 483 334 411 354 304 431 156 416 418 250 234 421 224 318 400 242 122 141 342 342 310 82 264 150 102 248 433 248 0 89 499 327 71 88 445 132 343 375 
445 465 292 195 198 212 369 222 112 110 294 203 402 342 219 190 105 319 242 59 458 196 99 456 473 327 495 417 409 93 291 354 57 290 255 413 452 123 134 270 390 0 135 179 498 427 104 187 239 373 
135 455 330 281 260 493 460 87 243 133 202 493 130 262 256 370 467 168 322 89 460 298 185 94 428 182 227 482 319 172 111 160 127 147 147 93 346 107 130 88 397 283 0 287 477 251 494 347 218 368 
375 464 327 172 149 127 306 488 61 495 307 183 312 173 467 409 271 60 255 84 347 500 431 129 494 163 87 487 460 255 110 90 425 388 420 73 221 225 61 232 426 74 122 0 237 404 295 353 174 305 
314 415 152 69 101 438 62 215 475 499 381 436 316 178 361 410 97 140 130 479 358 69 405 138 141 348 493 386 200 373 398 464 495 256 484 95 193 252 467 375 458 104 66 273 0 232 377 182 486 224 
262 464 81 281 368 377 128 423 369 221 122 448 118 293 442 324 483 244 223 234 417 304 191 471 321 414 409 404 302 394 127 64 358 366 51 432 242 337 354 317 57 183 264 332 182 0 413 362 371 363 
291 104 279 95 453 250 122 122 365 232 375 259 66 145 323 382 353 254 330 189 315 146 403 204 116 441 92 235 302 413 97 93 223 327 345 175 283 417 455 147 355 329 356 371 180 178 0 252 483 139 
81 379 160 384 488 70 207 429 112 392 437 231 440 480 404 266 324 286 255 447 240 352 302 275 415 172 405 299 131 143 388 369 228 254 460 423 274 166 351 92 57 287 273 203 474 177 175 0 53 169 
380 451 359 232 459 133 146 337 244 395 418 93 490 287 479 450 246 401 431 118 458 473 125 244 453 486 424 336 160 428 455 247 134 313 185 92 152 281 379 102 382 297 145 127 290 330 77 242 0 230 
214 310 187 186 141 138 345 126 61 180 444 439 134 190 72 153 325 114 462 312 200 63 400 203 366 234 199 195 468 391 376 181 407 269 73 498 357 369 331 369 255 274 307 340 170 86 199 201 357 0 

993.63 0 46
993.63 1 11
993.63 2 41
993.63 3 36
993.63 4 6
993.63 5 6
993.63 6 32
993.63 7 13
993.63 8 4
993.63 9 44
993.63 10 19
993.63 11 48
993.63 12 44
993.63 13 27
993.63 14 33
993.63 15 1
993.63 16 10
993.63 17 12
993.63 18 30
993.63 19 27
993.63 20 47
993.63 21 26
993.63 22 8
993.63 23 28
993.63 24 28
993.63 25 44
993.63 26 15
993.63 27 9
993.63 28 15
993.63 29 35
993.63 30 13
993.63 31 12
993.63 32 46
993.63 33 10
993.63 34 48
993.63 35 8
993.63 36 17
993.63 37 38
993.63 38 27
993.63 39 26
993.63 40 32
993.63 41 46
993.63 42 26
993.63 43 32
993.63 44 30
993.63 45 10
993.63 46 38
993.63 47 40
993.63 48 27
993.63 49 19

