50 50 3

0 456 218 471 97 300 487 446 420 50 244 84 446 85 192 56 274 211 109 224 318 464 53 327 400 63 361 463 80 227 486 269 390 203 446 437 209 433 138 129 189 332 163 135 124 305 141 104 223 200 
279 0 247 370 489 74 476 258 141 439 496 319 180 264 208 333 210 351 492 349 440 327 488 478 441 329 101 452 176 363 174 82 348 128 403 336 152 378 300 243 72 295 268 202 266 182 485 182 484 233 
481 179 0 59 224 363 450 260 171 158 386 484 489 419 331 116 321 373 425 198 172 168 428 174 142 129 146 275 114 278 465 297 465 350 62 395 419 219 154 89 327 247 279 315 165 316 138 192 188 62 
96 67 387 0 474 398 480 103 494 461 374 478 425 377 442 481 389 92 399 107 197 195 140 150 180 406 472 447 494 163 341 262 416 114 149 390 462 128 199 211 88 72 188 219 155 336 406 494 379 304 
308 282 205 398 0 382 336 59 353 489 259 222 329 472 137 394 120 233 111 405 382 273 443 160 167 368 265 454 273 466 332 283 273 113 195 377 201 481 387 53 469 145 432 53 116 68 397 393 252 215 
297 340 438 446 207 0 311 313 422 264 292 387 302 282 366 121 427 243 272 163 129 482 338 431 413 341 254 188 445 146 146 159 394 436 303 95 142 320 359 271 84 357 364 92 345 230 164 271 179 386 
140 465 124 184 395 487 0 476 148 174 176 452 270 492 101 413 50 146 261 320 211 482 110 68 102 153 363 282 267 341 411 359 187 375 433 322 476 420 53 331 300 179 282 277 377 333 396 377 185 156 
196 347 345 257 365 397 360 0 434 385 333 481 51 191 168 132 331 440 107 250 199 388 256 84 376 483 411 208 378 287 100 241 189 397 292 152 261 188 218 401 279 50 382 280 399 256 362 229 402 419 
185 100 63 147 134 389 130 495 0 304 214 488 354 161 176 250 403 486 217 297 203 324 75 411 412 61 309 167 129 244 275 255 379 325 268 476 165 363 312 366 373 233 353 226 344 236 182 454 221 105 
250 130 380 483 491 498 250 299 372 0 330 493 146 84 127 178 58 310 293 371 328 159 244 267 218 176 111 160 65 271 87 120 227 168 206 209 158 204 166 164 282 446 363 378 480 197 55 244 457 55 
114 491 371 64 258 88 191 75 406 206 0 296 443 483 473 110 189 389 426 99 54 89 331 206 402 208 392 305 421 135 261 426 199 459 296 421 216 90 111 241 446 474 243 145 456 422 205 144 66 337 
400 277 376 230 433 485 145 80 496 65 165 0 257 197 71 422 199 442 137 446 259 84 148 232 484 243 187 161 154 489 178 442 388 161 73 118 301 264 420 331 260 191 447 223 338 224 144 243 372 438 
188 130 472 286 312 211 479 205 322 340 400 206 0 281 288 318 304 112 118 68 482 399 485 172 101 207 216 482 301 409 353 238 303 433 416 89 451 333 274 363 154 113 262 311 100 256 335 355 318 403 
129 55 57 113 384 316 477 99 297 277 214 150 221 0 468 82 136 263 240 419 243 102 279 63 70 296 113 277 130 174 94 239 253 307 247 72 190 62 499 447 309 482 367 409 202 90 198 495 303 144 
169 253 403 399 266 423 194 329 199 482 210 451 220 169 0 464 417 192 153 185 397 306 445 379 173 109 287 213 464 282 223 107 401 182 460 55 398 383 200 433 288 181 142 445 107 262 408 475 160 61 
159 263 73 310 141 196 370 135 116 333 367 496 391 474 177 0 106 480 281 195 179 420 434 66 62 378 123 481 286 304 347 53 414 109 283 430 408 430 299 493 252 339 115 454 436 88 130 492 67 361 
187 403 487 120 419 499 204 249 235 196 52 288 406 172 348 189 0 102 462 325 107 210 76 396 275 480 331 313 316 323 331 383 216 233 369 493 359 124 196 107 65 99 316 304 455 195 358 143 454 319 
174 60 479 407 163 460 142 444 272 408 473 309 497 395 493 366 387 0 107 196 290 371 211 339 393 221 500 87 78 350 491 103 474 258 288 381 371 247 473 70 226 381 250 485 133 144 233 205 238 290 
351 478 160 269 72 53 440 71 297 469 127 495 278 101 252 66 432 329 0 470 160 349 195 247 305 180 331 400 363 486 344 360 337 321 226 105 99 436 495 120 233 219 198 434 448 456 185 220 387 464 
189 253 68 335 451 324 221 281 430 290 266 273 356 309 300 82 120 349 224 0 322 175 407 491 79 340 194 485 231 120 127 401 260 331 420 301 281 450 228 268 379 468 484 358 324 500 157 112 119 212 
286 147 337 400 138 123 446 489 314 177 109 392 284 75 429 203 82 416 152 260 0 390 237 227 129 94 257 128 408 75 405 119 312 51 163 211 346 236 363 335 500 246 150 147 481 382 282 183 414 404 
493 173 293 436 106 373 237 314 451 144 339 111 421 357 113 290 274 409 476 137 450 0 231 89 99 85 69 187 73 410 100 428 402 223 427 337 280 299 280 300 457 375 345 67 51 409 130 291 182 246 
473 476 195 203 65 452 445 84 138 225 444 189 152 101 118 285 145 104 84 375 354 491 0 456 406 264 457 314 345 247 202 90 219 178 442 129 400 393 73 434 238 248 134 133 106 392 201 342 487 256 
132 362 316 329 317 221 92 481 485 143 227 187 390 397 71 332 476 421 431 255 110 168 210 0 194 251 473 86 159 70 279 365 152 347 180 187 371 108 230 351 92 79 77 436 420 180 457 458 362 133 
144 324 194 263 240 94 220 212 337 329 440 116 400 298 413 287 436 283 345 372 340 143 401 368 0 79 76 254 242 484 116 82 128 390 226 97 129 270 474 498 314 59 437 380 409 235 499 195 377 489 
246 248 328 340 355 402 125 382 156 73 121 222 105 406 318 488 209 397 465 183 394 278 192 87 364 0 100 479 362 453 111 106 198 65 385 244 370 286 319 458 148 99 286 320 154 191 137 142 351 240 
106 240 341 90 382 134 404 188 112 472 347 173 78 252 188 413 446 264 405 472 222 53 70 214 79 381 0 355 374 229 412 320 492 151 160 81 239 244 191 378 62 163 431 185 191 182 79 310 335 294 
421 306 222 180 82 386 210 413 447 290 142 359 109 133 216 220 372 406 170 62 490 183 175 420 74 72 309 0 104 332 143 104 460 399 276 139 187 368 55 99 314 51 398 379 111 238 302 488 109 207 
364 328 403 497 454 322 71 476 337 332 64 430 386 230 84 368 319 221 442 81 271 462 82 375 341 350 112 142 0 337 171 55 408 450 408 404 159 436 181 341 273 219 111 202 104 291 444 178 317 164 
119 348 141 288 136 467 128 437 78 427 480 407 188 387 112 95 498 221 237 178 268 460 348 330 369 158 327 68 494 0 143 182 319 197 274 106 491 447 391 427 475 317 162 137 455 256 199 256 253 126 
444 137 345 159 191 381 234 300 207 252 500 57 141 318 411 121 375 401 67 265 83 248 289 403 336 450 158 485 206 361 0 318 356 448 369 221 139 249 162 145 162 120 351 376 211 168 494 489 249 394 
55 465 184 254 253 86 296 409 194 487 114 54 304 176 208 172 104 53 127 216 355 447 493 205 322 411 80 315 399 279 416 0 161 243 99 121 202 342 367 111 486 109 382 246 364 265 160 242 319 371 
76 241 225 473 233 137 50 143 167 72 249 396 438 360 346 243 187 498 291 53 315 276 112 404 228 182 168 338 131 437 208 364 0 384 140 92 116 227 92 417 100 321 372 446 258 231 498 207 368 252 
448 127 66 430 396 420 157 285 294 202 122 437 116 436 320 413 478 143 346 276 59 396 97 381 98 61 318 95 426 392 297 129 225 0 70 59 327 196 373 111 441 281 390 377 348 325 404 260 58 497 
313 492 262 208 88 349 463 99 373 58 475 264 61 104 195 288 320 472 435 192 290 131 424 179 214 478 211 324 444 426 320 256 417 81 0 171 455 136 133 261 459 348 442 222 116 252 123 354 71 95 
495 421 335 332 100 220 497 284 137 320 227 63 347 434 430 134 311 141 221 394 108 179 242 500 108 308 252 181 368 480 433 363 400 474 194 0 206 194 397 440 488 424 167 50 270 307 187 354 117 485 
281 461 92 411 409 91 225 216 293 356 291 480 496 153 379 469 53 85 369 401 475 357 324 348 113 93 154 250 153 428 234 385 145 483 51 53 0 74 226 427 73 288 217 52 283 76 138 459 79 173 
327 430 354 390 460 409 454 259 62 410 363 197 351 454 292 333 455 51 357 387 184 137 174 351 139 164 133 227 122 163 106 155 299 411 252 259 319 0 205 468 87 321 86 441 171 490 232 455 200 441 
67 86 124 154 418 182 451 81 265 177 360 378 234 221 177 351 423 142 376 334 316 169 155 109 110 276 98 499 437 456 195 211 492 270 315 165 402 472 0 196 166 149 262 251 89 434 134 146 112 226 
228 397 248 347 51 307 163 484 112 369 177 67 63 338 265 283 359 381 391 331 283 57 186 252 258 432 185 98 77 454 274 255 350 228 308 107 486 178 298 0 97 497 425 114 266 469 85 500 83 416 
146 120 406 153 256 157 117 187 499 165 421 452 145 382 302 324 190 115 309 318 363 112 70 494 383 286 462 418 492 496 90 138 115 446 448 78 309 272 215 307 0 387 343 465 239 224 473 62 364 88 
77 388 401 139 164 395 472 157 112 145 355 314 185 443 380 337 147 164 145 369 85 158 462 378 123 200 102 95 419 172 340 202 267 241 498 381 342 469 244 404 321 0 99 425 456 248 60 293 345 174 
144 213 209 460 382 87 82 288 346 334 207 468 174 115 234 121 113 322 169 288 65 279 108 321 203 64 69 213 63 364 337 364 284 497 323 372 290 111 159 135 396 72 0 102 276 138 494 347 201 71 
466 439 293 244 498 114 154 268 133 317 488 203 154 107 193 357 381 64 146 442 174 438 93 196 246 319 491 239 372 191 260 93 337 260 495 90 324 148 64 163 415 51 316 0 275 108 216 131 195 230 
434 137 110 371 387 464 117 206 454 62 284 145 480 328 188 239 322 228 269 420 242 382 334 450 404 316 264 119 397 410 56 87 253 116 164 346 79 438 258 484 451 493 335 186 0 320 473 375 348 200 
350 267 148 231 307 304 134 122 67 411 226 183 417 263 142 483 377 439 62 71 196 496 472 188 86 364 214 58 445 268 415 294 485 269 475 499 72 315 327 296 225 52 186 141 472 0 485 331 105 423 
343 126 326 94 304 220 130 167 141 345 111 359 259 355 100 234 329 98 256 350 375 258 75 134 394 373 105 135 203 160 57 252 443 333 52 246 260 339 363 351 390 424 209 148 485 259 0 88 69 63 
294 370 389 259 151 229 359 230 491 444 140 358 452 342 300 491 101 497 457 146 359 307 487 490 467 341 474 432 380 494 446 380 119 90 138 220 269 448 400 259 147 490 116 305 88 367 52 0 346 119 
459 442 184 266 428 173 439 476 354 370 355 103 71 234 172 111 323 342 86 477 448 52 123 194 325 379 232 398 381 77 467 95 225 151 311 153 481 456 128 334 82 189 387 103 373 58 372 402 0 106 
408 134 54 410 415 198 235 500 136 132 136 370 306 181 94 407 199 404 143 154 238 428 186 377 314 240 457 79 318 358 135 225 199 346 342 113 250 283 112 336 121 405 205 377 85 457 490 234 360 0 

1443 0 2
1443 1 34
1443 2 34
1443 3 8
1443 4 33
1443 5 18
1443 6 31
1443 7 34
1443 8 15
1443 9 36
1443 10 4
1443 11 7
1443 12 48
1443 13 39
1443 14 5
1443 15 29
1443 16 25
1443 17 5
1443 18 45
1443 19 14
1443 20 48
1443 21 17
1443 22 14
1443 23 16
1443 24 33
1443 25 17
1443 26 44
1443 27 18
1443 28 47
1443 29 8
1443 30 31
1443 31 5
1443 32 47
1443 33 20
1443 34 18
1443 35 31
1443 36 39
1443 37 1
1443 38 22
1443 39 10
1443 40 42
1443 41 26
1443 42 22
1443 43 46
1443 44 16
1443 45 27
1443 46 32
1443 47 46
1443 48 32
1443 49 28

