50 50 3

0 320 335 304 167 499 414 461 387 111 483 158 313 440 283 68 421 124 50 500 357 112 87 371 444 134 386 65 149 327 452 220 353 287 230 470 492 350 430 378 411 168 242 431 315 476 449 442 306 450 
442 0 369 61 235 240 211 76 332 226 175 365 177 345 217 170 282 394 161 131 79 246 249 405 438 179 219 169 127 160 182 283 308 50 50 250 240 418 276 278 143 401 142 478 452 66 354 233 410 222 
71 195 0 418 270 99 111 155 268 231 439 135 363 222 393 363 429 349 310 347 124 294 196 475 387 380 183 403 234 122 68 406 143 213 79 119 470 140 224 444 321 163 78 390 91 178 460 470 477 476 
316 308 269 0 463 282 155 342 171 264 282 244 489 394 337 409 423 407 378 63 337 321 90 450 106 431 491 441 390 461 173 121 483 431 340 201 420 202 250 90 172 482 284 161 376 328 69 298 441 153 
67 277 424 108 0 434 236 245 180 176 341 347 56 412 330 437 458 237 356 159 437 153 282 419 143 393 50 421 168 54 117 271 72 101 401 337 241 344 81 371 226 128 218 232 490 254 169 447 441 231 
313 378 334 94 296 0 428 193 52 104 67 56 379 288 78 430 395 121 170 238 152 247 171 437 415 353 182 168 228 129 109 166 148 437 206 192 439 340 91 197 395 108 203 480 102 439 409 447 59 285 
392 369 482 62 305 153 0 121 438 271 56 273 86 172 371 229 328 269 374 375 310 70 269 124 431 455 176 369 119 329 378 354 427 246 91 195 258 194 267 195 172 273 174 415 151 251 144 185 470 224 
59 486 452 485 109 382 439 0 442 250 57 270 334 117 197 287 366 342 495 266 315 396 144 294 69 59 151 270 360 287 446 290 52 187 241 488 246 122 182 394 78 397 163 363 220 66 149 85 115 350 
58 380 245 152 174 471 368 275 0 447 227 268 392 224 271 78 415 465 481 244 353 374 272 249 243 134 176 467 440 418 81 289 426 411 240 78 291 210 152 273 363 86 491 461 260 468 489 174 432 225 
368 492 305 347 240 255 187 122 221 0 127 491 252 122 416 369 69 200 160 229 59 383 299 95 129 259 305 97 455 185 235 179 53 226 191 106 173 152 243 245 323 76 235 281 149 358 149 375 264 466 
310 273 104 108 74 184 318 329 231 272 0 465 172 157 224 349 54 280 472 156 229 423 429 256 365 209 111 429 65 436 192 481 245 172 85 304 196 219 328 232 156 99 403 485 413 126 333 418 112 60 
73 291 434 453 253 298 368 70 226 383 456 0 124 120 408 453 155 418 356 80 245 87 393 50 440 377 413 272 210 86 334 427 110 331 360 269 291 364 136 311 296 226 267 371 52 381 79 157 298 385 
394 249 422 286 456 117 369 124 339 285 161 379 0 212 221 210 278 196 451 142 282 261 388 214 234 465 216 114 495 79 118 379 179 73 57 171 479 124 491 310 170 275 421 499 437 348 208 215 494 365 
63 482 333 157 196 66 329 118 338 79 355 162 408 0 240 186 171 362 371 453 352 180 122 333 100 120 270 154 486 191 147 350 411 129 182 67 482 406 102 306 243 131 367 355 246 107 247 367 419 325 
319 477 455 147 309 262 218 285 366 203 182 464 259 299 0 299 392 73 280 53 125 292 246 207 159 307 403 216 261 476 341 85 51 73 246 148 332 458 316 324 80 225 212 250 435 462 499 82 485 485 
85 109 276 488 473 385 50 131 307 261 107 147 52 108 170 0 249 413 209 206 436 239 443 160 401 192 301 362 190 89 102 381 124 369 157 318 341 492 319 423 299 286 236 152 289 50 273 244 413 188 
156 348 377 99 215 277 241 222 346 138 262 154 469 92 473 125 0 361 70 324 386 199 329 171 385 431 166 385 203 116 53 97 223 108 424 272 273 201 463 201 253 307 413 357 276 456 330 107 72 106 
381 408 255 209 285 139 347 158 230 256 224 233 304 397 291 227 168 0 270 134 338 422 337 144 334 194 126 496 230 184 67 286 271 425 247 187 417 336 484 74 272 239 248 455 493 145 453 220 470 222 
60 307 350 348 158 184 248 234 386 184 124 404 420 102 84 373 239 451 0 208 222 475 186 167 430 140 160 74 299 86 494 472 96 57 321 150 372 211 348 312 97 482 387 207 157 439 241 480 384 399 
394 312 373 79 429 302 170 88 82 419 331 283 146 378 497 174 234 368 91 0 82 179 138 63 272 51 378 417 243 357 300 348 251 111 427 280 491 436 156 285 468 282 116 457 134 200 453 258 140 320 
300 172 206 144 393 428 146 270 345 95 126 351 149 83 413 75 70 159 461 176 0 150 185 164 423 141 456 122 301 213 213 120 219 91 276 70 434 411 373 203 255 174 487 105 273 276 224 298 296 333 
466 179 434 150 293 356 448 248 185 455 168 104 75 93 352 57 320 286 174 192 195 0 379 316 388 191 295 164 365 93 166 405 265 295 94 121 295 156 275 249 498 230 367 308 462 167 160 225 437 152 
350 336 53 228 151 392 125 153 262 197 196 378 101 167 173 352 238 418 458 463 373 212 0 192 447 470 360 113 129 85 256 438 385 91 442 319 400 333 395 52 301 91 405 178 349 278 57 407 466 181 
120 184 54 282 83 451 252 393 270 87 428 232 476 312 274 417 131 380 456 232 138 256 273 0 249 140 328 477 355 234 442 242 304 332 453 86 365 403 495 258 379 81 185 111 56 204 91 179 285 421 
134 467 265 96 446 464 394 273 196 455 457 344 196 467 175 149 52 491 258 497 455 137 285 139 0 405 291 500 446 177 284 122 468 457 337 64 158 56 164 381 202 118 93 496 471 60 170 326 269 367 
84 473 321 378 257 167 282 254 166 227 381 157 55 349 320 342 119 429 104 440 309 256 57 109 251 0 234 326 127 60 94 201 94 66 472 178 480 138 410 234 462 343 321 118 348 376 388 396 445 316 
450 384 332 412 147 147 162 332 423 446 98 223 146 142 447 325 477 426 169 142 366 130 435 187 405 489 0 62 500 140 214 71 296 304 353 207 402 206 75 440 128 471 488 302 324 336 248 148 312 380 
267 404 246 348 94 139 459 289 358 458 379 71 480 381 326 88 87 434 245 112 373 79 82 360 331 112 402 0 285 210 420 372 428 323 117 482 123 413 440 118 270 398 203 292 133 83 324 171 120 257 
122 182 129 152 421 195 189 484 303 425 400 222 296 327 251 119 64 80 482 455 148 251 108 301 249 191 334 72 0 68 160 279 141 499 114 243 175 466 382 158 475 62 265 196 64 91 153 133 313 183 
321 267 281 279 81 288 478 429 328 257 203 438 242 294 192 63 243 318 235 332 182 210 100 397 112 115 195 216 405 0 458 349 433 431 337 211 462 331 395 146 159 151 299 303 344 300 446 357 249 263 
91 80 151 458 338 499 70 159 400 236 63 357 291 202 494 334 363 211 165 258 307 481 115 312 283 409 111 228 472 311 0 197 270 97 55 227 385 53 247 494 403 189 264 466 187 416 459 471 486 169 
342 243 182 322 308 444 105 424 55 490 395 72 394 164 119 399 98 211 158 295 204 267 191 174 232 328 90 397 298 75 272 0 140 475 404 168 489 103 223 168 108 420 63 337 313 384 407 418 432 324 
75 434 234 292 124 359 230 402 155 333 406 387 104 252 361 458 371 105 267 300 224 326 219 444 369 238 83 482 155 222 305 387 0 155 490 178 436 104 114 337 416 397 449 302 451 201 369 164 71 424 
382 321 354 414 247 297 282 435 331 264 297 259 275 183 364 471 312 299 74 132 342 440 480 497 448 186 197 316 57 425 447 389 453 0 300 58 406 304 497 340 341 467 136 99 242 477 169 212 495 174 
444 126 222 139 105 218 87 449 122 109 456 253 55 100 412 62 108 317 72 104 364 119 71 206 168 470 182 287 388 176 167 87 253 339 0 177 64 263 421 219 335 480 174 295 242 224 206 461 489 230 
239 93 93 308 321 456 426 497 138 419 384 471 292 178 223 130 305 445 343 432 163 385 167 495 179 115 218 335 75 207 64 264 457 314 71 0 484 270 203 480 358 328 119 328 119 247 258 406 258 409 
456 189 278 340 63 272 469 128 197 59 154 110 74 124 66 94 353 256 314 262 235 171 297 60 206 122 465 170 479 222 78 434 118 62 480 338 0 285 448 416 432 457 276 248 237 107 264 282 410 470 
302 378 411 180 174 177 336 454 141 212 432 70 447 121 345 459 307 182 243 254 97 381 417 324 335 361 381 98 349 497 274 150 130 391 280 462 68 0 322 415 366 484 102 386 430 380 230 389 186 362 
338 390 410 426 62 440 260 129 76 65 428 279 496 78 359 387 308 320 161 130 441 477 320 493 119 250 372 299 345 57 368 182 153 484 314 373 423 74 0 452 205 296 380 190 291 408 499 384 422 75 
251 258 222 435 78 215 53 485 293 302 329 301 376 217 160 359 482 483 488 262 435 192 57 70 332 54 184 87 389 105 319 139 70 491 73 305 412 283 289 0 205 292 117 212 167 284 322 477 472 61 
464 233 202 363 447 222 401 452 356 194 96 167 219 185 394 210 416 198 328 198 437 483 440 53 401 107 495 430 290 466 441 460 406 142 322 352 70 430 303 132 0 123 349 249 293 241 350 209 363 498 
243 60 435 433 207 194 333 471 395 262 260 117 409 219 473 50 248 80 277 177 90 359 457 145 315 456 336 164 371 405 161 114 172 302 497 329 447 329 55 97 298 0 265 164 206 190 136 414 388 167 
190 271 207 500 228 302 314 183 345 428 261 249 295 325 371 97 77 406 250 356 411 297 360 382 412 66 72 254 186 166 371 326 388 284 81 115 293 345 455 137 479 215 0 92 481 246 170 77 273 282 
484 336 193 280 195 281 398 418 303 152 103 420 473 380 63 464 167 335 256 463 496 99 197 211 141 384 163 468 167 387 250 150 222 393 137 123 173 485 492 183 136 94 309 0 316 180 322 279 298 363 
485 467 358 83 370 68 381 254 182 349 371 275 305 228 447 404 315 69 283 55 267 416 142 312 431 164 198 252 393 202 114 133 168 423 373 245 197 253 449 85 308 75 310 112 0 460 463 222 481 239 
456 487 456 371 335 474 302 449 172 260 341 324 81 424 199 210 52 394 113 462 98 356 477 330 372 295 290 335 468 477 280 423 463 235 293 297 416 301 245 87 268 292 117 55 422 0 473 422 424 122 
485 386 170 340 362 207 419 363 447 253 330 423 239 252 142 424 252 145 339 52 341 132 477 339 407 482 261 379 403 391 452 144 483 328 190 100 485 108 414 187 67 243 317 256 446 409 0 180 197 260 
225 406 100 308 139 146 421 120 113 299 230 454 457 324 193 492 464 243 476 72 156 163 89 106 186 296 258 301 182 161 60 357 66 318 371 155 414 498 433 477 53 162 186 460 192 329 207 0 362 72 
183 384 385 52 180 441 188 182 198 195 70 309 205 133 82 473 211 394 386 208 82 118 211 194 255 378 92 83 84 405 312 424 495 404 426 381 344 320 62 249 465 82 264 170 166 52 349 83 0 397 
235 241 429 59 403 330 264 487 128 54 70 483 72 445 478 426 126 358 477 153 127 432 324 366 195 444 238 198 293 271 301 234 463 229 243 121 265 214 107 344 425 334 326 447 485 59 129 318 124 0 

954.69 0 36
954.69 1 3
954.69 2 21
954.69 3 18
954.69 4 32
954.69 5 23
954.69 6 7
954.69 7 48
954.69 8 32
954.69 9 47
954.69 10 47
954.69 11 37
954.69 12 48
954.69 13 24
954.69 14 11
954.69 15 36
954.69 16 22
954.69 17 31
954.69 18 4
954.69 19 7
954.69 20 40
954.69 21 29
954.69 22 40
954.69 23 11
954.69 24 4
954.69 25 21
954.69 26 10
954.69 27 47
954.69 28 20
954.69 29 40
954.69 30 18
954.69 31 7
954.69 32 48
954.69 33 39
954.69 34 30
954.69 35 32
954.69 36 19
954.69 37 36
954.69 38 36
954.69 39 2
954.69 40 35
954.69 41 39
954.69 42 39
954.69 43 39
954.69 44 14
954.69 45 7
954.69 46 31
954.69 47 41
954.69 48 43
954.69 49 41

