50 50 4

0 285 245 172 79 301 168 57 217 77 256 342 293 95 329 469 257 177 86 271 66 437 244 430 96 107 261 426 190 245 480 257 481 432 135 59 439 254 66 155 488 479 204 487 280 483 455 487 366 247 
464 0 382 184 207 67 437 472 278 118 161 474 305 124 454 443 210 463 381 170 235 242 157 421 396 143 200 378 305 394 451 51 113 332 392 478 350 85 449 127 153 109 100 408 183 260 106 99 222 437 
219 164 0 179 82 84 74 383 234 159 394 334 316 395 398 147 494 375 203 78 79 281 181 138 87 296 478 298 352 77 226 496 453 340 381 242 130 161 331 71 477 224 355 292 325 459 390 318 89 92 
102 118 79 0 441 413 117 443 391 121 50 174 53 496 333 100 376 74 180 244 111 201 220 285 263 463 317 428 108 341 468 150 394 85 387 334 205 210 276 95 281 483 426 491 479 258 90 110 490 221 
304 100 128 475 0 336 97 193 359 476 251 199 199 107 92 441 444 132 145 153 114 190 140 97 322 338 282 80 378 342 69 305 353 119 140 83 161 187 226 226 369 183 376 67 240 418 459 391 257 103 
250 321 451 341 124 0 272 178 356 58 262 405 77 67 464 354 157 497 221 50 429 398 370 111 273 143 57 397 308 398 360 362 148 181 68 195 462 497 79 318 55 291 429 289 64 392 142 378 144 70 
379 72 174 455 340 153 0 97 347 500 112 452 360 180 99 247 198 451 415 194 480 439 199 477 367 195 492 258 287 369 108 63 454 130 187 408 420 290 212 474 497 274 425 112 404 474 65 308 180 430 
208 159 369 114 342 235 259 0 333 200 496 409 258 266 118 95 403 477 465 400 395 194 396 375 118 458 485 298 473 292 428 402 450 86 270 270 135 212 479 418 118 231 82 326 447 151 127 349 334 299 
248 435 443 350 309 61 307 293 0 309 279 291 237 388 447 480 364 217 114 75 402 239 350 132 478 383 78 128 460 134 168 258 88 102 201 389 361 212 402 360 227 388 357 170 482 60 357 345 227 421 
127 335 366 427 418 100 309 202 178 0 269 493 53 477 81 105 384 176 173 302 284 483 480 171 96 149 152 106 456 204 490 133 281 324 205 414 241 255 223 150 140 198 142 143 174 173 198 265 55 77 
66 497 267 496 374 313 352 233 369 307 0 387 358 146 374 388 302 287 336 263 460 436 353 157 77 202 489 408 107 253 169 134 269 165 351 472 490 163 323 222 238 336 108 95 433 188 190 441 425 476 
410 385 411 263 248 194 415 443 101 472 195 0 428 313 171 92 163 142 288 277 171 460 465 457 274 267 145 412 407 292 93 138 202 428 499 171 382 399 85 325 207 264 226 134 76 347 176 189 195 415 
172 72 130 344 480 111 110 331 473 223 123 65 0 311 482 199 65 152 288 170 394 112 327 157 495 411 390 98 294 286 243 415 164 266 495 458 452 105 274 282 285 447 111 56 464 299 413 235 401 407 
356 295 225 182 158 219 300 255 267 93 247 217 458 0 361 189 208 319 140 471 92 128 462 246 397 468 209 195 136 151 303 493 457 304 217 345 412 143 144 373 360 394 119 283 351 431 422 59 456 61 
480 498 347 441 450 243 164 366 144 458 467 397 206 179 0 200 130 230 319 223 325 191 289 218 468 72 276 398 444 285 353 212 471 106 58 167 56 458 281 372 101 445 94 449 151 223 355 231 403 173 
404 434 71 399 359 489 421 134 142 121 125 201 283 95 257 0 498 212 470 455 199 97 262 144 141 417 245 314 272 182 424 395 292 357 172 190 215 160 318 55 252 389 130 159 378 175 123 131 93 92 
292 243 347 53 93 438 421 288 459 399 176 382 500 418 445 172 0 314 367 282 131 372 241 226 453 350 310 334 423 391 378 222 389 120 68 393 370 212 69 364 170 418 490 258 417 407 410 88 220 276 
77 58 354 475 441 62 324 251 347 454 348 224 382 237 50 156 336 0 370 318 355 233 439 479 429 403 151 91 312 397 468 294 180 476 355 154 417 367 184 374 213 137 221 143 225 408 143 331 243 219 
149 304 158 294 489 86 196 140 127 215 243 302 215 373 277 69 477 400 0 387 160 273 99 455 445 193 179 108 493 217 58 212 316 68 76 109 57 113 462 354 397 383 96 198 98 419 182 117 151 81 
210 468 61 467 178 212 366 64 477 358 231 485 276 497 53 303 312 267 122 0 480 120 225 363 166 130 167 291 262 234 148 500 151 115 267 117 244 429 433 258 162 497 195 146 273 398 356 282 416 329 
110 395 399 285 464 271 365 130 268 333 71 366 89 172 432 306 239 382 235 171 0 346 347 167 247 199 146 144 262 134 59 90 194 160 196 186 124 417 257 204 185 90 225 257 129 103 188 385 292 276 
326 169 328 379 287 74 285 139 168 253 224 384 293 124 495 195 260 118 319 468 479 0 454 264 411 210 343 464 105 434 463 87 467 131 366 101 124 146 92 214 265 295 144 355 295 218 349 440 429 173 
258 396 359 418 366 476 335 208 439 146 348 157 183 70 239 255 122 313 352 164 233 323 0 410 327 177 411 252 233 350 180 356 315 282 421 232 147 396 273 61 91 369 115 198 259 136 143 464 415 163 
315 285 346 344 194 380 472 311 131 204 368 468 266 182 249 187 120 102 289 344 320 330 419 0 385 235 177 227 328 141 141 441 162 377 494 457 277 373 184 295 210 94 162 177 66 294 132 203 120 391 
199 170 417 235 89 301 420 423 235 248 270 82 395 139 409 144 302 393 467 436 187 383 236 299 0 266 252 299 104 162 125 201 311 246 117 496 492 369 416 170 310 370 391 342 471 480 458 115 488 350 
288 423 243 378 158 248 143 116 253 405 228 328 105 489 280 173 241 478 248 363 148 57 439 245 349 0 409 431 62 230 418 118 469 96 311 346 411 265 195 477 468 99 205 52 155 400 282 485 140 467 
232 209 114 239 147 65 294 56 446 307 443 363 375 411 165 393 463 75 157 365 51 332 170 413 334 482 0 69 322 466 366 288 197 75 108 142 172 123 143 385 68 156 328 137 481 445 459 129 164 484 
444 479 242 482 355 361 71 337 380 343 302 246 338 206 271 152 54 149 226 147 485 451 253 312 295 441 256 0 253 69 370 444 219 104 185 200 410 496 221 453 132 271 461 328 315 166 305 417 171 404 
349 475 388 300 228 199 301 375 162 53 394 238 447 320 500 338 470 409 334 398 117 172 168 77 450 433 194 254 0 349 71 364 198 496 252 204 430 157 455 304 476 214 405 214 368 224 213 412 400 328 
452 297 395 123 171 422 72 103 322 483 159 343 103 63 95 305 424 231 168 134 486 144 54 146 64 372 76 434 284 0 182 468 235 430 362 309 307 490 87 117 312 277 226 361 330 446 162 341 369 344 
459 209 85 309 213 388 79 292 414 463 282 95 430 223 231 498 238 489 488 276 105 55 259 488 122 88 189 235 135 264 0 285 300 423 76 109 342 414 138 133 83 308 365 335 237 88 66 442 483 261 
429 258 72 190 223 266 469 468 405 410 102 375 194 353 53 427 168 345 340 256 429 129 63 500 415 458 294 187 399 277 154 0 83 241 176 430 415 392 398 138 52 308 191 133 208 494 136 135 161 431 
181 123 115 261 344 322 382 57 115 68 406 98 172 195 497 54 124 167 152 472 255 361 486 396 444 194 145 79 279 463 460 410 0 293 282 377 136 103 258 143 375 483 255 424 361 156 420 121 230 293 
223 408 498 290 394 394 233 87 245 469 72 415 429 188 207 417 65 293 470 480 142 344 219 103 474 79 209 149 358 389 392 287 52 0 390 77 152 490 467 189 441 436 418 355 120 106 61 487 121 60 
456 307 152 55 476 205 236 262 364 91 119 459 434 112 218 79 139 320 275 106 216 215 492 133 70 318 189 81 304 467 92 466 274 401 0 227 456 313 413 217 383 455 493 98 144 105 266 173 401 85 
398 213 251 319 411 335 339 228 230 127 482 197 376 447 177 276 381 132 295 293 56 178 454 255 226 97 66 442 427 418 233 80 130 435 350 0 492 476 188 219 412 472 408 108 347 110 442 330 441 281 
124 234 494 252 394 248 184 198 472 332 124 389 65 155 225 206 211 423 181 105 349 299 77 256 114 374 316 55 203 257 493 278 197 486 236 297 0 441 371 445 412 202 69 56 424 381 231 129 298 361 
467 353 209 266 380 171 330 461 193 91 163 400 84 147 303 276 90 100 216 167 251 127 75 270 340 450 357 71 78 361 138 252 214 297 468 93 174 0 53 260 317 94 374 424 335 227 226 111 267 483 
277 140 234 111 166 210 401 115 274 178 350 134 266 101 54 269 68 305 393 71 64 210 323 388 133 157 322 65 218 295 255 202 386 195 263 51 111 370 0 323 335 499 172 176 264 224 180 240 449 435 
132 227 450 292 500 93 131 156 121 354 81 123 108 233 459 460 202 216 70 71 489 112 276 160 238 247 90 124 437 490 266 68 216 422 67 215 221 355 77 0 293 208 315 366 473 254 80 432 162 453 
453 184 441 271 166 307 215 363 348 289 299 93 261 318 259 389 335 180 110 189 414 109 104 229 181 76 189 418 215 302 370 374 192 310 144 308 323 309 171 377 0 304 420 420 272 237 385 160 278 271 
220 174 185 486 228 120 166 461 259 83 175 60 159 499 202 175 349 461 449 157 131 81 168 257 452 390 445 92 500 429 314 427 102 449 412 487 275 285 448 484 74 0 122 251 184 328 159 65 176 119 
464 491 407 252 365 164 203 254 315 452 460 243 472 142 52 420 54 489 401 496 436 385 276 265 342 166 92 451 182 425 277 145 171 183 347 486 53 256 446 74 415 162 0 268 386 254 270 62 465 258 
413 460 401 53 443 165 345 108 414 52 240 94 279 92 423 168 145 408 172 108 110 403 473 429 170 114 182 146 126 147 111 246 313 218 249 462 333 301 70 453 303 260 497 0 81 58 419 199 154 83 
77 212 350 431 391 278 307 455 410 160 81 263 428 277 283 145 232 244 184 483 471 136 492 438 339 72 446 258 429 99 498 212 468 103 349 358 331 363 69 447 473 100 417 156 0 83 406 251 265 356 
385 455 327 227 446 264 65 225 416 480 360 222 477 71 189 79 371 254 116 233 273 63 412 79 186 67 112 91 475 83 397 359 244 430 292 397 193 307 121 316 287 431 488 470 208 0 176 256 78 380 
322 468 359 91 135 388 227 152 206 268 333 240 372 398 190 301 189 86 201 447 364 467 233 294 454 409 453 129 164 237 216 437 412 281 234 497 169 412 356 325 386 188 271 257 86 412 0 58 225 204 
209 171 68 175 110 68 335 226 471 414 340 415 336 483 326 117 217 322 443 128 177 474 220 316 245 428 108 363 192 283 273 107 161 291 232 428 310 66 153 487 186 444 401 229 182 433 52 0 349 255 
201 183 138 174 354 404 125 281 462 194 179 452 418 236 319 208 174 246 224 397 106 211 82 500 318 468 181 251 226 237 456 377 370 93 51 223 204 333 210 372 478 339 79 395 281 348 309 405 0 94 
484 301 357 401 90 356 218 57 243 175 441 430 337 317 56 137 74 436 498 114 146 369 91 191 399 192 423 453 451 327 253 190 335 109 90 375 171 466 138 365 140 78 50 184 102 263 271 333 199 0 

730.5 0 44
730.5 1 42
730.5 2 0
730.5 3 47
730.5 4 32
730.5 5 19
730.5 6 14
730.5 7 40
730.5 8 24
730.5 9 44
730.5 10 45
730.5 11 0
730.5 12 22
730.5 13 38
730.5 14 2
730.5 15 12
730.5 16 9
730.5 17 9
730.5 18 48
730.5 19 0
730.5 20 15
730.5 21 40
730.5 22 17
730.5 23 6
730.5 24 27
730.5 25 0
730.5 26 39
730.5 27 31
730.5 28 25
730.5 29 44
730.5 30 48
730.5 31 20
730.5 32 38
730.5 33 4
730.5 34 19
730.5 35 26
730.5 36 29
730.5 37 33
730.5 38 23
730.5 39 4
730.5 40 33
730.5 41 19
730.5 42 4
730.5 43 12
730.5 44 13
730.5 45 11
730.5 46 24
730.5 47 22
730.5 48 20
730.5 49 23

