50 50 4

0 307 431 107 355 294 236 477 206 110 150 240 327 477 475 333 427 378 287 410 223 308 147 500 195 395 397 355 195 309 64 358 322 445 415 176 446 357 153 151 173 460 98 206 192 72 245 325 156 483 
235 0 330 290 88 329 191 433 432 496 334 447 267 191 268 211 312 151 363 375 254 221 499 420 269 411 111 291 156 143 153 138 328 433 134 366 468 275 54 400 478 338 346 451 235 321 368 253 422 231 
127 382 0 402 332 57 170 243 118 167 105 418 270 400 245 410 484 317 377 465 77 483 198 365 329 148 306 356 467 58 277 197 343 158 305 381 165 425 330 440 298 385 358 274 284 309 183 474 333 267 
439 360 249 0 136 225 284 442 237 139 408 453 366 311 295 230 322 382 101 453 212 492 250 303 105 474 87 120 364 267 403 130 205 470 329 499 401 113 440 137 202 103 89 275 120 90 455 392 423 56 
344 134 254 300 0 387 65 273 180 342 343 398 245 423 309 421 459 307 321 71 453 408 430 262 204 204 332 244 366 223 166 372 273 457 332 72 100 347 52 437 188 345 90 139 475 350 59 433 363 330 
210 316 445 139 77 0 148 50 116 98 366 496 215 444 269 378 275 498 184 328 500 121 222 101 161 312 282 217 77 214 80 114 130 102 58 219 336 363 426 402 411 291 398 332 234 166 417 215 370 100 
493 370 378 215 177 246 0 477 165 413 260 85 199 324 165 251 88 90 87 401 467 439 68 257 92 106 198 208 473 363 78 280 356 154 157 277 488 353 253 152 473 219 187 171 494 58 129 288 98 166 
396 64 311 170 479 354 226 0 176 268 199 245 52 429 307 363 292 83 106 352 493 415 324 212 101 201 412 316 280 406 365 152 301 379 170 421 113 474 147 446 448 52 191 207 187 204 276 429 238 333 
487 230 247 310 148 55 218 266 0 321 448 172 185 100 423 271 427 100 334 156 404 487 103 406 177 467 92 87 243 227 275 282 214 212 479 230 66 240 398 283 268 346 405 403 152 83 380 78 133 421 
184 487 407 444 148 290 167 397 327 0 360 124 309 141 495 471 326 224 487 66 329 476 284 381 380 393 239 170 480 474 253 156 364 447 62 307 301 58 180 198 335 490 479 143 337 473 320 163 403 63 
386 231 489 376 318 369 475 56 489 210 0 480 448 316 343 150 84 357 402 92 487 306 378 233 284 227 69 463 498 389 365 60 481 303 255 112 327 123 294 334 318 454 313 473 270 363 329 304 219 230 
347 412 486 431 144 476 364 164 438 361 259 0 59 127 240 68 333 58 345 162 302 178 187 256 198 366 232 267 194 242 436 131 295 103 323 432 198 299 296 68 236 363 277 245 441 223 470 480 232 315 
348 484 199 485 446 103 106 177 320 251 126 462 0 332 371 65 154 303 213 403 98 231 346 411 458 297 107 181 267 293 119 288 141 102 437 332 499 491 389 382 66 139 458 479 177 329 494 281 338 413 
391 386 350 236 52 63 239 110 401 456 353 470 450 0 200 72 387 483 277 133 371 158 149 460 116 334 136 151 327 123 439 446 464 324 295 406 82 309 145 142 209 307 202 179 257 352 408 350 334 184 
433 411 292 288 126 114 122 419 215 155 493 153 308 212 0 183 102 325 423 117 176 271 277 189 423 162 396 482 69 452 71 410 140 433 408 379 265 473 207 184 394 68 383 254 326 94 143 135 125 65 
202 251 287 185 391 416 297 493 153 72 445 175 188 84 314 0 96 169 78 275 82 212 168 101 301 128 377 346 222 462 177 444 371 379 437 55 476 353 59 224 456 288 168 337 427 410 150 473 285 386 
454 318 304 121 369 105 407 452 157 335 170 284 278 491 369 422 0 496 344 481 261 68 436 500 393 480 426 58 129 154 294 221 107 318 476 385 186 80 291 344 187 125 464 421 110 454 497 238 206 340 
218 173 114 153 172 214 339 304 222 419 408 222 346 465 490 321 350 0 382 351 347 226 244 179 189 372 446 350 368 183 262 207 351 141 479 210 264 192 500 67 120 174 182 293 470 146 282 291 202 371 
348 500 96 92 178 442 414 123 498 488 256 466 401 313 107 379 473 77 0 277 228 301 348 352 433 140 78 79 128 75 231 449 373 437 251 171 114 400 291 394 397 278 356 363 179 168 176 264 348 203 
492 75 454 339 134 387 185 369 172 470 394 109 175 473 497 132 144 110 482 0 141 211 379 126 66 448 255 392 330 469 239 483 216 471 192 261 311 285 396 179 407 122 72 467 454 252 463 85 102 279 
67 193 196 152 269 213 99 230 104 379 406 293 117 121 470 259 333 281 495 435 0 410 157 56 189 330 460 391 292 252 443 278 269 342 424 371 318 343 176 498 397 54 159 396 328 231 366 293 270 353 
494 204 262 151 418 157 431 133 498 430 335 196 414 310 245 337 180 62 180 62 266 0 283 273 132 386 100 69 251 344 289 103 337 199 71 194 323 179 332 407 383 261 448 286 174 465 481 217 144 249 
103 364 221 93 136 303 429 187 322 386 237 317 195 280 467 216 181 289 101 463 402 191 0 223 106 427 103 70 163 270 371 118 80 234 289 123 321 299 51 214 327 143 157 144 288 387 317 210 67 312 
262 480 421 403 409 477 85 462 253 198 439 123 266 225 308 261 298 335 266 55 255 93 148 0 362 394 386 455 417 302 473 228 63 208 355 172 324 331 207 492 290 111 186 364 327 361 378 295 365 419 
60 370 173 103 224 485 203 316 195 119 118 167 54 338 82 115 461 112 153 374 103 393 436 240 0 256 469 307 340 263 172 258 274 248 137 83 423 328 444 238 474 269 306 347 480 144 379 95 311 197 
198 391 251 90 326 197 53 51 210 343 264 332 308 244 287 395 485 209 430 428 153 403 196 410 249 0 176 260 335 221 277 482 369 167 439 165 200 342 168 201 52 218 171 90 232 366 327 333 350 242 
262 277 346 164 179 462 364 305 428 405 232 204 386 307 77 325 423 434 373 297 134 375 465 463 172 403 0 328 449 236 384 398 204 367 243 319 496 204 389 57 131 293 239 492 385 497 275 416 175 209 
289 422 500 370 143 462 492 496 496 197 438 379 94 142 452 287 411 204 197 55 211 485 54 400 232 389 152 0 457 305 277 372 93 406 128 413 499 296 405 250 292 308 188 377 352 280 329 345 397 483 
248 158 400 232 162 55 414 50 158 126 305 141 205 104 497 283 224 495 78 335 245 76 142 139 404 200 369 439 0 495 472 177 242 129 76 180 448 81 93 448 396 376 460 244 80 63 240 69 237 442 
305 278 393 331 370 482 441 69 106 379 270 284 262 462 119 495 141 66 283 391 464 178 267 179 128 53 400 319 280 0 136 467 84 121 359 121 441 96 62 217 359 147 437 142 360 399 211 354 246 434 
136 137 397 472 110 283 99 320 182 124 306 475 90 340 95 155 168 487 408 180 203 266 277 139 114 343 244 482 404 441 0 415 246 284 68 217 100 301 474 370 433 97 383 407 345 429 209 206 96 195 
321 226 104 293 210 400 114 259 351 95 162 498 217 359 281 442 282 87 242 255 163 381 59 496 494 110 425 202 473 471 103 0 293 404 364 293 113 264 357 322 321 158 191 318 325 500 305 266 281 342 
214 243 455 301 252 451 51 68 131 410 491 101 464 491 455 327 283 274 297 139 303 117 454 444 141 279 443 396 251 430 444 172 0 172 399 179 130 105 180 148 186 90 139 237 260 336 399 293 118 172 
297 414 425 120 367 124 212 352 66 314 310 203 258 188 81 363 73 162 418 204 260 103 451 105 497 417 391 395 416 215 274 212 335 0 405 283 202 480 201 260 252 221 276 405 429 414 437 291 438 98 
415 348 64 224 54 327 221 177 424 322 92 139 302 462 424 207 451 332 186 151 299 144 322 74 500 458 195 192 455 339 447 370 393 461 0 93 153 494 471 280 418 500 78 263 301 490 393 214 440 225 
106 90 230 201 119 461 407 283 362 98 237 407 495 313 299 211 113 402 205 290 388 122 289 417 91 297 406 434 461 346 365 67 142 94 425 0 418 262 331 200 123 379 144 481 373 163 486 83 226 144 
445 467 482 273 462 154 314 258 60 248 426 112 112 199 411 364 123 329 125 160 235 405 489 329 385 117 199 127 357 375 221 302 97 409 74 266 0 63 339 474 280 293 399 342 111 304 252 181 377 287 
463 487 473 368 231 57 459 298 206 85 362 81 256 163 335 372 394 100 385 439 281 164 231 386 212 500 190 170 180 273 408 350 467 136 217 197 143 0 175 202 300 418 63 87 380 383 372 251 483 179 
342 422 410 456 359 295 374 358 435 251 245 208 365 94 381 451 468 77 93 349 436 99 266 205 136 353 294 459 103 277 137 396 198 497 107 263 498 188 0 121 433 145 72 347 460 323 227 166 497 461 
416 345 397 466 318 308 101 170 102 266 430 329 109 81 233 312 346 446 310 240 273 449 335 51 295 294 324 228 410 320 188 81 372 291 497 189 306 305 65 0 358 277 201 393 337 233 125 148 285 277 
164 475 50 112 309 51 113 309 82 498 425 108 393 456 430 183 209 325 195 464 96 52 240 248 151 283 187 226 138 422 454 252 152 210 71 167 418 341 426 450 0 339 106 58 231 61 194 120 427 470 
266 390 272 475 337 470 126 119 156 58 414 284 462 166 386 378 394 52 296 234 184 452 72 240 216 460 459 361 80 385 86 52 482 308 477 318 278 102 143 140 111 0 57 375 279 380 467 364 273 226 
159 457 360 110 236 100 277 195 265 344 432 149 136 434 130 394 411 154 378 219 248 225 280 462 306 266 97 272 129 320 204 445 483 271 54 218 77 488 364 292 87 295 0 391 173 436 472 274 102 125 
151 271 79 82 258 491 338 474 294 317 309 113 471 253 96 241 464 471 268 452 334 59 245 336 401 369 478 128 142 79 410 450 300 440 483 57 186 76 237 431 343 496 494 0 314 248 296 261 419 267 
236 126 307 452 321 349 352 396 326 186 488 355 96 194 362 486 176 369 378 202 313 308 252 64 58 272 470 60 483 388 277 425 464 291 377 284 139 435 180 172 121 374 477 374 0 67 94 115 400 170 
443 309 433 458 267 447 222 489 416 232 227 303 216 152 473 457 479 257 302 413 143 180 240 223 157 113 448 408 385 347 77 328 362 460 492 128 163 213 116 78 395 294 88 317 152 0 267 480 130 474 
282 249 323 412 196 497 275 259 444 183 144 497 210 178 115 377 169 193 490 332 467 274 433 467 68 250 118 286 229 405 466 217 360 496 336 55 492 317 472 191 450 322 394 367 450 459 0 450 325 359 
439 363 325 419 51 291 438 251 115 430 187 470 395 110 329 390 396 91 137 213 62 485 369 334 135 235 490 93 391 314 402 85 383 433 455 384 430 148 342 495 284 479 220 178 88 256 275 0 191 297 
118 354 309 103 222 142 188 164 131 438 54 151 96 90 484 479 251 367 165 105 415 159 339 393 330 467 188 292 448 329 88 66 182 347 326 110 439 220 224 276 157 436 133 410 232 116 389 433 0 189 
260 244 104 369 82 203 405 255 341 196 203 376 234 426 57 287 251 325 225 421 499 207 284 190 290 194 372 112 289 60 252 499 254 62 367 286 215 479 248 263 381 401 138 322 326 146 108 283 177 0 

727.5 0 19
727.5 1 14
727.5 2 37
727.5 3 48
727.5 4 45
727.5 5 3
727.5 6 3
727.5 7 20
727.5 8 34
727.5 9 15
727.5 10 46
727.5 11 2
727.5 12 38
727.5 13 16
727.5 14 4
727.5 15 35
727.5 16 17
727.5 17 37
727.5 18 28
727.5 19 35
727.5 20 26
727.5 21 9
727.5 22 11
727.5 23 35
727.5 24 39
727.5 25 47
727.5 26 37
727.5 27 9
727.5 28 19
727.5 29 45
727.5 30 2
727.5 31 38
727.5 32 10
727.5 33 45
727.5 34 42
727.5 35 11
727.5 36 48
727.5 37 45
727.5 38 37
727.5 39 33
727.5 40 17
727.5 41 34
727.5 42 40
727.5 43 6
727.5 44 2
727.5 45 1
727.5 46 42
727.5 47 24
727.5 48 38
727.5 49 21

