50 50 4

0 221 107 420 387 130 437 177 331 421 82 352 167 292 331 465 343 279 210 231 363 401 322 212 314 137 157 485 74 207 260 304 378 73 223 471 154 159 148 191 80 387 249 404 179 80 125 228 309 285 
409 0 172 392 230 90 205 74 405 397 98 111 363 108 196 386 282 166 246 391 471 387 177 114 343 288 450 373 363 177 388 354 292 59 452 473 307 364 253 211 260 301 479 122 116 174 214 348 291 411 
445 468 0 53 329 81 346 116 237 425 185 364 313 245 156 78 196 335 335 266 87 252 476 94 231 304 160 355 225 214 352 342 159 320 101 438 107 154 260 295 78 151 365 97 346 227 126 248 61 167 
465 305 370 0 196 350 100 207 216 405 382 381 464 430 490 283 481 183 96 134 393 341 370 494 413 173 95 139 249 500 151 123 464 162 443 367 462 249 73 385 360 161 265 323 90 461 312 277 143 359 
362 486 406 438 0 235 318 110 487 408 66 486 265 139 206 377 288 72 95 243 95 430 102 413 401 132 453 361 394 229 454 459 297 195 365 234 136 389 51 122 52 67 314 474 363 470 351 150 492 152 
343 293 288 151 205 0 188 440 364 255 334 300 415 499 96 109 119 488 402 459 245 230 217 262 494 191 124 464 248 431 211 350 480 211 137 337 122 482 277 437 236 317 236 150 315 489 416 385 232 317 
99 427 497 266 395 246 0 163 469 416 361 155 127 210 341 495 53 178 116 241 405 52 183 428 445 490 242 434 405 333 372 428 382 299 180 355 193 377 468 369 292 329 230 125 245 71 119 456 199 186 
196 310 395 86 237 340 75 0 185 480 431 469 107 114 350 356 245 411 256 121 379 331 119 414 60 402 158 81 471 320 437 363 223 246 258 259 189 304 284 325 490 421 293 96 486 349 403 230 260 365 
57 345 195 333 465 205 234 329 0 444 205 149 380 274 322 333 482 80 472 492 70 296 481 442 295 77 183 144 186 363 110 50 126 161 402 409 125 313 143 404 256 54 52 136 278 80 419 467 317 390 
458 338 393 439 486 187 222 168 488 0 358 237 304 114 313 415 466 428 246 278 70 150 241 281 359 83 59 390 452 476 206 97 189 250 196 127 235 334 55 353 77 363 296 332 183 108 246 355 487 443 
340 263 299 80 495 157 113 260 253 271 0 442 166 318 130 122 465 415 308 54 420 367 81 283 163 363 172 428 316 478 170 465 317 384 263 347 134 126 166 344 86 387 285 202 411 121 481 131 486 288 
135 406 362 374 395 231 443 66 365 465 250 0 486 429 66 125 398 119 209 475 235 259 267 328 250 175 239 321 155 76 63 150 162 419 462 242 69 399 391 292 263 356 493 455 284 58 79 389 335 445 
363 276 203 336 311 159 461 500 187 115 282 200 0 215 150 118 383 342 344 281 233 135 251 88 127 205 78 343 235 417 384 386 486 159 89 321 420 405 488 175 91 103 408 241 475 57 65 358 106 359 
345 496 201 95 290 278 458 318 327 399 442 210 284 0 427 320 79 455 446 435 442 121 476 251 235 217 226 449 439 290 54 298 134 500 449 387 289 433 100 314 260 449 255 420 439 388 446 469 98 392 
403 491 219 134 448 160 301 173 108 240 413 113 244 254 0 319 399 347 108 331 397 128 297 345 333 424 283 427 369 458 476 467 116 222 392 201 169 51 208 500 110 154 168 173 348 128 442 453 425 256 
284 321 334 287 372 373 210 362 56 79 319 482 252 386 410 0 144 86 78 145 451 284 205 105 403 84 403 481 233 112 162 439 346 433 480 132 305 108 293 166 114 78 191 302 280 283 211 374 319 447 
470 477 230 381 81 339 416 190 76 148 252 188 293 304 120 479 0 387 131 87 386 454 358 170 145 160 400 378 321 481 404 474 450 380 204 330 167 249 452 307 275 99 59 169 343 313 447 321 406 77 
114 498 238 423 167 333 289 67 417 109 498 76 290 203 406 444 239 0 72 192 191 86 174 240 95 293 289 114 239 317 227 474 381 224 211 59 342 250 298 115 166 114 319 193 354 472 305 297 417 84 
195 314 327 75 261 128 319 500 192 264 316 369 444 404 93 154 413 141 0 354 211 206 227 482 475 126 335 202 137 338 118 378 483 139 204 265 350 282 83 349 181 53 372 256 448 482 55 308 394 146 
162 311 302 95 292 483 378 126 184 465 414 460 99 153 98 460 368 398 242 0 157 453 129 367 80 335 314 61 97 122 162 193 441 423 202 242 215 391 119 498 282 290 168 241 339 478 496 299 101 149 
247 415 308 82 281 339 123 302 106 170 130 218 70 277 141 429 469 62 319 294 0 59 100 83 384 498 129 361 493 134 412 348 331 326 156 119 314 445 192 115 50 313 402 219 89 178 66 468 146 78 
286 390 294 337 179 178 90 258 489 83 342 157 381 379 189 487 448 453 187 347 274 0 395 366 175 113 405 59 336 372 362 364 364 251 157 200 137 492 448 345 237 481 394 344 117 479 239 311 427 399 
448 273 172 342 345 54 161 249 270 447 120 132 66 434 89 381 341 176 372 288 228 108 0 475 121 158 298 306 348 108 232 246 263 211 124 311 55 335 423 461 105 125 287 187 349 428 226 229 475 353 
100 262 287 366 443 114 474 240 370 77 55 102 480 268 470 104 78 232 389 207 399 444 490 0 186 130 338 113 63 66 87 122 323 55 359 395 204 423 125 150 292 152 155 100 132 129 277 393 365 215 
281 71 113 432 267 249 268 311 68 281 327 312 353 357 317 418 251 227 340 326 328 132 185 433 0 389 267 269 165 366 133 330 146 361 394 284 128 349 52 389 368 490 423 179 99 486 203 467 236 380 
63 269 414 145 404 347 484 377 322 356 242 405 185 94 265 78 329 99 134 87 195 452 283 117 337 0 88 309 490 55 251 126 275 470 490 370 129 92 109 212 364 171 404 268 307 205 240 91 484 289 
175 277 434 126 59 257 170 98 65 366 310 474 442 84 199 432 160 279 230 426 441 301 97 101 68 110 0 256 465 151 446 254 277 429 394 109 194 358 229 449 129 302 258 102 243 499 252 381 365 237 
111 291 177 362 94 435 136 154 397 308 255 98 61 238 477 161 54 171 469 440 119 305 241 84 357 435 82 0 315 71 154 51 339 395 386 407 195 320 494 299 424 57 260 472 68 449 449 386 209 326 
111 148 151 366 340 185 429 481 425 244 51 78 245 341 179 130 247 324 157 447 329 80 454 88 258 228 243 206 0 321 402 238 382 50 340 454 96 475 382 76 155 125 284 183 77 124 68 157 78 98 
471 231 377 257 392 172 466 119 365 378 146 474 116 478 230 162 431 276 343 313 58 449 144 292 338 171 123 357 486 0 151 161 456 332 489 420 430 160 385 500 231 469 145 204 291 330 384 403 467 366 
246 279 374 401 374 373 238 251 446 301 236 303 413 399 341 157 318 271 267 409 270 448 377 121 359 168 157 449 277 124 0 315 473 109 395 373 189 267 318 391 212 325 126 465 444 231 306 100 499 76 
73 407 52 228 491 330 86 158 438 241 141 268 55 114 327 401 193 467 167 217 113 86 493 396 50 192 127 62 243 332 88 0 473 239 297 407 436 127 443 300 271 391 391 489 396 455 71 296 355 244 
170 71 307 206 270 203 413 169 487 426 118 318 220 90 263 468 448 198 94 146 448 71 487 95 266 139 256 287 385 110 238 261 0 339 495 173 315 404 86 434 390 462 51 208 181 92 177 355 246 326 
399 98 480 176 85 74 392 174 281 386 265 97 123 233 386 324 356 201 228 392 341 324 109 343 238 448 141 366 302 93 398 408 141 0 377 290 176 158 182 56 389 274 479 436 103 211 78 377 66 436 
311 165 276 135 431 325 323 134 416 395 387 459 292 50 100 376 290 433 484 178 196 128 158 174 63 211 91 298 88 314 233 105 429 216 0 190 116 491 220 200 407 114 293 121 357 293 378 232 290 67 
422 418 213 500 76 93 269 444 134 67 482 398 457 87 83 172 434 149 163 153 55 69 425 299 347 488 298 225 426 87 242 347 456 161 346 0 238 204 114 181 288 338 370 392 295 163 425 417 96 280 
79 407 286 305 87 84 152 74 88 83 450 126 275 52 288 142 104 476 296 375 363 290 213 232 181 214 101 313 130 355 92 367 261 84 378 298 0 325 236 78 364 269 234 440 250 236 227 342 290 409 
137 371 271 133 83 210 472 454 261 284 84 115 82 157 82 324 485 86 148 221 321 218 196 54 364 397 240 90 445 236 205 289 314 183 372 347 99 0 343 301 66 333 91 132 122 405 371 152 145 164 
250 72 435 175 219 440 489 322 386 286 266 329 441 54 142 330 133 195 379 182 202 396 222 450 234 294 354 311 152 450 425 352 472 360 233 397 55 222 0 218 391 458 191 219 154 402 67 435 485 213 
69 167 121 415 339 71 355 339 131 166 441 80 90 499 259 400 232 362 405 160 287 52 324 428 428 428 329 446 118 314 365 345 187 192 259 232 213 114 277 0 51 437 424 288 477 422 497 133 360 115 
244 226 352 453 500 486 381 184 314 82 252 334 153 96 227 295 62 409 215 333 185 216 269 315 454 452 237 207 84 303 479 486 480 330 438 235 315 74 369 335 0 106 328 169 209 130 346 211 349 462 
376 181 353 298 156 168 458 108 111 164 349 364 142 90 99 178 479 492 443 52 360 278 316 187 153 231 475 205 392 323 166 474 455 470 271 317 344 229 131 405 99 0 431 475 192 227 281 76 205 272 
470 415 338 454 437 476 313 167 206 468 59 479 341 483 189 66 461 457 360 189 87 471 238 224 445 136 402 432 163 313 203 339 434 492 499 370 223 311 244 135 485 253 0 113 325 442 253 341 158 209 
407 297 453 377 242 177 78 84 285 460 404 97 370 242 238 117 447 107 497 464 301 131 449 260 194 273 409 397 321 66 312 227 70 472 104 262 355 132 52 139 298 407 393 0 167 355 130 234 302 188 
230 265 195 311 420 406 212 400 70 108 220 86 127 153 106 305 414 74 159 496 284 248 294 190 140 167 495 221 352 52 115 288 268 260 306 394 372 468 293 148 282 463 185 359 0 323 448 370 236 229 
479 439 463 226 232 152 73 105 353 451 163 356 65 402 330 482 207 223 110 381 467 208 162 185 343 228 214 498 97 401 433 76 339 395 459 277 253 238 332 312 188 446 374 410 103 0 203 392 467 133 
208 347 306 366 215 197 416 393 362 169 441 469 101 223 307 202 388 83 405 333 121 423 471 273 297 137 326 206 235 499 289 393 345 301 258 60 205 380 159 66 499 306 485 99 479 498 0 251 123 80 
362 406 358 285 132 131 288 219 163 444 404 162 440 52 213 240 468 223 395 347 89 167 346 345 358 151 80 355 353 153 141 421 265 450 205 347 287 199 273 400 143 176 61 82 386 225 479 0 353 154 
130 199 193 454 495 489 312 353 275 373 205 378 221 332 142 377 488 195 163 393 418 62 486 301 281 274 186 456 460 489 109 89 394 460 249 389 204 267 448 429 140 152 62 67 434 361 394 177 0 55 
56 70 180 275 262 431 55 487 116 461 446 311 277 241 204 443 440 299 146 207 246 281 53 104 293 70 245 153 414 128 365 176 355 495 157 117 425 163 310 247 330 255 264 313 202 419 255 141 424 0 

1496.5 0 32
1496.5 1 2
1496.5 2 44
1496.5 3 18
1496.5 4 47
1496.5 5 1
1496.5 6 43
1496.5 7 6
1496.5 8 22
1496.5 9 44
1496.5 10 34
1496.5 11 28
1496.5 12 1
1496.5 13 15
1496.5 14 18
1496.5 15 4
1496.5 16 27
1496.5 17 30
1496.5 18 43
1496.5 19 36
1496.5 20 44
1496.5 21 24
1496.5 22 14
1496.5 23 20
1496.5 24 10
1496.5 25 37
1496.5 26 42
1496.5 27 32
1496.5 28 17
1496.5 29 5
1496.5 30 1
1496.5 31 1
1496.5 32 7
1496.5 33 1
1496.5 34 24
1496.5 35 11
1496.5 36 3
1496.5 37 19
1496.5 38 17
1496.5 39 30
1496.5 40 19
1496.5 41 8
1496.5 42 9
1496.5 43 20
1496.5 44 28
1496.5 45 33
1496.5 46 30
1496.5 47 6
1496.5 48 14
1496.5 49 29

