50 50 4

0 199 406 246 493 270 391 426 488 254 288 400 268 452 60 247 117 138 84 52 424 453 280 74 309 460 372 341 50 203 148 208 108 53 405 101 273 51 477 467 255 264 123 473 423 133 426 490 221 460 
248 0 351 169 478 132 184 437 454 475 194 363 122 108 422 333 219 229 312 220 412 279 425 383 108 154 305 191 286 294 118 453 493 175 121 226 257 255 163 418 436 63 487 264 121 164 96 291 99 115 
461 462 0 100 142 344 158 453 148 55 238 148 123 190 140 455 468 73 419 429 186 336 364 406 78 335 477 400 137 267 449 202 435 410 252 76 253 116 235 107 121 423 206 401 320 52 356 287 75 274 
423 418 316 0 493 323 344 327 300 243 171 66 192 323 207 308 282 440 61 348 174 118 420 304 481 320 123 484 382 116 58 155 245 427 421 238 249 472 271 499 421 392 272 319 215 429 127 447 369 345 
50 249 413 176 0 52 394 447 332 133 328 399 141 190 143 67 110 87 474 288 309 472 209 200 450 478 121 135 104 274 210 399 275 409 68 401 412 168 103 243 251 138 348 342 278 198 116 94 235 89 
333 250 267 492 401 0 424 225 472 58 487 246 218 385 227 333 159 127 244 277 181 194 234 476 248 283 253 396 349 297 338 144 336 294 117 83 194 491 259 373 499 245 325 423 336 51 256 446 128 206 
429 466 350 370 441 98 0 152 400 200 207 404 244 57 239 489 124 273 389 322 482 468 320 433 292 450 268 293 205 420 128 361 105 300 418 181 241 222 283 347 128 196 250 79 203 440 274 484 419 162 
305 156 130 332 88 372 281 0 62 372 192 189 450 259 451 249 383 131 196 104 120 494 390 266 450 419 175 145 192 365 63 60 377 376 140 208 414 219 195 183 90 337 78 246 302 479 201 185 109 348 
446 386 97 335 151 497 460 483 0 349 151 347 362 369 223 238 215 137 358 384 282 247 180 325 275 132 127 460 284 262 275 338 414 160 385 249 261 137 208 450 436 66 53 54 385 433 449 306 70 62 
397 58 260 76 334 241 366 167 201 0 149 135 426 437 499 86 77 454 53 164 162 210 307 385 213 311 476 145 466 281 372 478 177 381 444 411 421 392 276 294 299 131 379 224 274 133 467 301 87 227 
171 406 387 428 497 306 445 472 401 410 0 459 480 144 136 116 87 253 243 185 235 487 434 72 121 158 296 204 331 303 448 57 424 353 150 108 105 406 52 76 63 169 486 493 263 328 108 56 287 57 
192 472 494 125 494 321 440 496 231 271 298 0 179 485 428 238 342 486 294 247 245 76 260 364 268 459 126 302 273 339 88 280 481 266 480 106 259 300 496 461 482 473 258 367 458 393 311 299 134 104 
252 329 338 219 192 105 177 475 358 401 314 152 0 387 50 369 367 106 334 373 309 295 110 281 259 427 445 151 238 450 443 499 202 271 92 127 170 148 254 144 212 361 164 314 455 165 389 321 428 223 
400 236 224 461 224 433 143 375 291 87 325 233 293 0 233 210 335 66 330 433 270 181 351 338 295 372 292 166 260 319 301 189 218 243 363 385 173 52 479 499 293 272 79 232 64 469 392 350 485 429 
489 461 109 340 298 110 211 296 434 177 114 234 317 490 0 427 179 374 100 181 108 305 180 331 334 118 101 58 217 401 493 145 390 209 204 436 458 471 146 253 404 480 74 137 296 63 271 182 143 77 
313 409 88 200 446 128 475 497 136 191 154 335 286 494 494 0 196 429 207 167 281 167 277 260 191 365 263 411 342 395 260 125 414 168 163 320 320 241 295 317 83 436 177 124 429 170 117 331 305 275 
448 292 392 225 258 289 296 471 406 344 365 165 419 486 491 288 0 305 310 235 99 333 475 242 460 98 170 336 165 451 347 146 155 138 244 86 347 483 88 73 388 382 145 260 56 130 250 294 385 266 
235 435 306 209 176 265 257 52 308 372 209 154 225 314 243 419 350 0 296 402 388 75 496 476 170 255 482 250 211 482 342 428 216 276 233 375 158 204 131 160 462 210 319 116 385 340 65 59 396 67 
167 284 92 163 466 213 124 448 169 493 429 461 420 352 443 359 226 100 0 62 64 417 231 431 443 53 71 489 68 80 384 292 198 374 334 67 340 253 348 494 129 340 422 89 259 273 483 117 206 289 
337 220 413 67 150 111 70 378 99 295 408 433 86 105 307 126 329 353 86 0 177 346 165 467 267 411 433 247 149 256 403 389 92 329 57 316 185 118 92 62 167 337 176 99 129 439 112 413 267 415 
205 394 467 76 117 441 437 500 187 86 255 296 181 54 331 188 320 222 256 363 0 441 129 406 116 178 242 54 448 154 272 118 65 372 85 91 195 476 478 194 369 270 400 371 157 404 201 295 430 373 
257 292 313 336 405 135 221 146 140 375 457 118 443 472 196 234 62 342 209 246 242 0 284 467 141 154 123 251 305 125 388 384 88 386 403 131 290 489 58 386 335 383 342 159 81 313 305 266 325 353 
181 71 95 416 244 393 276 73 351 81 148 238 171 187 123 74 475 364 269 483 456 103 0 121 298 212 152 317 223 124 142 76 463 370 121 134 320 464 360 343 314 147 442 51 269 335 332 293 309 195 
61 498 150 321 118 154 483 427 422 412 51 270 438 220 139 58 304 409 229 163 458 493 261 0 399 251 480 440 82 479 455 434 246 452 290 273 69 395 462 203 316 373 204 85 311 374 381 75 384 496 
254 497 453 454 464 108 411 199 498 199 384 209 132 129 160 372 108 387 473 69 89 495 393 450 0 286 410 79 166 435 169 368 189 165 77 349 336 135 259 241 339 408 125 498 490 411 365 117 470 458 
297 489 253 291 137 409 284 497 194 400 432 313 475 327 184 51 175 470 343 384 211 181 291 493 386 0 487 403 457 310 372 170 313 117 373 104 204 488 94 408 181 444 339 200 174 165 334 175 497 60 
224 380 428 356 377 420 448 119 78 160 135 157 280 399 224 359 209 134 346 253 492 233 403 86 139 77 0 408 423 409 404 189 133 490 116 195 122 242 349 398 271 459 484 378 238 138 308 303 53 148 
355 256 347 294 365 383 383 148 498 305 57 157 201 347 147 267 248 426 216 96 80 193 54 63 70 449 358 0 84 458 361 389 312 323 235 105 187 325 438 286 322 449 500 429 149 102 282 123 300 415 
289 102 445 432 313 214 208 261 71 449 218 138 337 236 411 72 291 304 347 435 89 375 139 295 303 239 347 292 0 68 353 206 307 405 357 445 217 70 359 184 298 307 108 386 350 294 52 128 291 306 
181 432 102 55 71 347 65 260 401 307 485 253 219 291 365 282 442 81 302 56 423 306 313 481 398 369 482 400 448 0 479 412 128 411 220 341 432 274 356 398 174 369 382 133 294 379 448 75 76 236 
327 82 158 339 101 345 236 420 326 135 123 305 253 202 422 424 493 353 197 104 457 77 423 94 160 423 179 315 448 205 0 257 481 237 121 319 495 416 54 414 449 346 244 460 98 396 381 228 144 440 
131 405 152 158 83 196 476 456 325 290 403 236 497 383 179 117 408 173 239 412 86 187 464 280 353 268 382 440 447 232 379 0 77 343 237 393 376 383 368 331 414 157 440 356 360 322 485 183 229 157 
128 347 401 473 310 387 325 78 269 265 231 207 350 465 257 87 357 132 176 224 170 297 331 109 152 397 138 137 286 73 244 365 0 371 144 337 387 482 161 171 457 132 352 370 433 317 126 226 173 416 
352 104 85 355 385 144 458 489 439 301 274 463 251 138 333 102 425 426 290 293 97 453 375 399 322 63 422 155 239 302 277 298 356 0 312 359 447 162 316 435 308 323 416 270 74 53 309 126 185 234 
366 184 281 318 265 387 346 279 308 207 224 316 434 228 171 452 87 118 321 109 259 128 383 174 348 407 385 156 239 276 96 311 410 328 0 128 381 421 180 366 435 338 90 251 271 475 372 430 268 196 
250 328 406 328 417 286 175 79 170 488 268 152 83 78 61 117 363 149 488 493 465 423 330 261 173 308 236 251 444 454 398 193 488 59 471 0 404 295 352 189 172 95 407 274 128 191 493 403 53 141 
390 253 105 68 82 317 398 96 259 149 490 419 253 389 407 262 115 66 56 417 206 178 218 319 159 297 461 151 406 220 449 295 423 53 70 212 0 76 418 465 285 273 211 204 476 99 317 444 165 333 
451 288 245 335 457 64 200 460 231 301 365 401 456 366 324 460 386 486 242 60 450 478 490 160 388 222 417 204 165 81 243 115 75 439 157 482 209 0 307 197 146 315 61 497 270 378 76 436 470 268 
178 236 425 362 226 84 249 398 207 403 62 445 352 335 471 497 198 208 205 211 356 57 232 123 54 209 451 287 144 177 55 479 363 430 340 295 220 88 0 399 378 197 412 322 500 453 499 496 357 414 
408 67 269 415 250 342 175 409 500 413 259 383 174 238 452 103 284 247 480 323 352 357 226 470 386 432 422 140 184 278 53 91 52 479 212 459 321 94 123 0 76 213 332 409 337 276 116 146 60 69 
125 89 372 189 472 341 281 404 263 371 87 247 131 335 456 109 497 170 136 297 243 162 460 282 277 296 264 344 392 274 119 224 69 441 363 492 282 143 151 251 0 220 188 204 301 473 160 361 225 487 
203 473 230 316 432 462 299 435 432 349 82 413 419 256 432 359 118 179 347 418 280 97 138 174 252 145 353 118 212 285 104 366 257 491 388 395 208 186 85 140 486 0 118 52 160 324 190 225 393 320 
72 66 306 119 154 187 77 457 490 352 168 274 163 484 237 153 371 132 68 264 374 158 456 442 367 115 266 56 497 365 82 68 381 95 345 242 232 128 198 221 431 72 0 202 300 263 389 159 340 227 
177 103 101 285 265 249 358 86 465 365 83 329 153 101 417 198 396 365 380 231 62 308 161 291 460 411 53 104 69 344 489 404 153 296 395 369 495 253 161 216 117 194 251 0 427 453 167 125 104 482 
455 285 250 469 396 492 428 62 251 239 289 301 434 192 405 229 86 480 430 289 140 145 112 285 347 490 444 464 114 498 202 275 283 158 244 385 356 378 154 107 116 393 358 256 0 84 469 435 327 448 
365 116 295 460 385 286 62 130 229 233 194 226 385 176 215 249 370 307 105 454 411 369 277 303 433 483 93 402 418 370 105 489 192 350 204 77 342 217 157 70 400 58 454 491 184 0 375 239 260 181 
50 213 91 369 440 100 302 423 143 410 96 464 465 291 362 71 445 389 363 368 253 140 267 468 300 464 358 174 203 117 306 203 487 103 279 183 154 80 105 247 440 358 417 160 148 279 0 181 299 374 
251 167 333 341 384 300 140 104 157 471 257 431 483 166 418 86 151 100 190 388 362 143 83 219 267 194 73 252 81 322 125 282 439 409 329 79 415 175 133 72 146 96 453 128 212 126 371 0 70 176 
267 408 488 117 442 413 334 135 436 85 373 258 367 155 403 275 190 432 397 72 271 419 168 317 127 453 236 204 80 256 86 297 163 281 364 104 193 404 396 336 439 269 93 306 130 202 287 270 0 341 
183 292 111 308 166 379 142 326 114 52 356 76 88 359 189 319 430 451 463 333 346 54 479 321 304 284 401 456 277 378 296 167 376 358 425 249 443 273 74 263 275 136 289 70 201 428 339 337 134 0 

1490.5 0 8
1490.5 1 44
1490.5 2 6
1490.5 3 19
1490.5 4 28
1490.5 5 11
1490.5 6 32
1490.5 7 16
1490.5 8 40
1490.5 9 10
1490.5 10 22
1490.5 11 28
1490.5 12 14
1490.5 13 21
1490.5 14 45
1490.5 15 11
1490.5 16 42
1490.5 17 10
1490.5 18 28
1490.5 19 42
1490.5 20 14
1490.5 21 29
1490.5 22 25
1490.5 23 5
1490.5 24 28
1490.5 25 41
1490.5 26 16
1490.5 27 1
1490.5 28 29
1490.5 29 10
1490.5 30 47
1490.5 31 42
1490.5 32 10
1490.5 33 4
1490.5 34 12
1490.5 35 43
1490.5 36 21
1490.5 37 1
1490.5 38 10
1490.5 39 17
1490.5 40 10
1490.5 41 33
1490.5 42 45
1490.5 43 29
1490.5 44 10
1490.5 45 41
1490.5 46 41
1490.5 47 3
1490.5 48 3
1490.5 49 25

