50 50 4

0 377 425 478 480 497 473 438 440 487 406 188 196 345 415 105 378 408 175 155 74 391 428 254 130 297 442 79 172 492 473 260 368 397 237 347 149 416 491 89 402 396 434 304 447 348 359 80 463 485 
185 0 487 131 319 447 211 116 144 240 238 135 420 204 453 316 147 55 416 62 252 211 171 147 351 425 300 406 284 330 368 475 222 354 105 491 300 266 313 394 212 258 235 131 412 394 154 59 399 69 
278 150 0 437 399 454 287 324 460 192 314 289 59 288 217 119 343 415 369 315 227 469 477 191 203 108 103 96 212 319 201 438 96 301 130 202 461 123 476 420 473 496 416 238 490 132 308 88 253 383 
353 431 352 0 85 121 261 350 381 308 61 406 459 205 209 467 492 361 183 115 92 310 294 87 225 482 283 63 496 321 267 379 380 404 437 415 231 197 265 319 455 483 224 170 395 139 343 386 450 476 
207 248 285 207 0 492 216 396 274 230 391 301 203 269 180 313 205 302 250 353 66 68 63 255 450 183 356 88 476 242 245 208 155 443 443 69 435 366 415 208 302 305 216 455 281 346 474 436 147 223 
495 370 449 265 332 0 398 398 187 192 130 135 387 288 241 86 437 260 471 302 381 385 103 185 100 264 416 153 444 108 250 167 309 327 115 73 158 219 178 295 361 258 381 248 252 328 491 395 294 461 
404 174 101 213 309 152 0 184 432 462 127 246 211 244 54 244 65 285 352 234 413 354 95 377 234 500 335 268 490 229 61 206 339 392 257 259 407 115 393 338 76 470 83 445 421 295 188 436 79 247 
377 442 100 422 74 491 177 0 359 258 373 294 269 285 340 367 248 98 273 314 441 318 96 166 351 247 86 352 386 229 137 339 105 78 389 233 309 379 360 167 136 439 168 111 223 458 184 421 55 407 
441 202 224 244 318 282 441 355 0 133 82 83 221 371 138 456 259 77 265 344 143 138 186 81 463 454 461 420 137 137 181 495 78 333 425 479 151 206 419 212 497 452 452 217 322 296 379 288 323 350 
338 416 195 475 447 157 428 163 284 0 272 250 415 266 485 455 190 463 312 103 138 230 99 89 181 473 117 427 351 355 249 408 193 371 102 374 73 416 57 186 199 279 142 321 251 127 275 148 296 293 
201 384 473 250 423 153 222 247 286 279 0 101 241 393 451 111 445 80 134 117 88 477 266 317 118 293 68 402 274 166 198 66 317 288 245 273 211 348 201 164 340 186 422 80 79 373 141 230 159 432 
297 197 408 270 465 477 62 239 378 494 111 0 282 59 134 70 255 357 438 309 264 101 356 400 473 386 185 101 234 366 211 165 369 358 280 138 78 463 358 474 340 351 84 329 360 168 349 321 231 286 
337 445 337 192 101 65 284 236 117 224 308 485 0 96 177 342 326 265 127 288 122 100 334 423 135 162 490 253 461 66 191 453 353 135 289 251 393 61 242 129 128 416 387 112 462 63 160 494 486 237 
281 107 495 322 237 129 434 433 88 395 449 436 347 0 58 71 343 466 414 110 207 249 395 330 343 213 498 112 323 492 97 267 479 362 261 300 305 96 441 237 341 335 185 277 388 193 54 437 366 174 
253 72 130 147 108 423 310 106 241 133 304 496 106 282 0 113 73 289 368 326 229 311 373 270 446 149 364 346 360 57 418 241 260 440 321 358 255 450 167 311 190 457 321 185 62 309 248 292 97 322 
117 483 132 441 252 285 296 323 337 156 330 254 347 296 400 0 374 153 154 323 478 171 219 434 442 355 203 458 309 201 54 338 269 244 176 416 202 411 418 475 454 73 60 414 126 307 314 206 166 174 
235 143 52 405 284 200 466 193 157 481 344 369 318 319 112 445 0 234 264 111 152 239 272 382 456 185 215 262 205 127 379 330 313 228 332 217 462 238 182 154 346 162 449 214 187 474 276 131 208 246 
399 66 435 170 154 391 306 75 359 217 153 444 497 416 172 84 339 0 133 273 471 445 118 339 149 489 476 122 264 106 487 460 212 259 151 332 120 248 344 145 313 61 455 257 264 126 379 299 415 218 
278 141 369 102 431 468 90 406 297 60 219 490 226 381 249 83 419 319 0 488 470 170 301 481 125 57 451 201 142 456 116 66 233 207 386 492 344 109 288 250 356 298 175 346 231 262 301 264 180 119 
252 149 446 52 336 70 266 287 429 114 449 251 130 182 164 222 380 459 282 0 168 415 344 416 89 189 353 301 196 117 187 265 75 494 418 284 85 438 256 78 122 320 478 323 156 159 438 329 245 152 
317 363 66 160 486 312 56 338 319 202 405 212 174 186 205 91 420 241 235 175 0 269 308 201 246 337 308 111 481 343 307 132 159 376 355 269 361 373 482 199 191 184 310 354 308 447 265 105 366 456 
290 248 432 97 399 384 141 206 202 121 499 215 204 157 90 265 133 402 138 114 307 0 486 455 116 95 469 62 311 73 135 473 314 333 160 117 231 495 208 144 403 280 142 117 190 457 364 161 296 265 
249 116 278 442 71 345 487 490 113 297 63 198 477 83 481 136 150 419 130 65 62 483 0 51 361 306 191 317 170 302 319 141 258 386 370 199 407 421 392 396 484 396 165 182 372 198 369 214 55 287 
51 277 55 240 278 367 497 175 390 373 183 209 464 391 94 89 296 207 460 188 309 200 290 0 425 88 161 329 407 325 90 401 326 317 162 66 94 479 269 426 125 141 109 284 311 450 84 351 453 241 
66 347 256 216 136 387 254 247 216 368 278 463 475 311 280 343 83 80 322 302 457 153 393 65 0 387 410 221 177 260 173 124 277 470 330 199 312 217 160 58 139 234 494 101 415 304 87 257 93 325 
285 345 488 388 444 52 274 353 430 157 320 310 231 303 486 268 452 298 435 318 62 280 51 55 87 0 416 65 125 173 315 156 408 159 143 296 309 352 276 369 281 384 188 297 321 441 283 88 148 287 
229 417 299 459 418 61 253 90 283 84 420 98 190 327 414 283 329 223 134 312 298 121 402 436 369 222 0 132 358 468 437 144 196 353 149 362 478 160 321 67 394 355 437 198 495 470 111 484 55 284 
324 317 288 395 425 430 470 353 61 83 320 449 384 223 57 484 291 241 350 111 258 243 416 401 391 166 127 0 209 356 132 443 179 155 231 280 79 367 457 382 379 490 409 83 374 131 297 113 128 489 
413 189 453 363 311 354 460 427 187 168 282 269 318 167 130 255 397 366 121 353 454 450 99 362 239 179 199 243 0 242 277 231 361 172 390 223 433 243 183 115 136 301 103 111 118 220 191 323 324 56 
395 383 461 100 432 78 497 317 228 239 58 211 176 370 334 65 299 266 466 432 88 101 440 141 163 264 68 60 87 0 342 274 188 224 441 445 363 469 441 179 403 386 395 114 268 471 398 284 269 370 
456 408 408 56 347 256 376 110 274 143 354 115 367 492 496 307 193 358 482 133 244 385 226 138 205 444 108 102 434 327 0 178 389 234 293 152 287 499 234 348 479 327 408 300 400 400 295 206 92 360 
395 382 103 486 314 191 190 465 456 449 398 282 333 494 223 125 145 216 123 85 63 101 363 422 351 262 77 353 175 326 212 0 276 414 472 261 228 162 157 192 324 105 296 105 388 289 485 220 140 201 
500 176 421 308 245 98 365 457 125 217 338 157 135 113 71 106 80 456 425 187 147 248 449 149 60 93 389 251 263 235 402 262 0 361 79 69 312 127 385 269 410 308 313 66 150 377 294 206 163 249 
338 301 102 85 456 202 302 499 90 53 261 275 161 230 343 397 456 154 475 96 129 140 111 393 363 211 476 157 367 138 356 411 145 0 409 203 101 110 455 99 357 214 67 338 82 454 387 429 165 248 
159 212 327 249 480 426 319 190 157 426 263 453 488 174 97 396 327 355 212 488 161 275 202 385 113 441 94 206 369 209 404 235 127 231 0 190 106 363 459 246 471 384 460 179 372 340 433 474 166 288 
393 153 155 374 61 490 437 452 83 143 77 449 497 469 76 434 158 132 297 117 85 474 207 251 152 285 90 84 466 413 78 114 272 183 438 0 284 172 131 442 412 431 225 361 183 193 143 117 58 432 
120 125 467 300 489 424 402 274 220 192 239 132 221 303 355 110 447 345 440 77 493 351 458 425 418 141 324 267 415 332 199 485 407 372 491 396 0 296 148 376 466 290 321 305 217 123 159 278 69 210 
424 304 409 481 261 333 399 352 157 165 266 439 70 457 102 393 447 204 395 301 79 360 91 350 371 465 179 236 449 405 396 372 208 305 353 176 137 0 458 478 451 329 451 390 106 163 442 449 317 145 
343 117 381 409 365 437 487 86 115 222 485 226 118 113 385 129 172 267 423 336 244 374 371 401 263 427 271 411 375 294 262 424 361 142 89 433 78 75 0 469 350 247 453 75 71 272 166 150 394 383 
73 436 334 397 307 441 366 233 211 276 315 455 488 238 72 336 484 455 364 265 179 420 463 338 445 240 110 111 341 210 200 120 146 484 223 403 181 88 135 0 342 70 156 53 57 101 282 99 84 443 
413 300 121 332 469 409 483 208 469 300 255 386 451 81 482 190 254 140 321 499 432 370 68 88 373 282 139 361 331 380 303 450 386 374 488 110 282 471 269 458 0 270 230 99 427 262 287 117 222 377 
144 221 308 464 239 102 92 228 398 403 265 278 205 215 370 285 202 431 274 379 406 231 356 342 487 489 103 273 105 276 149 407 203 163 370 148 423 413 326 320 71 0 91 304 227 463 174 218 371 311 
442 250 216 379 312 57 365 300 318 137 112 300 443 469 453 313 338 100 235 457 133 261 479 381 65 412 343 396 129 213 413 71 169 335 400 431 342 472 438 366 108 256 0 165 51 224 324 70 268 131 
255 432 214 466 410 94 237 77 143 339 156 306 458 384 182 292 491 319 341 462 256 206 69 462 78 277 392 352 297 367 189 258 298 109 431 414 360 374 441 453 420 303 466 0 377 394 147 169 384 416 
216 345 172 372 120 340 156 348 232 215 351 98 354 316 102 414 246 466 273 326 162 433 245 171 398 122 64 495 448 398 410 163 449 288 241 69 128 348 123 66 269 180 321 122 0 446 373 242 398 94 
466 224 413 154 419 290 51 247 305 496 401 409 405 270 358 400 218 133 478 272 206 250 491 336 70 112 489 149 305 386 400 477 109 312 130 235 308 131 188 112 333 296 228 444 65 0 85 343 440 168 
320 211 80 69 201 122 296 471 110 151 275 203 50 458 469 68 294 203 327 131 98 145 414 100 323 113 322 114 407 262 232 433 423 469 209 124 91 455 94 358 106 75 60 313 239 480 0 332 239 389 
365 320 193 460 440 243 283 52 65 347 165 277 286 98 406 254 257 480 51 211 280 116 474 61 126 287 457 312 325 195 408 189 221 100 148 160 50 137 370 65 435 485 499 427 82 404 387 0 496 140 
389 207 126 211 387 138 494 380 301 306 204 447 213 99 167 470 198 485 470 492 354 241 426 94 239 352 334 350 239 329 440 334 242 65 495 129 360 488 215 161 500 370 314 419 419 431 389 323 0 415 
114 315 475 62 447 276 251 299 109 100 244 144 246 284 337 469 485 172 84 228 337 195 228 413 215 353 88 146 448 117 267 62 382 449 281 329 224 482 334 490 289 284 133 241 274 176 209 258 54 0 

1518.5 0 19
1518.5 1 9
1518.5 2 46
1518.5 3 39
1518.5 4 47
1518.5 5 46
1518.5 6 20
1518.5 7 2
1518.5 8 9
1518.5 9 29
1518.5 10 17
1518.5 11 15
1518.5 12 18
1518.5 13 28
1518.5 14 38
1518.5 15 23
1518.5 16 21
1518.5 17 31
1518.5 18 34
1518.5 19 34
1518.5 20 19
1518.5 21 15
1518.5 22 11
1518.5 23 47
1518.5 24 14
1518.5 25 31
1518.5 26 45
1518.5 27 45
1518.5 28 47
1518.5 29 5
1518.5 30 36
1518.5 31 22
1518.5 32 20
1518.5 33 34
1518.5 34 17
1518.5 35 23
1518.5 36 35
1518.5 37 42
1518.5 38 30
1518.5 39 45
1518.5 40 27
1518.5 41 48
1518.5 42 11
1518.5 43 46
1518.5 44 27
1518.5 45 5
1518.5 46 20
1518.5 47 5
1518.5 48 42
1518.5 49 11

