50 50 3

0 306 53 250 280 108 474 149 246 497 212 378 156 407 302 271 439 181 463 70 389 140 243 95 230 215 60 375 326 131 157 472 387 367 428 167 425 401 266 378 398 184 255 260 91 263 481 236 394 200 
463 0 489 497 413 84 226 127 301 307 403 382 171 130 269 488 57 142 413 409 358 290 62 493 251 272 290 464 459 232 113 365 194 102 362 106 136 87 390 143 345 292 232 222 372 207 209 136 299 328 
495 363 0 117 56 355 74 485 351 488 443 289 101 64 190 153 376 453 446 413 343 88 464 341 477 185 420 183 101 55 432 379 500 295 203 262 356 227 453 414 422 151 202 473 165 98 332 491 51 277 
160 100 71 0 330 391 499 222 66 181 480 71 113 358 277 114 267 245 420 201 197 89 122 55 242 94 170 497 376 368 498 359 234 304 380 270 195 378 442 211 266 421 440 85 486 216 149 459 412 275 
159 315 315 231 0 320 263 482 197 259 113 271 464 422 455 267 302 224 168 386 373 86 151 500 476 186 241 398 492 200 65 267 309 331 288 247 357 50 435 53 466 499 481 429 420 435 403 428 366 70 
70 238 313 378 444 0 495 271 185 393 262 335 408 235 350 445 473 303 302 473 238 61 195 443 493 123 118 183 232 253 499 460 273 443 272 150 387 267 371 71 159 340 112 273 74 168 218 498 178 226 
226 122 237 371 64 436 0 201 132 119 383 335 117 98 314 267 321 171 153 294 248 381 159 87 443 382 112 317 99 316 445 275 492 66 219 119 287 361 270 370 430 359 411 254 408 432 471 435 102 330 
228 300 210 337 94 152 218 0 156 175 475 178 327 456 169 343 381 445 130 242 214 206 378 280 323 338 187 254 308 121 306 344 55 313 53 342 357 362 266 219 488 240 347 314 403 222 363 283 374 199 
475 87 355 109 73 385 397 210 0 138 412 488 151 255 249 414 259 90 477 120 307 402 314 253 455 334 155 383 197 145 256 346 326 50 408 385 73 292 282 441 136 193 428 444 398 177 113 363 424 89 
190 437 441 454 190 151 288 51 485 0 191 146 240 243 423 240 150 307 264 148 295 204 442 194 338 385 299 221 449 161 352 244 301 288 185 462 184 493 456 186 477 146 489 217 95 167 163 196 181 133 
50 426 287 198 120 332 83 125 259 482 0 236 317 225 244 105 116 412 446 109 367 338 292 219 327 459 264 444 329 166 124 412 374 257 406 71 83 444 104 158 202 292 100 470 224 294 281 497 412 226 
312 485 64 104 203 341 269 174 491 97 497 0 322 460 126 78 121 148 318 64 409 426 216 408 476 392 338 477 172 334 388 105 146 373 119 407 282 166 175 162 363 430 159 184 145 442 419 216 89 236 
230 205 161 152 319 344 495 156 320 373 440 207 0 428 292 79 253 198 312 125 324 424 439 460 289 122 104 231 248 270 477 434 206 388 302 308 206 352 58 312 171 138 459 84 272 250 114 476 399 132 
307 429 262 245 144 258 74 198 439 272 174 171 412 0 330 59 420 344 422 271 109 234 392 197 399 427 419 148 247 150 253 85 408 388 297 359 482 54 139 386 199 117 59 321 480 339 86 155 390 458 
377 449 398 475 145 296 157 270 151 110 127 110 145 241 0 449 149 99 186 153 189 72 59 256 81 86 442 127 122 97 467 286 180 415 391 154 266 186 469 486 494 78 112 104 174 59 52 273 109 395 
132 455 417 348 417 205 384 115 282 212 369 455 205 499 125 0 95 359 341 438 83 82 432 112 145 486 236 361 244 215 176 345 53 130 469 352 254 173 442 75 161 154 394 322 309 148 397 110 213 237 
498 247 269 185 309 120 377 251 432 327 172 107 172 175 395 140 0 233 355 470 175 380 130 486 480 402 50 334 298 110 497 241 314 243 216 450 258 287 326 215 425 153 337 238 482 219 132 328 158 193 
297 283 279 133 475 258 485 475 91 489 84 88 436 105 488 151 54 0 453 388 86 167 68 396 455 257 377 380 95 204 488 239 207 478 468 290 452 433 481 183 474 469 424 268 160 479 463 262 483 415 
356 69 81 375 171 242 131 499 121 383 409 316 121 116 500 296 356 451 0 228 337 340 201 61 264 176 172 242 138 140 432 52 446 207 83 76 328 483 157 326 310 247 442 125 318 264 124 320 119 282 
498 162 121 406 381 91 81 259 284 169 349 215 171 294 128 411 321 406 149 0 184 439 410 137 380 241 406 143 72 225 419 60 430 288 131 335 375 380 366 133 163 485 432 84 362 432 162 479 459 274 
128 350 212 244 437 298 435 98 147 457 481 66 467 410 60 305 451 385 184 316 0 224 53 56 362 294 124 293 162 102 459 386 387 64 98 130 207 346 272 256 200 435 443 216 158 108 433 413 58 73 
303 80 247 62 86 108 306 160 107 418 419 272 59 62 286 107 142 444 160 120 406 0 310 55 104 232 163 162 371 282 377 394 291 407 347 59 443 405 315 309 462 439 434 441 448 446 226 262 295 376 
128 365 488 388 126 91 326 239 410 196 227 286 296 224 399 142 233 341 497 254 356 214 0 192 290 361 347 235 87 315 236 169 393 101 364 487 384 405 68 330 71 421 56 63 216 438 413 308 170 460 
60 375 316 431 273 312 292 326 253 85 140 440 411 239 247 274 432 130 386 450 410 407 370 0 173 420 85 110 88 99 230 499 316 311 70 454 84 332 452 116 84 487 414 474 153 359 427 378 291 57 
263 240 417 376 317 296 51 108 356 90 158 86 295 180 103 315 133 344 146 84 411 180 277 80 0 361 137 389 287 465 179 50 434 126 418 309 393 213 66 451 276 106 315 68 351 202 121 165 285 416 
468 76 82 148 59 112 215 146 451 452 317 130 209 250 413 126 265 305 496 489 462 478 94 484 496 0 152 185 117 474 420 239 198 202 271 296 419 89 217 64 490 375 88 326 83 495 445 366 467 249 
118 455 418 95 255 401 91 357 85 365 87 211 310 235 120 287 237 489 326 404 259 71 485 297 104 68 0 292 499 384 465 455 208 419 372 254 173 479 51 237 63 122 274 224 382 215 294 168 402 489 
200 61 248 428 496 495 482 270 493 237 361 213 191 68 131 269 479 255 247 236 198 467 308 422 397 396 343 0 398 63 451 386 420 462 133 348 213 335 329 190 83 272 257 247 169 275 84 144 461 496 
341 196 193 63 455 321 411 350 163 64 120 113 400 490 281 240 93 201 281 129 341 70 351 304 474 471 78 58 0 321 245 260 369 392 404 382 102 224 499 158 94 62 435 157 169 181 145 115 224 296 
102 303 343 122 361 146 303 87 381 67 358 126 277 226 224 180 108 276 111 313 140 155 82 75 262 201 206 357 473 0 136 359 74 390 201 146 457 53 155 494 385 172 351 217 400 284 391 79 98 373 
140 361 219 245 393 244 214 300 156 277 272 243 136 296 339 494 149 295 498 254 288 138 377 345 61 276 128 158 61 176 0 237 152 244 406 103 136 357 474 387 219 251 158 168 337 405 457 86 260 458 
83 464 452 378 96 53 145 322 131 253 90 465 440 399 208 102 452 294 409 426 387 127 383 252 453 219 156 409 255 122 123 0 496 85 74 129 132 77 225 160 366 428 200 330 124 98 244 176 257 488 
291 389 131 124 271 333 76 440 195 192 401 267 265 152 58 496 232 140 73 163 458 145 297 157 425 371 413 168 253 169 362 250 0 57 199 325 278 482 107 424 176 249 80 149 220 390 158 216 328 455 
446 441 412 90 237 276 221 315 188 339 274 63 407 475 277 106 55 261 294 112 184 177 68 421 276 238 310 384 404 137 95 105 284 0 457 145 228 439 316 249 333 361 473 102 475 203 329 287 208 89 
80 478 430 207 496 351 190 233 367 280 344 455 325 399 445 489 251 172 427 66 371 467 134 100 68 108 253 348 345 168 387 131 145 317 0 496 140 374 185 79 240 415 373 401 447 479 346 435 229 224 
117 452 302 83 85 352 309 143 311 156 194 429 249 276 73 272 271 370 352 162 400 92 283 479 199 229 213 251 370 392 426 438 344 434 227 0 135 492 242 229 302 348 373 438 304 355 217 282 125 87 
134 237 193 176 471 171 81 406 91 283 276 433 208 420 483 348 353 118 339 95 53 347 149 132 284 403 438 208 392 62 245 476 457 388 358 183 0 265 389 88 306 171 70 446 85 440 184 383 500 252 
428 94 462 275 193 94 265 96 482 423 194 250 374 169 206 468 233 95 233 121 341 245 450 361 397 241 57 81 331 56 490 258 100 452 239 243 252 0 211 496 233 340 189 433 214 64 346 388 247 391 
327 75 231 72 231 92 419 422 306 206 459 68 196 424 118 354 162 67 105 79 270 288 370 165 427 290 387 272 177 133 163 455 365 344 233 302 142 358 0 431 154 64 389 172 210 312 240 63 181 465 
325 210 441 112 286 105 489 75 442 468 410 282 130 364 353 180 96 155 480 404 85 133 174 424 256 334 443 202 103 123 166 378 490 106 196 276 369 392 301 0 310 359 210 298 195 280 151 325 82 463 
304 193 254 388 317 384 350 358 326 51 411 399 375 496 145 187 398 371 262 289 378 279 354 295 76 499 74 384 324 107 346 334 250 306 428 273 190 484 130 466 0 486 248 121 116 450 216 460 347 86 
222 343 414 451 196 208 233 195 440 117 225 253 169 265 209 426 400 432 115 383 62 287 124 467 358 190 416 280 357 262 72 78 104 193 479 251 107 211 152 497 485 0 83 249 154 298 164 286 197 96 
107 80 315 344 154 281 409 51 196 188 358 164 418 142 219 110 327 176 167 488 485 371 229 67 326 89 315 441 325 463 243 382 249 57 432 109 495 340 110 397 235 174 0 60 152 266 436 212 92 318 
85 287 302 406 466 319 232 261 341 172 85 303 365 173 258 128 104 317 122 151 134 225 336 465 442 194 438 134 112 236 402 147 229 411 53 401 229 235 161 69 113 196 78 0 428 75 493 262 130 310 
90 438 150 265 480 321 413 173 258 497 235 445 399 332 380 65 335 281 244 276 392 471 339 295 255 473 320 248 441 156 264 481 93 120 452 72 391 365 402 356 361 136 56 466 0 419 386 481 460 166 
432 443 58 402 488 303 363 461 329 110 157 436 80 138 235 150 89 465 248 160 366 103 472 453 109 193 127 201 174 293 318 312 235 82 420 430 91 282 146 370 99 253 61 129 341 0 247 437 137 211 
184 247 76 444 425 235 52 325 312 410 205 312 227 467 253 466 386 182 56 374 278 133 423 238 144 52 78 97 195 372 258 329 326 492 272 457 226 481 281 245 390 436 263 324 158 466 0 289 494 148 
296 368 132 135 497 320 229 255 105 277 400 427 241 435 459 232 413 416 165 393 403 116 490 95 329 69 203 50 308 404 148 310 478 438 395 474 257 331 436 68 107 335 446 298 270 160 237 0 182 282 
108 282 392 381 271 437 416 497 346 416 304 456 64 321 189 208 422 370 415 252 305 434 309 139 135 314 115 452 257 455 234 71 236 332 402 213 268 317 209 320 232 219 483 453 490 171 160 412 0 247 
282 163 51 422 179 348 263 443 169 214 406 123 154 427 309 436 84 228 410 107 387 437 496 106 419 449 302 296 315 213 250 303 83 458 224 212 305 437 361 181 358 473 254 462 155 270 154 189 448 0 

1458.5 0 33
1458.5 1 19
1458.5 2 20
1458.5 3 31
1458.5 4 24
1458.5 5 14
1458.5 6 46
1458.5 7 16
1458.5 8 42
1458.5 9 26
1458.5 10 27
1458.5 11 41
1458.5 12 18
1458.5 13 4
1458.5 14 6
1458.5 15 33
1458.5 16 45
1458.5 17 20
1458.5 18 17
1458.5 19 7
1458.5 20 14
1458.5 21 10
1458.5 22 14
1458.5 23 24
1458.5 24 2
1458.5 25 15
1458.5 26 11
1458.5 27 42
1458.5 28 13
1458.5 29 48
1458.5 30 25
1458.5 31 2
1458.5 32 18
1458.5 33 1
1458.5 34 35
1458.5 35 47
1458.5 36 20
1458.5 37 36
1458.5 38 20
1458.5 39 13
1458.5 40 13
1458.5 41 47
1458.5 42 5
1458.5 43 36
1458.5 44 7
1458.5 45 16
1458.5 46 21
1458.5 47 3
1458.5 48 41
1458.5 49 38

