50 50 3

0 222 479 181 482 421 91 202 99 447 244 478 174 196 141 261 144 333 72 213 375 306 226 155 450 104 141 353 298 447 173 472 375 151 152 112 279 401 265 84 103 459 61 228 361 360 439 455 399 217 
374 0 273 473 100 135 178 361 226 482 158 379 154 337 253 463 439 316 448 339 287 482 393 245 250 327 105 109 265 267 458 188 140 438 367 397 72 495 258 455 476 366 333 337 409 292 299 348 107 246 
393 100 0 434 492 295 390 318 107 449 289 80 163 427 170 100 293 67 329 288 275 283 470 347 115 62 463 113 67 310 171 263 202 221 404 401 223 293 218 487 449 458 66 111 384 186 161 384 410 196 
378 391 429 0 347 445 250 360 407 313 377 423 190 347 331 118 457 231 291 456 400 277 404 113 500 465 447 392 332 330 302 478 207 399 406 261 99 362 327 212 175 410 134 315 463 172 139 175 353 380 
131 459 363 485 0 71 362 206 225 254 488 261 262 222 419 367 334 386 417 196 212 128 321 328 420 342 498 91 432 172 150 67 253 316 137 238 337 205 394 268 165 137 480 133 309 398 451 143 490 123 
496 408 408 316 235 0 327 364 439 124 51 111 432 276 314 247 363 258 290 274 151 58 390 446 488 473 254 141 179 103 130 252 98 244 367 120 185 400 191 124 475 192 185 162 418 449 359 487 207 148 
261 64 156 357 460 350 0 85 421 441 215 230 277 173 279 471 490 105 156 390 246 230 120 389 121 232 62 69 297 500 433 151 467 204 258 323 370 314 358 290 255 279 227 482 403 456 209 148 60 315 
244 464 251 70 352 322 459 0 120 97 255 326 481 357 292 184 321 321 53 134 179 50 95 164 227 77 66 389 443 372 155 257 115 118 214 343 176 486 301 247 82 263 72 269 326 71 403 146 342 163 
437 227 370 483 342 96 266 114 0 435 208 436 89 171 258 365 335 100 491 76 107 237 108 320 467 328 145 244 437 448 85 306 385 470 175 123 311 221 95 375 362 460 67 158 130 482 473 171 81 219 
197 345 163 462 372 336 289 467 79 0 433 171 321 238 262 290 364 335 100 291 136 182 360 95 406 224 175 387 403 296 174 121 199 469 234 160 340 69 156 63 305 88 184 126 483 396 366 102 437 173 
100 72 61 410 117 417 133 449 303 242 0 451 183 313 149 358 254 466 198 480 121 418 492 159 308 117 349 203 433 401 346 312 451 124 323 360 398 446 199 346 455 147 52 137 167 358 446 371 323 350 
106 395 267 97 53 74 371 108 434 304 460 0 486 322 410 109 145 477 457 297 382 302 252 480 60 339 146 368 491 223 190 96 486 84 313 290 295 93 160 353 233 170 312 218 443 429 277 294 161 440 
90 493 448 499 228 458 338 80 325 84 460 466 0 131 446 256 150 235 50 401 101 110 133 222 128 58 164 56 285 164 167 432 411 367 379 410 301 337 247 332 368 488 498 89 118 443 296 426 384 296 
326 436 112 409 157 191 417 478 197 409 348 71 96 0 258 144 425 167 395 468 120 433 336 108 431 375 383 129 170 308 220 173 133 155 235 249 469 132 372 202 280 487 500 57 82 257 151 214 375 252 
181 201 185 467 259 322 98 349 157 425 156 327 304 447 0 188 246 402 363 328 480 64 314 467 270 321 255 234 178 419 315 381 307 466 272 480 432 93 77 280 200 453 142 478 463 88 372 208 196 235 
487 176 456 300 349 226 121 103 410 249 229 431 336 486 396 0 107 465 327 150 249 106 57 408 406 241 370 444 112 78 347 297 64 473 253 314 321 185 141 374 301 97 309 231 383 294 126 441 259 160 
297 214 423 60 121 328 251 441 272 70 469 118 73 239 297 483 0 53 117 167 351 197 418 398 457 148 488 250 432 184 215 91 187 379 464 198 206 292 155 147 270 382 115 94 406 305 341 388 64 164 
262 121 311 179 226 474 485 213 224 416 103 145 213 240 231 176 144 0 387 174 250 484 150 131 306 401 243 317 241 131 87 111 343 365 373 228 90 346 212 460 276 334 62 128 253 460 309 380 103 402 
260 59 142 117 348 398 468 90 421 209 378 214 477 427 78 105 155 326 0 158 73 285 384 114 54 218 317 464 477 403 66 379 370 283 227 437 130 331 404 377 251 319 462 171 296 388 406 351 249 231 
459 480 467 99 93 227 267 116 190 451 226 413 85 95 195 262 482 482 92 0 141 115 500 411 76 377 206 170 282 263 370 220 429 349 393 478 148 119 451 421 259 157 146 171 192 398 73 160 379 54 
409 471 119 408 137 352 491 500 473 273 262 342 199 397 397 91 374 251 160 81 0 378 125 188 231 453 87 128 476 197 458 237 106 184 62 220 271 365 211 477 93 190 238 141 95 135 244 136 215 201 
453 453 78 77 141 259 480 385 338 212 288 51 399 100 392 167 271 162 482 188 138 0 74 84 82 165 129 374 115 422 296 266 374 248 295 157 95 53 343 430 97 54 218 98 159 268 440 277 245 308 
465 139 152 246 173 392 117 459 265 183 380 267 399 460 466 193 116 60 404 410 441 207 0 170 365 463 280 339 158 263 84 173 227 173 275 423 53 373 491 462 345 173 98 111 278 57 76 422 124 294 
81 240 441 445 360 305 407 346 143 65 108 384 188 286 57 169 415 60 249 405 228 93 284 0 276 361 62 491 388 190 321 181 428 60 328 372 126 132 279 423 432 50 481 316 395 473 79 63 388 296 
469 292 474 61 283 457 373 51 447 467 398 267 354 81 484 181 403 109 470 388 482 401 144 219 0 423 489 191 452 259 78 247 227 77 221 239 66 384 318 67 330 284 415 303 137 446 493 475 104 101 
444 199 290 344 293 215 267 282 356 425 491 141 172 217 168 99 162 184 433 430 408 469 420 78 478 0 263 230 470 237 491 277 180 189 66 231 433 438 204 421 294 128 411 141 457 334 466 55 447 356 
438 132 263 162 52 291 139 265 227 108 209 217 336 95 357 108 276 496 497 186 416 497 472 326 344 428 0 366 309 434 68 164 127 151 377 240 360 374 85 331 307 351 490 474 186 85 330 451 67 325 
203 204 447 406 175 272 249 309 345 57 449 363 378 76 464 461 473 79 334 264 361 347 114 350 321 457 385 0 357 408 403 389 317 313 335 223 194 314 422 453 158 186 402 471 63 184 191 475 363 220 
64 126 287 362 191 137 182 147 228 245 261 130 133 78 149 419 251 293 232 379 246 96 64 354 273 285 244 414 0 259 106 341 480 182 127 341 323 421 229 177 149 425 388 436 264 416 85 389 373 328 
327 459 280 373 229 133 146 464 83 266 429 139 106 409 272 391 456 301 311 185 428 410 316 316 346 286 438 137 175 0 67 415 452 476 402 325 204 241 177 168 275 393 303 364 450 211 342 96 374 143 
357 265 277 474 80 92 75 72 237 162 197 254 76 149 229 428 180 139 169 307 257 150 199 60 464 355 428 306 401 301 0 155 465 65 382 438 302 181 463 325 368 124 228 328 357 327 263 492 457 352 
367 470 109 467 169 326 186 230 460 442 131 468 303 302 239 185 239 492 316 408 72 390 238 250 217 301 284 430 292 447 488 0 365 417 96 87 85 128 224 265 295 372 102 262 175 354 451 310 299 198 
332 413 427 221 150 384 144 402 167 280 400 113 267 472 480 70 58 271 355 232 243 149 104 51 117 229 112 275 489 117 179 76 0 481 106 247 337 440 97 445 106 327 345 376 300 316 112 76 324 89 
382 263 489 237 317 491 305 496 309 286 240 376 415 266 356 471 219 193 166 266 137 222 299 188 305 305 210 367 332 241 162 213 454 0 151 156 477 348 411 228 156 403 418 482 318 390 94 495 315 237 
161 80 80 89 85 426 344 340 342 417 171 82 79 90 242 387 197 218 234 314 396 340 217 69 77 485 165 121 479 430 64 346 216 302 0 386 458 227 229 54 275 353 175 64 138 423 256 475 119 181 
415 139 283 461 306 59 488 497 174 316 232 311 330 77 233 131 413 398 64 349 402 290 201 76 304 496 205 266 226 274 397 140 364 387 100 0 376 396 294 373 276 316 311 293 146 338 233 434 251 130 
205 306 482 445 457 264 455 452 420 427 177 400 80 474 263 417 280 346 68 280 425 50 96 235 294 192 72 233 332 480 313 487 285 294 187 241 0 57 348 399 183 275 282 83 305 462 52 428 241 348 
446 228 272 446 274 457 446 172 236 178 454 215 197 441 451 197 334 398 205 182 53 94 407 492 127 211 454 130 138 401 428 290 128 407 442 352 363 0 388 474 98 272 184 471 420 124 421 116 164 318 
478 296 77 72 202 69 356 119 473 436 414 129 120 203 208 477 352 266 95 446 447 351 217 130 321 343 411 448 166 74 472 350 321 500 128 229 68 435 0 299 247 126 419 82 403 122 240 379 180 213 
181 125 159 238 292 239 58 342 149 212 214 173 183 63 200 182 349 380 407 283 385 360 115 303 393 469 131 339 103 261 51 441 336 160 178 335 349 393 176 0 204 104 340 84 238 353 234 370 408 320 
484 190 204 343 463 458 235 431 295 74 240 56 75 181 342 186 309 176 241 202 58 152 256 348 186 200 408 126 70 315 397 53 212 307 346 174 471 288 311 266 0 312 50 272 93 181 320 229 197 447 
177 105 211 279 311 59 171 462 173 247 238 438 350 448 356 157 500 480 127 287 497 99 305 254 321 349 141 348 284 288 50 167 343 211 396 361 220 273 78 343 471 0 473 488 76 420 343 183 175 79 
468 169 282 66 424 486 94 479 127 392 263 365 392 380 415 309 483 482 236 255 59 285 432 482 272 459 157 322 348 489 107 71 157 339 295 288 325 339 266 402 437 235 0 473 84 322 143 343 304 124 
78 265 340 314 404 321 292 118 184 320 172 173 377 194 487 216 439 274 247 484 247 355 176 432 83 210 253 177 259 263 458 495 479 298 64 138 325 306 413 460 333 84 339 0 209 435 325 131 373 99 
328 112 296 182 238 434 423 398 187 99 364 400 56 358 134 60 372 429 336 384 341 295 216 376 340 376 310 164 213 390 420 492 452 422 380 397 356 302 294 249 107 364 148 321 0 221 440 331 92 368 
166 183 416 167 349 498 457 431 63 121 144 403 247 342 111 169 221 214 231 230 458 430 287 78 284 107 249 223 145 499 298 261 181 420 135 236 417 91 167 430 369 468 89 116 309 0 357 442 236 70 
172 416 234 308 410 262 91 467 462 472 318 216 476 286 347 395 371 82 311 412 406 447 488 373 486 103 181 342 251 124 118 373 490 303 387 399 271 428 122 232 155 390 398 130 175 451 0 475 496 240 
285 164 145 232 151 225 424 411 356 473 161 186 90 240 176 343 126 74 114 260 353 52 366 450 157 446 331 314 177 327 53 412 197 149 350 54 324 274 415 386 246 282 72 493 228 405 92 0 60 185 
363 270 489 121 342 194 228 288 475 493 415 57 252 82 204 351 139 208 381 119 329 474 71 317 252 63 495 363 105 54 498 174 482 242 246 323 386 424 317 361 172 438 124 375 227 279 432 316 0 193 
69 385 229 249 406 496 207 175 247 69 438 251 273 111 232 222 307 262 107 438 78 174 316 467 249 397 193 234 329 215 133 104 99 68 59 211 64 216 92 261 442 480 218 214 91 157 386 104 369 0 

1468 0 18
1468 1 37
1468 2 3
1468 3 45
1468 4 8
1468 5 28
1468 6 37
1468 7 18
1468 8 31
1468 9 44
1468 10 18
1468 11 44
1468 12 6
1468 13 15
1468 14 10
1468 15 5
1468 16 32
1468 17 14
1468 18 16
1468 19 9
1468 20 1
1468 21 29
1468 22 41
1468 23 45
1468 24 0
1468 25 19
1468 26 35
1468 27 2
1468 28 24
1468 29 7
1468 30 29
1468 31 47
1468 32 44
1468 33 37
1468 34 44
1468 35 3
1468 36 17
1468 37 38
1468 38 27
1468 39 4
1468 40 33
1468 41 45
1468 42 5
1468 43 44
1468 44 17
1468 45 15
1468 46 0
1468 47 0
1468 48 35
1468 49 22

