50 50 4

0 123 352 174 84 134 282 386 87 394 70 394 95 329 319 211 98 183 251 187 329 433 213 90 326 167 228 329 362 234 324 412 63 176 292 304 260 74 189 53 174 416 397 426 244 215 344 500 348 301 
393 0 384 440 105 180 266 222 358 94 83 91 125 202 104 458 200 358 424 224 253 427 105 168 79 237 119 244 80 118 298 88 461 388 478 273 68 243 445 132 495 235 174 119 143 435 283 293 500 206 
224 252 0 132 279 371 368 222 196 111 253 264 115 291 431 454 268 203 228 218 355 310 419 89 434 244 182 125 477 181 124 182 355 82 471 340 159 338 62 305 155 472 275 427 469 206 380 443 359 107 
160 213 368 0 285 459 57 479 347 339 455 479 169 343 89 202 69 380 67 113 148 323 425 119 97 352 87 253 438 480 319 496 347 238 119 131 404 333 317 250 379 478 435 498 321 475 406 96 110 424 
367 208 246 291 0 484 500 142 277 460 80 463 278 282 65 222 107 354 125 146 170 82 475 147 467 473 174 197 378 221 464 57 87 378 253 84 361 460 384 137 419 170 307 403 402 322 124 215 175 407 
311 295 439 286 149 0 161 465 273 65 98 200 479 106 444 357 65 479 217 475 118 61 393 238 318 295 346 346 126 60 472 483 77 266 421 69 121 288 240 345 303 289 495 282 345 195 138 116 380 61 
91 448 279 434 185 303 0 436 481 149 268 247 120 250 481 92 377 50 164 164 240 215 174 235 416 406 79 110 250 353 440 468 394 387 454 83 278 256 225 465 355 443 418 181 192 399 431 275 399 94 
146 345 259 270 80 174 382 0 316 442 338 168 381 305 61 475 465 302 459 221 477 424 282 420 341 414 318 239 344 300 344 144 396 396 109 372 426 440 253 241 381 297 116 262 308 334 443 273 135 401 
444 319 80 432 238 128 345 262 0 73 395 61 368 245 163 263 304 485 395 244 444 342 124 447 408 92 255 242 241 478 83 349 421 352 379 352 296 457 404 265 481 54 483 104 457 146 73 260 337 418 
210 488 259 492 434 167 290 188 115 0 482 165 148 330 292 207 415 351 453 372 254 424 108 465 407 369 421 52 392 388 95 65 97 82 274 295 223 147 85 361 419 66 233 274 102 475 431 467 325 139 
338 285 63 152 457 420 471 377 178 118 0 471 223 133 275 463 358 69 185 211 104 496 130 120 228 110 172 410 491 139 441 336 183 433 349 286 389 475 463 472 152 81 443 326 164 217 288 228 236 179 
146 498 174 433 117 109 493 447 225 239 85 0 165 74 425 97 374 417 192 348 380 371 207 167 69 483 488 236 477 423 178 155 68 382 486 451 450 301 199 396 476 388 187 348 412 318 395 492 235 294 
96 321 164 253 438 183 442 425 125 418 347 460 0 279 121 342 471 278 291 272 427 393 247 70 286 94 433 103 196 180 288 196 226 108 310 429 252 443 370 384 274 494 230 233 479 58 74 450 286 71 
221 213 170 174 440 162 426 372 216 328 52 210 474 0 435 476 490 364 227 188 440 110 412 190 498 351 168 55 376 117 291 153 495 210 481 376 150 142 57 228 308 335 437 225 64 372 200 53 442 377 
398 137 194 309 277 191 159 396 403 241 219 400 345 214 0 317 81 89 173 173 96 351 432 137 495 156 151 122 62 361 270 145 258 357 289 273 341 186 138 236 88 330 405 195 381 325 462 412 364 134 
84 166 191 222 253 185 84 110 464 96 177 233 399 141 297 0 187 120 137 80 209 79 325 489 434 470 369 466 431 487 329 271 277 202 413 450 161 304 240 429 268 494 105 207 392 404 454 78 474 297 
108 182 326 140 170 467 109 245 432 247 231 467 468 215 168 136 0 164 280 391 354 208 365 103 470 71 445 373 232 474 347 479 288 235 305 378 112 478 194 307 409 391 245 375 114 410 250 201 280 480 
91 340 394 406 394 363 183 338 443 365 67 289 344 62 230 355 146 0 292 332 290 306 447 387 50 321 452 166 70 152 396 256 400 442 149 61 335 463 401 173 405 266 397 400 316 409 336 377 262 128 
208 51 384 154 145 140 181 96 256 409 405 358 164 60 299 264 278 134 0 433 178 464 93 394 360 199 416 476 485 292 237 112 206 445 446 66 89 85 405 342 498 313 453 355 427 463 154 397 240 445 
329 369 164 128 469 230 277 141 205 262 139 148 324 52 93 477 275 339 268 0 179 388 473 442 340 327 125 59 187 228 456 338 57 80 452 342 500 182 119 347 93 331 436 192 361 438 442 93 213 487 
68 98 374 491 247 421 73 78 186 418 256 141 255 470 172 414 312 378 95 381 0 224 138 418 366 487 485 60 184 78 430 378 96 478 458 293 431 378 72 459 270 440 215 362 195 184 240 108 446 117 
360 82 498 204 450 119 398 435 336 81 219 265 409 472 450 367 264 380 451 286 339 0 221 433 260 289 334 394 479 392 96 302 458 128 299 161 285 124 265 219 411 297 144 175 412 115 331 485 329 418 
192 321 463 363 253 222 358 86 322 336 184 368 137 348 203 142 216 438 423 431 363 333 0 434 457 215 102 278 496 86 106 169 435 133 131 297 93 303 361 336 332 196 227 406 490 281 108 338 447 252 
261 134 321 93 67 484 258 119 261 461 363 73 129 297 364 418 301 407 427 161 449 258 64 0 382 164 53 163 429 98 109 388 309 400 208 352 418 399 317 243 159 484 312 390 319 109 253 236 116 366 
370 434 314 127 448 196 448 208 65 133 256 331 471 64 231 385 122 148 283 145 97 393 128 360 0 282 154 175 241 96 241 106 416 174 370 494 329 272 197 487 287 280 449 325 250 219 55 135 291 360 
124 143 407 223 428 266 211 81 147 402 128 338 458 494 219 84 243 254 62 147 240 56 377 395 331 0 127 113 336 419 110 195 493 203 308 423 338 281 133 369 378 486 203 423 443 404 141 233 146 345 
246 450 291 252 327 392 82 160 211 124 285 271 269 484 181 76 406 469 63 490 93 392 475 247 314 173 0 150 161 357 453 212 309 403 209 60 436 100 299 95 261 373 330 238 348 313 125 130 219 300 
144 415 344 486 389 90 55 268 397 166 331 349 328 139 458 243 356 393 500 361 438 467 233 474 204 287 494 0 487 368 419 286 462 333 129 203 428 376 208 195 272 80 233 121 114 78 285 307 385 178 
306 245 322 272 185 296 182 422 289 168 496 414 161 457 246 240 366 173 116 73 74 338 103 257 165 167 286 157 0 180 377 285 436 328 313 414 219 315 96 141 310 421 136 223 81 300 419 479 165 91 
94 396 323 138 205 79 461 79 71 117 209 154 108 352 189 371 265 358 186 67 205 446 195 499 169 226 298 294 411 0 169 92 455 271 365 300 427 150 260 212 172 83 371 483 141 222 171 218 194 480 
354 418 184 56 112 182 382 496 186 175 406 62 424 117 490 288 367 172 389 333 334 267 366 205 249 213 133 371 381 484 0 106 442 402 240 204 220 129 85 215 472 417 121 240 341 188 230 335 261 352 
223 93 186 440 165 97 396 328 387 266 415 127 322 112 479 268 266 198 103 57 120 75 181 191 472 228 85 201 62 52 260 0 236 95 152 382 417 406 277 451 292 249 365 125 277 428 103 496 400 459 
98 408 78 330 295 426 302 473 461 209 485 463 175 427 264 277 65 387 182 499 337 181 248 201 256 475 335 66 470 235 475 275 0 349 52 311 143 184 112 115 144 479 306 313 153 233 283 381 455 169 
269 453 456 156 200 363 363 382 198 135 107 139 109 332 438 318 350 80 452 168 352 302 146 157 321 457 96 310 337 50 429 312 210 0 140 419 360 453 488 448 150 122 55 446 388 93 383 412 393 413 
119 61 471 371 364 128 398 320 381 207 363 382 135 175 91 432 300 157 384 494 312 241 322 317 186 209 116 69 327 460 188 396 227 159 0 473 90 444 370 117 324 76 430 412 368 311 209 299 110 73 
389 310 335 129 131 358 473 497 424 248 323 139 386 218 72 251 190 320 401 59 387 225 292 316 343 366 127 52 371 394 75 260 411 116 95 0 492 424 67 489 103 265 311 193 358 480 422 108 376 241 
460 386 127 391 384 150 233 250 434 442 120 83 223 86 444 289 132 436 212 356 180 473 121 441 372 429 176 293 243 52 485 409 144 318 55 478 0 418 239 434 351 387 261 385 110 297 84 349 135 470 
268 442 356 240 62 297 111 197 423 110 146 181 301 55 275 119 60 460 487 456 149 94 343 360 185 403 364 219 458 449 396 225 390 251 171 158 254 0 439 61 384 500 158 64 300 370 497 369 136 212 
112 92 311 363 141 171 498 250 485 423 207 189 74 383 79 276 53 394 236 199 406 119 198 270 341 204 139 337 73 225 255 342 474 65 204 114 186 408 0 314 377 330 472 66 355 110 302 337 320 402 
279 469 307 349 373 76 396 77 372 439 307 97 193 148 277 208 302 342 101 209 362 428 245 89 200 306 356 452 142 176 354 372 351 367 427 224 150 322 251 0 472 260 57 275 403 362 52 317 163 100 
368 78 168 296 273 208 202 79 63 154 378 396 214 456 247 287 382 177 143 410 134 322 376 348 96 485 209 305 302 78 111 376 106 230 171 85 144 80 321 364 0 184 406 260 104 361 213 97 450 96 
191 115 180 463 442 478 265 182 393 277 434 421 94 310 233 481 187 475 124 217 52 439 107 408 405 368 268 324 416 424 370 313 490 256 482 431 440 246 112 332 229 0 253 459 274 269 398 254 162 372 
85 86 374 230 143 488 134 218 256 408 340 386 484 152 375 239 133 61 178 85 124 460 265 83 174 245 302 71 449 414 149 484 206 230 213 300 217 53 224 179 167 63 0 65 150 372 390 339 211 402 
467 453 232 182 217 265 306 168 273 83 117 393 183 307 99 363 227 105 79 437 279 416 104 499 431 204 126 320 250 287 428 423 239 159 105 163 130 117 281 353 358 104 246 0 491 118 51 109 295 106 
345 438 91 260 492 89 190 403 372 217 152 158 144 281 103 254 336 423 334 160 411 394 468 465 346 214 82 347 480 83 159 324 228 200 291 219 446 187 328 317 354 430 181 205 0 211 234 409 253 364 
449 119 274 342 293 445 187 213 234 240 192 474 349 223 201 499 220 371 200 357 198 467 418 335 147 122 252 88 481 211 402 185 488 382 234 280 326 371 444 59 318 342 484 166 64 0 184 372 234 261 
71 298 166 489 215 207 342 287 165 136 474 326 244 158 313 125 342 93 158 420 243 167 237 84 357 353 306 248 224 246 459 453 250 331 441 415 488 489 201 152 125 174 185 319 490 448 0 151 331 247 
259 457 196 132 193 438 440 253 450 187 183 402 352 135 152 390 282 66 133 478 425 443 102 305 127 127 294 281 228 332 235 193 288 137 276 188 74 215 147 230 108 487 132 166 122 234 262 0 110 457 
346 294 381 288 102 186 121 180 186 108 114 468 500 258 463 137 240 150 368 161 454 98 426 440 387 91 268 327 60 85 283 356 329 371 350 382 263 177 268 399 442 332 367 442 296 329 78 242 0 185 
396 353 138 200 278 77 293 76 52 119 86 87 109 148 366 430 204 247 192 87 465 90 479 53 163 420 55 198 204 248 333 307 100 177 457 85 412 457 318 414 75 354 451 134 208 72 270 118 270 0 

994.29 0 6
994.29 1 22
994.29 2 35
994.29 3 28
994.29 4 21
994.29 5 29
994.29 6 4
994.29 7 13
994.29 8 9
994.29 9 41
994.29 10 11
994.29 11 2
994.29 12 6
994.29 13 41
994.29 14 20
994.29 15 34
994.29 16 35
994.29 17 0
994.29 18 45
994.29 19 4
994.29 20 26
994.29 21 34
994.29 22 13
994.29 23 43
994.29 24 47
994.29 25 0
994.29 26 31
994.29 27 9
994.29 28 33
994.29 29 10
994.29 30 42
994.29 31 40
994.29 32 37
994.29 33 34
994.29 34 19
994.29 35 10
994.29 36 19
994.29 37 28
994.29 38 28
994.29 39 27
994.29 40 25
994.29 41 38
994.29 42 34
994.29 43 37
994.29 44 36
994.29 45 11
994.29 46 27
994.29 47 27
994.29 48 11
994.29 49 23

