50 50 3

0 145 276 439 77 178 139 265 150 281 432 309 294 471 169 103 270 254 306 230 429 124 404 120 65 229 458 324 471 412 123 127 56 105 65 83 233 361 54 90 142 193 105 142 370 431 195 139 184 451 
319 0 319 74 222 389 297 157 347 327 334 258 400 411 264 211 183 54 395 494 58 191 342 201 246 435 70 176 129 366 66 287 184 336 67 112 224 70 219 70 348 52 485 454 170 456 165 59 460 266 
52 468 0 163 101 376 115 486 152 241 321 469 464 314 359 299 332 422 474 108 347 250 406 350 235 116 226 190 438 235 356 203 444 323 316 495 405 381 236 264 328 264 232 291 77 90 297 115 218 270 
174 65 226 0 286 121 167 108 297 63 496 482 369 198 425 399 220 176 303 307 118 66 341 332 455 339 116 252 135 181 420 111 61 435 494 54 55 161 112 58 174 108 490 494 463 171 148 390 53 401 
403 121 174 244 0 404 335 289 470 86 130 357 457 398 125 147 391 129 360 51 191 368 383 456 358 132 175 235 230 64 238 337 173 65 217 123 419 52 362 144 88 442 208 251 339 283 349 437 362 208 
438 259 75 76 422 0 139 365 96 80 94 317 475 138 440 491 305 63 165 307 375 260 346 73 174 96 118 407 151 54 475 309 199 440 91 225 361 387 90 407 174 341 223 148 185 163 138 441 176 254 
247 257 220 299 487 344 0 102 105 457 203 109 431 219 258 370 467 190 438 353 437 344 233 277 274 332 413 387 176 109 269 380 62 232 99 312 219 149 120 274 105 273 333 242 198 298 319 164 438 256 
224 374 306 407 357 79 238 0 476 172 365 84 147 451 97 330 257 115 255 356 185 479 168 164 67 360 313 315 178 427 459 140 150 88 397 57 396 426 452 371 98 72 162 402 474 416 231 230 237 436 
292 372 170 410 242 188 477 54 0 209 361 188 375 452 495 413 104 258 308 236 210 386 491 439 254 393 412 169 123 348 356 266 347 434 386 463 175 280 439 387 196 300 74 70 458 275 433 268 484 448 
454 400 89 445 338 293 337 457 168 0 166 60 230 382 357 163 475 320 495 254 465 381 156 471 161 176 428 387 316 402 126 470 356 476 58 300 69 57 343 476 175 215 487 111 97 99 224 278 125 218 
238 90 306 345 60 173 227 195 266 493 0 96 342 218 158 73 433 164 93 440 457 68 321 172 261 382 426 67 312 410 142 237 147 182 249 442 400 372 376 301 138 124 103 186 293 212 210 225 326 253 
372 490 478 399 161 239 488 293 463 299 202 0 104 242 55 444 441 204 99 313 79 350 157 153 403 293 396 321 209 328 147 412 199 136 146 304 454 91 291 453 53 297 361 107 489 366 257 430 69 306 
449 305 362 105 409 472 104 60 292 264 338 145 0 382 243 438 478 498 147 68 288 99 278 84 166 92 280 483 299 209 258 312 157 63 173 419 178 351 473 188 350 443 477 445 325 219 139 58 216 236 
77 211 493 305 452 158 347 231 347 353 146 312 164 0 460 81 494 378 209 101 107 347 401 500 79 101 80 456 190 89 171 133 323 88 125 334 247 440 388 428 287 240 281 305 110 240 336 310 325 495 
117 138 97 468 344 127 276 375 82 416 170 410 255 443 0 205 330 276 402 270 163 85 263 109 316 67 376 263 109 393 294 103 460 382 357 184 225 190 410 99 429 81 219 339 287 368 250 323 144 151 
92 464 186 61 280 209 285 362 422 344 254 215 153 421 96 0 461 311 478 150 220 284 79 458 209 124 451 77 324 274 378 181 72 97 317 291 83 232 75 396 153 370 356 74 473 276 327 433 86 305 
290 463 88 75 177 247 149 127 481 179 351 358 310 130 162 333 0 371 195 65 396 90 168 472 153 400 445 135 226 133 379 481 373 341 275 398 224 473 253 302 209 382 359 67 191 439 386 231 65 80 
246 412 328 120 383 431 470 83 272 196 167 150 176 246 198 402 351 0 372 130 103 173 289 192 483 62 89 177 398 270 400 185 466 67 463 86 400 149 55 190 371 201 307 472 84 259 169 192 109 491 
479 370 371 267 61 109 487 100 443 140 321 342 482 286 359 200 78 466 0 299 291 155 377 198 168 104 232 377 430 130 193 176 108 62 497 82 73 312 68 123 255 365 150 96 347 387 406 497 171 127 
52 412 232 135 110 106 189 499 433 325 129 332 451 187 344 204 219 367 466 0 444 197 220 65 297 474 118 390 135 321 61 212 323 179 150 164 239 206 303 445 345 127 73 177 285 417 227 439 343 94 
404 493 448 331 57 244 60 332 341 145 153 108 63 182 237 163 297 183 75 306 0 127 370 140 357 253 375 273 431 69 115 231 179 315 178 460 78 128 226 361 175 77 464 233 90 352 177 410 148 66 
435 405 143 61 251 206 264 125 429 401 144 251 338 273 65 222 440 93 57 165 160 0 182 193 123 122 440 426 249 350 280 265 491 391 114 51 141 270 473 423 405 129 273 362 418 497 133 139 192 177 
146 63 494 486 413 324 107 353 456 62 409 235 277 399 333 97 157 424 317 336 103 221 0 415 326 83 332 78 373 178 220 256 481 441 250 466 109 73 72 168 479 291 76 213 67 182 496 114 496 176 
137 331 229 65 245 54 305 284 83 177 412 460 384 148 156 133 114 216 156 343 334 134 134 0 361 53 358 249 256 423 244 138 266 74 317 281 269 77 85 259 317 213 170 277 96 269 383 386 89 98 
492 138 139 332 222 450 91 80 405 297 209 148 385 181 172 408 413 147 436 204 357 252 123 233 0 235 376 208 325 261 454 129 459 92 218 497 471 374 88 257 278 91 172 132 183 304 461 90 423 108 
232 126 171 191 200 110 376 75 476 407 494 185 487 452 227 411 449 198 285 243 161 269 284 284 352 0 417 87 68 214 216 126 396 292 454 86 198 271 169 431 453 75 424 137 268 131 315 386 286 219 
377 479 330 145 470 320 203 142 113 222 306 279 54 409 71 215 445 426 436 320 356 388 102 279 475 76 0 117 496 412 353 421 288 88 458 140 57 277 500 149 341 428 406 119 189 314 347 354 465 273 
496 492 128 139 93 114 320 326 388 72 238 240 443 232 278 400 78 285 384 285 141 224 212 497 500 351 66 0 347 411 237 326 406 228 160 251 478 431 71 304 318 93 248 265 242 186 249 142 422 241 
232 206 332 406 368 84 161 426 100 214 336 287 490 449 222 357 199 406 287 220 209 312 470 163 76 212 56 482 0 60 428 222 242 133 53 354 207 87 465 132 344 179 419 338 375 123 59 231 272 415 
225 199 331 243 168 200 476 86 206 457 96 133 179 495 423 389 348 130 427 313 212 270 198 337 107 279 410 323 217 0 182 445 148 87 275 341 205 425 316 449 338 479 495 177 157 246 100 497 93 180 
179 112 342 155 467 386 420 246 295 242 413 183 186 60 427 167 107 132 299 373 287 136 107 488 263 422 233 313 174 277 0 199 303 95 248 408 62 133 327 258 134 276 377 475 168 387 401 286 444 239 
84 72 476 377 129 464 139 50 196 159 381 179 64 183 432 262 298 444 101 331 408 186 106 284 160 225 377 267 217 320 457 0 251 98 432 127 384 151 423 141 54 288 472 390 303 362 321 271 159 264 
323 196 171 459 253 161 325 184 488 298 351 63 254 308 318 393 141 202 494 270 293 254 265 471 144 67 332 171 495 441 386 317 0 137 263 482 96 375 62 437 118 311 494 132 64 301 400 163 148 308 
364 368 100 117 132 278 418 356 109 89 107 257 181 374 344 394 112 146 475 124 82 93 141 282 382 156 82 488 476 387 296 339 254 0 102 407 93 330 324 155 390 119 212 353 250 86 403 144 355 499 
325 429 287 124 70 68 212 383 307 200 358 193 202 197 153 254 310 196 291 340 302 180 410 220 239 159 463 141 460 317 139 492 246 132 0 115 473 357 278 111 163 184 175 62 336 78 165 89 338 68 
330 385 76 216 294 246 405 159 209 496 119 476 341 110 428 179 382 156 486 366 217 355 500 99 367 335 127 483 131 172 257 167 56 283 90 0 56 479 201 165 394 404 441 370 451 50 53 130 139 160 
115 455 83 177 455 339 494 496 417 232 333 295 439 207 301 428 247 63 407 154 178 300 57 119 376 459 326 136 88 415 453 360 126 242 243 287 0 81 237 489 204 175 322 449 321 479 456 248 432 469 
361 85 146 368 93 422 450 258 248 85 52 369 244 118 201 437 312 438 224 255 427 378 136 455 326 407 189 488 362 120 456 429 362 101 296 161 230 0 453 125 184 244 127 259 439 403 411 375 214 348 
305 175 481 182 261 191 214 375 330 201 443 156 156 371 225 414 374 336 143 326 412 277 69 245 487 458 147 153 88 67 207 343 192 188 231 160 85 395 0 485 366 95 427 228 408 53 403 322 377 446 
415 202 357 399 222 308 141 386 406 244 181 179 401 474 322 295 412 188 87 306 379 403 352 61 337 466 64 240 287 392 185 409 300 248 63 228 55 154 114 0 167 104 452 297 211 181 325 213 92 463 
250 349 341 359 407 108 195 372 122 385 366 220 276 274 471 474 287 198 236 147 469 353 201 420 149 362 308 180 281 350 349 481 198 396 95 311 454 241 390 76 0 332 255 246 108 479 423 81 472 121 
267 118 296 327 476 423 182 93 230 313 325 79 161 61 435 57 107 452 217 298 341 243 129 302 196 394 487 118 182 458 396 399 282 399 432 464 321 114 57 257 133 0 88 286 244 99 427 458 363 135 
382 367 182 124 203 435 477 96 421 302 228 379 197 334 367 302 265 331 122 329 94 329 412 132 322 363 388 455 76 251 89 408 324 429 239 477 363 422 73 283 223 458 0 368 127 291 442 379 56 272 
208 91 72 487 210 154 64 279 248 470 305 205 265 420 480 193 365 456 262 493 235 496 216 193 119 500 434 60 378 196 489 292 238 60 279 154 371 500 383 119 469 394 274 0 441 69 460 340 384 172 
102 377 357 304 299 500 373 298 190 384 382 336 372 381 280 139 159 384 460 365 266 78 90 160 59 481 386 225 76 270 347 128 353 204 382 358 410 255 362 99 345 450 386 423 0 330 165 61 195 500 
472 60 472 256 100 338 265 287 224 197 313 200 494 392 259 404 480 116 314 441 428 363 285 133 455 208 414 120 219 108 326 397 118 53 153 375 342 124 161 272 271 425 178 472 316 0 387 375 51 209 
188 443 343 258 227 426 212 141 339 282 67 154 314 414 222 74 273 97 122 348 415 344 325 339 228 296 361 114 171 363 480 309 305 322 273 238 247 436 330 293 424 103 397 238 223 325 0 469 447 128 
90 294 494 140 325 88 318 121 400 138 242 262 117 257 273 389 481 461 342 416 497 341 95 99 444 490 480 269 458 426 103 498 426 303 344 250 342 161 321 241 456 269 453 72 233 225 167 0 213 392 
216 335 389 56 136 194 451 126 173 426 83 305 235 288 230 489 131 431 330 450 458 70 405 227 229 184 410 160 301 329 258 223 370 353 437 212 254 143 288 377 68 78 389 253 316 118 448 153 0 255 
277 102 213 53 214 146 439 348 262 305 355 297 63 78 373 366 465 84 119 314 323 203 332 351 91 291 373 366 239 232 328 222 492 247 433 205 343 371 259 311 176 320 314 396 104 186 261 275 427 0 

746 0 16
746 1 6
746 2 28
746 3 33
746 4 8
746 5 40
746 6 13
746 7 20
746 8 18
746 9 24
746 10 23
746 11 20
746 12 10
746 13 15
746 14 18
746 15 33
746 16 34
746 17 46
746 18 4
746 19 37
746 20 21
746 21 36
746 22 0
746 23 18
746 24 17
746 25 0
746 26 41
746 27 23
746 28 12
746 29 11
746 30 7
746 31 33
746 32 18
746 33 35
746 34 17
746 35 31
746 36 27
746 37 30
746 38 2
746 39 1
746 40 11
746 41 25
746 42 26
746 43 26
746 44 46
746 45 0
746 46 11
746 47 31
746 48 46
746 49 20

