50 50 4

0 393 122 478 235 340 255 459 137 466 405 205 103 174 159 289 398 181 171 51 55 495 337 177 145 137 66 374 423 80 369 114 423 198 92 157 488 53 322 125 469 433 487 72 107 353 311 211 484 189 
419 0 489 183 255 373 485 98 389 115 227 419 434 291 341 131 89 205 326 92 477 157 268 410 143 290 223 202 307 384 392 202 58 381 336 263 460 76 67 348 141 244 266 282 241 313 119 488 468 395 
79 445 0 258 297 110 352 293 283 260 307 166 152 459 174 239 50 143 198 77 367 496 375 110 468 156 57 280 226 495 455 327 281 155 85 77 215 143 77 448 353 90 320 211 499 200 400 256 500 97 
490 366 92 0 364 182 266 471 189 253 403 184 207 436 415 68 227 198 233 76 432 387 380 472 206 90 227 112 197 433 111 244 178 427 494 492 108 259 218 454 462 327 137 168 263 258 186 440 163 125 
467 94 462 102 0 273 374 349 206 436 496 345 497 447 473 423 440 464 237 198 389 191 160 215 485 485 184 450 378 331 112 209 53 363 171 105 342 495 160 498 187 363 98 183 309 70 313 455 241 256 
152 129 153 469 294 0 138 210 429 87 87 259 356 246 262 425 123 73 267 325 390 471 462 459 69 351 474 296 163 428 487 126 287 322 229 255 116 317 171 251 110 415 216 172 161 184 97 441 414 70 
265 59 491 433 469 266 0 284 442 62 153 370 255 229 363 77 409 324 350 432 446 307 249 360 473 371 227 363 174 168 276 194 139 285 392 72 460 364 62 402 132 165 478 338 101 340 121 216 370 177 
354 315 434 102 382 162 180 0 108 475 60 433 457 205 72 448 303 301 408 166 69 65 249 184 249 293 442 295 120 157 164 247 462 430 180 270 311 499 156 125 229 167 58 185 78 287 339 331 87 453 
203 106 468 158 447 423 157 145 0 217 227 252 332 180 420 468 66 397 485 64 52 109 243 376 117 134 404 110 424 441 354 376 144 410 100 459 113 473 116 208 190 500 166 228 180 293 195 196 189 179 
211 398 445 160 481 269 245 384 329 0 168 81 183 250 175 299 300 340 362 480 406 276 376 162 149 103 292 392 455 194 287 133 111 184 284 222 164 52 417 255 332 291 286 221 247 167 470 254 457 88 
233 119 314 108 231 413 368 473 60 322 0 373 297 161 435 188 395 156 302 398 279 263 436 276 499 156 473 165 332 226 329 370 165 398 391 430 335 59 297 307 70 118 179 73 436 320 211 331 182 464 
435 411 433 126 186 432 439 366 303 270 298 0 338 140 414 235 237 343 276 246 140 82 473 415 419 497 107 445 414 144 127 133 78 488 66 361 381 448 299 453 457 68 250 295 365 163 236 101 213 463 
54 59 251 233 424 376 436 237 321 350 331 398 0 433 115 141 449 426 228 152 224 180 316 450 137 110 314 250 52 122 413 221 333 422 179 272 102 54 415 496 81 264 327 185 403 392 484 108 74 211 
417 455 98 232 404 185 499 425 141 258 253 261 429 0 85 389 107 63 197 319 428 193 350 398 226 486 57 324 469 115 348 386 482 303 190 214 413 325 419 337 173 176 89 140 105 331 235 369 101 383 
187 479 282 488 133 214 229 140 488 404 205 92 289 393 0 101 430 313 464 461 232 57 340 358 303 186 169 341 372 489 392 461 175 126 449 369 209 162 304 299 356 207 210 154 203 103 412 339 366 376 
55 97 139 102 162 392 238 281 232 109 269 330 276 151 407 0 224 470 115 92 274 121 155 187 281 466 340 334 378 385 407 460 391 454 98 443 322 196 387 103 135 203 322 415 429 179 77 360 149 350 
158 129 421 470 266 201 436 313 242 313 197 355 479 294 64 283 0 443 337 429 330 390 270 483 418 392 411 97 419 477 196 268 135 482 395 104 454 303 246 266 251 265 170 105 243 414 119 476 357 406 
161 393 295 137 375 213 479 492 467 154 469 369 372 310 350 474 364 0 303 276 317 276 477 81 396 81 275 65 150 457 128 263 324 471 57 412 345 427 390 337 393 494 61 261 122 321 317 95 391 120 
77 207 102 53 239 448 291 220 219 147 383 298 360 207 475 124 118 76 0 50 214 119 150 415 130 117 243 157 385 495 498 211 71 205 263 281 150 417 278 320 135 375 202 139 235 115 321 309 390 347 
65 104 416 165 225 252 440 418 359 324 412 356 485 189 60 454 420 367 370 0 404 186 211 278 95 57 219 160 328 234 50 174 457 311 296 328 486 498 267 403 356 90 70 211 281 209 429 234 335 295 
310 445 188 472 222 233 235 148 99 62 332 306 393 288 116 188 323 308 185 89 0 417 247 337 437 164 117 352 92 58 393 94 74 337 232 496 266 171 437 364 427 449 402 233 97 397 55 235 219 314 
126 258 230 79 94 374 194 369 432 443 377 325 487 157 161 425 360 133 95 296 447 0 229 452 349 412 499 245 173 441 414 193 273 378 374 303 423 454 447 498 385 389 130 209 376 237 77 56 96 367 
102 343 314 488 294 369 155 292 320 278 232 233 422 456 317 51 258 446 455 411 443 339 0 55 72 255 137 260 489 144 306 355 403 148 375 390 392 243 495 391 62 272 122 452 400 284 269 401 248 214 
355 158 157 401 164 386 362 251 145 106 101 402 411 454 500 493 343 148 235 93 489 455 72 0 317 406 422 101 381 323 55 302 384 164 165 491 485 50 108 442 146 164 494 498 282 203 253 274 253 107 
215 296 95 169 318 119 282 240 377 369 269 382 170 359 496 492 106 236 493 164 178 345 486 378 0 98 267 80 301 247 283 359 412 286 160 288 103 436 69 500 312 388 475 194 265 334 396 256 390 132 
455 53 467 299 245 100 347 462 130 355 415 120 420 327 356 79 321 165 466 96 372 484 190 346 177 0 405 179 73 368 68 155 322 279 328 121 474 378 174 192 214 479 106 491 398 139 102 184 166 218 
356 212 296 339 353 141 467 464 271 490 331 496 351 360 481 385 187 211 469 311 109 182 290 165 380 187 0 462 432 321 127 356 383 290 151 222 349 243 188 312 220 384 350 215 441 209 196 325 346 113 
500 156 172 181 152 494 60 497 455 199 73 289 54 407 285 363 128 133 105 473 151 275 356 451 196 52 159 0 98 83 455 161 82 318 283 213 176 277 431 172 438 129 196 226 340 102 217 202 387 56 
464 359 158 445 214 108 141 423 425 189 456 135 301 488 403 290 407 79 273 337 408 211 172 103 143 219 362 311 0 127 248 73 298 106 181 242 477 447 89 399 371 436 354 456 443 97 115 232 455 351 
456 498 258 373 377 68 466 302 380 483 379 335 56 176 147 394 125 331 340 164 229 417 306 290 129 248 93 194 431 0 498 495 142 252 459 465 335 477 186 136 113 376 465 398 138 348 251 482 179 81 
78 500 261 201 306 257 280 53 300 424 190 54 174 489 463 133 209 297 316 346 383 379 428 103 483 65 157 234 253 493 0 265 488 493 232 189 54 195 419 264 202 99 405 413 223 149 375 62 309 378 
329 361 467 414 288 276 397 303 384 337 55 132 101 494 124 491 182 335 185 307 99 337 356 210 249 286 309 330 298 117 207 0 333 428 173 247 422 156 350 224 246 186 437 328 237 186 159 227 74 444 
119 331 493 406 394 202 362 179 462 191 427 285 105 467 420 435 213 341 90 269 272 286 405 208 114 348 100 223 282 124 166 351 0 405 366 463 298 67 324 183 235 222 110 227 484 283 353 418 202 400 
459 421 171 451 325 85 271 172 135 444 160 209 317 461 321 182 180 325 406 210 459 348 382 275 74 365 57 377 490 209 276 448 129 0 154 154 404 189 376 282 482 319 149 397 342 109 217 230 446 493 
136 156 207 434 488 432 214 109 439 90 98 147 72 252 433 176 356 92 72 231 80 53 257 179 156 305 446 80 486 391 279 328 497 436 0 261 241 367 425 300 305 221 104 158 243 62 90 370 368 339 
148 306 369 358 269 499 464 73 444 494 265 334 272 92 87 207 59 278 73 190 284 84 361 94 399 104 106 195 180 180 484 278 436 353 135 0 411 351 305 435 50 299 406 90 70 449 127 435 458 111 
214 148 101 456 215 352 110 476 408 256 155 88 239 139 230 298 431 141 355 236 282 111 485 394 152 261 342 436 402 56 498 323 361 305 278 75 0 157 338 51 271 300 363 65 246 209 453 494 139 300 
105 325 288 166 65 181 268 484 474 204 141 236 408 414 96 419 191 328 282 236 85 260 486 399 275 231 107 227 432 403 233 487 435 471 152 450 152 0 127 189 332 488 281 67 151 194 320 69 92 354 
302 485 390 268 470 495 493 408 308 427 339 210 159 81 144 337 390 301 439 467 440 270 454 427 494 104 121 313 331 370 373 339 354 262 106 79 463 305 0 437 270 231 482 187 97 269 488 384 159 288 
322 125 435 298 286 361 498 96 188 310 377 57 389 215 117 151 478 147 113 283 290 90 464 479 227 267 247 214 150 356 209 178 188 143 182 424 454 179 226 0 142 195 103 356 84 475 424 392 453 277 
211 442 66 251 161 251 184 379 449 105 235 60 264 364 198 113 252 328 273 382 54 365 283 314 428 73 495 107 415 203 334 126 144 106 83 256 308 425 341 463 0 480 75 473 450 145 378 62 348 412 
285 436 172 357 218 192 284 242 187 97 363 96 381 439 191 193 229 153 451 153 444 169 339 469 349 288 114 433 300 168 344 291 103 467 147 478 365 137 426 51 184 0 289 98 271 434 446 415 369 98 
121 472 492 241 310 216 296 304 280 228 103 154 71 101 207 244 198 392 109 493 73 317 383 312 121 154 453 66 68 321 321 139 500 312 86 65 235 332 320 221 59 129 0 326 288 180 239 482 85 130 
297 77 154 114 410 172 185 270 331 409 288 359 229 134 114 248 377 129 433 416 155 153 425 442 185 419 328 375 401 363 211 404 146 71 468 263 401 360 483 231 268 478 296 0 447 318 360 194 401 196 
126 316 301 437 448 449 121 366 277 202 473 346 364 377 443 141 100 412 492 410 150 430 384 334 225 331 358 292 231 259 438 64 74 445 207 228 394 278 94 377 187 273 222 257 0 149 371 348 407 282 
96 316 139 476 200 423 407 237 281 198 174 246 135 188 477 80 345 205 180 330 456 56 467 228 228 223 84 306 277 441 87 323 256 383 298 162 62 205 105 293 353 230 245 195 368 0 221 432 420 376 
111 249 331 324 422 266 258 351 300 63 127 240 308 401 202 190 405 315 202 109 126 201 169 306 396 314 381 324 245 56 406 62 255 444 336 383 209 93 233 459 314 310 405 121 210 106 0 468 115 127 
377 381 204 284 500 216 387 69 303 210 471 309 115 483 270 58 74 152 217 325 335 382 138 145 286 416 61 99 139 333 176 466 214 86 250 420 253 136 440 262 52 410 71 117 149 291 333 0 173 394 
500 448 435 138 292 79 130 207 298 179 297 130 306 469 294 98 218 421 57 60 116 270 62 232 291 337 331 288 169 211 181 375 158 323 463 401 352 93 314 356 429 317 437 441 286 437 490 454 0 357 
497 221 423 266 233 155 263 276 192 51 395 353 389 270 218 211 232 325 270 482 138 125 411 406 268 351 398 205 340 107 268 93 278 398 65 218 259 279 444 401 487 339 461 131 108 178 500 497 453 0 

983.73 0 29
983.73 1 46
983.73 2 29
983.73 3 46
983.73 4 28
983.73 5 21
983.73 6 32
983.73 7 27
983.73 8 18
983.73 9 11
983.73 10 25
983.73 11 35
983.73 12 30
983.73 13 10
983.73 14 48
983.73 15 11
983.73 16 3
983.73 17 10
983.73 18 24
983.73 19 42
983.73 20 18
983.73 21 25
983.73 22 20
983.73 23 29
983.73 24 47
983.73 25 15
983.73 26 13
983.73 27 12
983.73 28 31
983.73 29 34
983.73 30 20
983.73 31 16
983.73 32 31
983.73 33 0
983.73 34 18
983.73 35 15
983.73 36 27
983.73 37 1
983.73 38 43
983.73 39 1
983.73 40 17
983.73 41 19
983.73 42 36
983.73 43 48
983.73 44 34
983.73 45 41
983.73 46 15
983.73 47 37
983.73 48 2
983.73 49 45

