50 50 3

0 460 466 394 351 130 456 443 284 186 368 449 386 261 98 346 413 188 210 435 356 385 455 330 372 324 151 356 269 417 359 414 132 80 307 189 160 469 338 394 154 205 342 491 172 390 92 85 285 252 
226 0 347 343 388 383 215 211 485 277 187 157 136 100 239 166 113 378 277 289 422 170 149 126 219 139 455 315 388 246 99 139 179 152 433 66 486 354 434 226 130 327 333 216 133 278 333 197 155 316 
436 283 0 436 84 359 361 381 69 176 268 473 432 114 151 84 253 374 69 313 63 245 393 341 284 316 424 61 148 327 373 170 469 155 312 53 220 173 140 239 299 114 211 230 385 68 264 344 392 490 
156 406 441 0 256 453 224 71 376 442 376 203 314 496 171 419 307 381 138 430 227 84 435 499 452 372 383 471 342 227 362 332 89 474 479 295 182 410 316 58 351 191 418 165 393 295 290 200 383 379 
336 109 169 478 0 314 120 349 197 90 190 130 159 228 169 339 414 171 472 323 193 236 173 91 153 495 434 154 285 340 487 163 176 303 489 360 116 108 208 470 356 104 99 465 490 426 59 403 303 481 
225 446 216 104 487 0 75 99 421 180 334 260 373 203 142 382 191 452 449 249 366 174 104 421 224 275 410 356 285 312 158 472 243 310 395 297 297 420 346 424 306 179 390 179 88 239 60 229 190 215 
185 263 340 446 183 270 0 428 299 332 212 317 196 390 59 456 284 306 459 204 359 382 216 244 479 345 283 217 112 218 113 484 353 326 79 55 215 299 433 464 337 351 487 483 240 496 439 475 58 153 
385 123 242 100 317 220 152 0 99 387 421 475 450 160 327 276 190 88 197 195 471 161 483 321 147 221 268 350 159 449 114 470 89 187 211 346 454 381 204 260 267 331 441 423 442 474 405 338 62 102 
239 483 420 221 60 273 393 485 0 329 258 189 393 227 228 286 388 73 447 475 228 206 448 265 353 371 206 326 482 250 338 290 440 77 209 160 294 433 259 278 261 224 417 361 157 351 146 496 374 92 
470 308 455 174 73 307 495 436 133 0 232 186 177 473 125 204 181 442 448 320 408 432 288 131 104 148 238 405 451 440 486 494 166 293 204 290 72 462 491 459 301 222 351 428 194 182 339 82 330 493 
352 237 425 346 74 479 200 470 140 151 0 165 125 351 281 368 54 277 147 222 267 312 229 196 369 364 340 50 202 372 330 194 431 274 325 276 298 60 427 474 150 284 139 225 134 126 299 345 110 152 
67 327 414 453 229 282 316 276 282 468 354 0 319 369 284 299 400 267 303 410 193 277 266 183 122 197 267 198 203 111 258 305 335 292 219 288 227 207 310 453 196 278 307 221 353 297 470 252 63 272 
369 413 499 341 95 120 489 68 476 191 130 440 0 202 171 438 127 165 165 285 426 324 187 410 130 358 469 378 327 427 147 98 295 60 304 136 105 130 331 124 312 228 411 252 380 288 396 458 160 267 
449 292 91 135 201 378 443 376 462 476 302 109 73 0 304 326 83 390 137 164 427 418 426 154 84 384 240 79 487 197 189 253 352 431 50 437 338 135 135 420 303 110 221 118 341 475 394 374 120 482 
244 497 155 170 357 190 260 97 219 246 451 114 450 303 0 495 206 446 88 291 81 458 301 348 385 369 188 360 263 269 430 451 463 183 312 339 490 452 99 86 377 295 488 441 451 497 191 364 442 436 
361 229 149 161 77 485 481 422 344 450 397 480 156 116 162 0 418 405 152 126 210 395 453 456 138 150 162 134 498 232 283 434 93 462 82 411 245 66 391 374 116 96 270 96 202 336 415 120 448 273 
196 157 168 355 112 463 455 432 304 453 163 86 142 413 254 381 0 324 450 154 421 79 220 468 299 473 169 342 388 446 289 367 348 396 485 203 215 448 364 353 251 72 222 494 164 135 247 496 409 403 
149 85 432 75 52 438 499 379 279 142 80 274 459 379 169 200 288 0 90 354 151 393 311 174 115 304 288 407 257 490 71 160 138 106 298 164 316 235 369 194 464 461 431 444 175 309 113 325 96 360 
178 405 460 439 78 74 242 72 187 450 62 208 316 357 471 113 227 286 0 299 95 186 469 262 117 413 388 132 232 419 386 298 97 290 257 242 318 488 191 96 174 347 108 88 162 416 59 432 349 51 
230 395 395 406 363 218 74 250 300 463 376 185 260 423 181 468 371 449 211 0 61 252 92 358 310 130 226 432 346 158 281 348 94 382 242 206 244 166 230 201 416 399 76 308 159 205 439 333 75 144 
494 294 346 292 358 362 373 84 50 218 192 281 272 443 369 220 149 319 336 329 0 470 459 228 252 266 93 163 411 132 396 54 332 189 106 124 497 419 447 80 419 371 429 406 350 372 274 276 471 92 
112 55 269 277 440 471 493 483 134 403 114 236 164 153 375 220 227 127 138 173 365 0 263 250 500 168 99 127 148 326 304 398 144 310 166 371 456 343 119 195 183 472 466 369 342 118 450 62 295 77 
357 174 148 120 375 147 445 180 225 93 456 479 441 306 495 106 383 451 399 452 145 289 0 180 110 157 472 386 107 240 180 341 97 305 439 167 386 85 111 65 467 361 228 446 301 484 440 113 123 146 
219 74 241 458 204 58 114 383 394 378 122 280 218 169 84 363 493 176 399 311 192 121 378 0 370 66 179 109 213 449 182 309 167 414 257 331 117 472 152 206 121 480 486 351 405 361 142 474 354 268 
372 371 410 200 248 486 216 133 302 379 289 190 395 406 103 151 444 378 329 95 83 400 281 68 0 250 392 380 342 366 440 317 444 66 433 143 471 419 310 311 427 395 99 116 496 211 170 353 154 498 
181 199 287 80 187 62 281 78 148 329 150 87 145 94 310 285 187 280 410 203 90 336 305 346 158 0 300 57 278 360 161 482 491 67 269 71 204 281 58 439 379 93 89 172 396 133 188 180 477 174 
89 387 422 131 191 267 239 197 274 224 56 142 205 498 159 180 275 69 167 490 214 252 82 460 130 184 0 299 268 70 276 393 109 162 314 397 59 80 136 206 61 66 213 153 221 417 469 108 398 488 
225 143 408 428 382 368 264 66 166 483 86 392 375 353 260 395 249 269 181 91 182 192 107 101 295 486 224 0 470 93 121 213 475 421 121 158 302 439 373 318 311 355 111 410 436 414 169 330 369 145 
461 167 277 360 431 328 361 172 51 331 215 329 494 397 249 321 54 257 466 133 75 277 194 343 186 129 463 61 0 165 87 363 333 204 139 399 135 173 259 257 381 296 179 416 290 282 164 317 493 372 
283 126 153 266 270 202 158 106 164 169 428 201 483 467 112 328 365 404 208 124 367 88 126 252 455 122 484 325 390 0 477 403 379 309 262 144 285 170 252 97 284 371 476 192 109 198 254 144 63 157 
302 344 474 96 420 226 257 493 416 289 138 148 191 467 407 160 110 399 280 312 446 271 389 177 413 205 326 166 299 95 0 480 100 145 209 146 271 141 354 470 57 142 107 155 490 280 269 356 340 374 
343 358 75 113 247 203 232 158 235 104 407 487 83 213 131 449 309 108 90 369 78 304 217 342 165 414 122 384 476 412 464 0 318 270 490 137 223 192 319 331 133 373 444 119 162 156 407 111 171 465 
358 247 249 161 170 91 276 83 163 367 266 74 330 83 50 319 378 430 217 196 467 300 276 410 125 144 272 238 412 394 410 269 0 140 365 380 260 406 363 50 68 229 266 300 58 55 56 84 383 193 
251 286 159 258 268 276 89 362 254 485 274 354 150 249 444 465 129 411 371 198 167 145 377 139 395 141 144 158 175 234 301 133 226 0 166 97 444 148 343 61 109 327 285 413 183 485 113 148 320 230 
225 468 347 320 100 436 422 191 286 79 73 226 86 363 402 409 166 101 264 459 113 323 493 104 235 175 88 298 480 114 478 204 288 80 0 475 338 222 396 236 459 181 466 391 424 328 500 332 444 100 
95 158 163 124 150 218 310 483 463 107 462 284 292 166 71 322 140 116 495 242 58 209 129 474 99 52 301 305 90 451 356 136 108 225 417 0 416 149 226 154 319 491 115 102 282 438 330 310 77 152 
304 476 160 219 104 133 269 313 140 280 354 90 135 196 356 67 112 478 166 496 131 435 486 196 243 474 134 280 283 368 382 294 100 493 463 361 0 125 438 174 216 218 234 463 303 380 318 76 198 295 
193 193 376 334 385 279 284 358 363 63 141 437 395 385 487 143 103 348 219 492 228 141 209 412 103 218 498 128 245 402 129 144 95 212 428 430 441 0 211 495 59 431 135 446 326 226 189 419 279 243 
344 477 421 191 185 88 245 354 292 79 305 193 158 399 445 320 82 131 467 451 125 476 381 417 178 413 349 317 88 334 59 382 311 186 73 446 224 475 0 55 466 260 66 365 368 415 310 395 448 147 
361 154 222 337 485 138 465 398 193 488 436 477 497 73 287 182 303 440 112 484 201 284 243 218 148 318 132 164 212 286 261 279 390 189 322 131 484 493 235 0 176 480 170 153 232 400 146 120 410 85 
182 149 237 416 343 405 271 367 243 141 285 236 353 63 332 248 336 413 232 84 147 114 64 474 424 246 130 70 317 246 105 205 345 499 121 394 403 98 260 353 0 189 495 295 248 265 126 447 100 246 
385 134 99 205 355 280 129 308 116 149 331 312 411 486 156 410 313 257 68 361 467 127 257 218 372 455 433 205 157 239 401 248 79 206 160 385 192 239 399 258 94 0 229 69 211 421 383 120 441 139 
346 301 312 423 264 480 51 426 168 206 82 357 313 488 387 225 147 478 368 92 376 125 136 311 352 53 438 234 331 378 79 176 386 97 305 149 284 62 74 402 218 314 0 466 237 57 108 413 154 85 
280 403 167 111 245 184 413 248 121 146 78 450 382 411 335 430 216 190 213 228 422 321 153 235 286 340 449 344 459 102 135 445 211 459 56 406 349 419 153 177 272 182 126 0 153 299 167 289 465 63 
208 400 435 480 259 169 472 305 117 72 264 376 364 208 86 79 214 198 378 340 302 54 111 190 337 421 439 210 210 160 224 124 266 158 310 475 485 282 279 308 60 249 391 374 0 408 183 159 328 332 
488 167 133 248 228 480 85 356 418 452 65 284 175 346 500 284 156 474 475 388 253 282 154 452 172 478 115 62 344 394 344 331 267 183 285 202 369 76 57 286 479 279 70 360 124 0 276 143 230 250 
324 324 209 106 428 367 435 162 433 203 456 82 497 493 55 386 484 414 254 60 421 247 245 406 474 104 237 249 405 417 449 228 448 364 491 131 231 182 243 370 335 405 158 88 397 163 0 424 381 77 
178 147 204 375 342 317 104 396 53 303 56 176 252 235 123 322 225 205 52 357 154 128 399 59 236 437 162 106 360 249 340 244 102 250 325 394 66 379 497 69 182 52 403 140 444 232 412 0 376 143 
171 439 248 249 337 464 192 273 332 248 340 81 294 290 133 494 115 234 267 200 437 286 88 195 395 178 139 127 297 465 220 174 159 174 129 447 137 271 426 420 225 265 207 469 55 497 219 327 0 230 
436 477 373 428 65 275 323 400 364 400 403 84 326 283 193 451 363 346 87 133 272 213 65 243 370 484 455 367 202 281 303 344 465 176 272 236 401 94 342 471 200 452 261 476 234 160 182 96 213 0 

1509 0 41
1509 1 38
1509 2 44
1509 3 37
1509 4 34
1509 5 31
1509 6 44
1509 7 43
1509 8 21
1509 9 26
1509 10 48
1509 11 24
1509 12 16
1509 13 6
1509 14 48
1509 15 8
1509 16 20
1509 17 11
1509 18 12
1509 19 5
1509 20 16
1509 21 43
1509 22 16
1509 23 17
1509 24 41
1509 25 26
1509 26 1
1509 27 6
1509 28 18
1509 29 2
1509 30 41
1509 31 15
1509 32 45
1509 33 41
1509 34 9
1509 35 30
1509 36 23
1509 37 4
1509 38 29
1509 39 44
1509 40 35
1509 41 33
1509 42 25
1509 43 7
1509 44 45
1509 45 24
1509 46 16
1509 47 16
1509 48 41
1509 49 33

