50 50 3

0 132 310 209 405 114 404 117 418 320 425 497 445 144 199 412 409 479 102 108 463 58 469 293 358 432 357 277 190 359 377 351 441 394 59 101 458 169 375 132 439 300 128 140 150 277 51 58 463 311 
323 0 425 319 291 424 176 430 280 160 326 138 487 176 285 136 185 93 94 304 418 176 449 217 461 88 318 237 297 82 406 107 356 330 132 353 253 466 282 484 125 314 328 318 440 320 405 331 363 205 
134 487 0 87 290 204 498 328 228 441 124 260 347 388 322 176 227 382 136 192 370 326 474 184 360 291 330 386 402 161 248 106 452 442 350 241 145 347 276 79 288 350 496 134 445 318 467 171 406 309 
69 275 134 0 493 409 201 490 446 86 392 106 492 204 57 433 54 456 77 107 231 313 345 287 308 185 231 125 359 108 237 167 127 463 459 119 127 159 109 72 195 207 128 393 361 343 325 121 298 108 
179 479 371 230 0 265 179 122 203 461 431 261 198 304 339 160 262 164 444 127 223 467 480 136 301 372 204 143 197 275 147 462 160 332 333 97 97 462 169 250 178 99 217 82 353 55 399 322 377 343 
399 306 309 134 393 0 316 457 96 410 360 77 263 321 188 95 360 442 142 77 110 98 206 366 472 238 218 234 137 246 110 430 352 366 445 436 258 260 148 60 376 458 88 139 486 433 184 345 374 483 
373 434 287 285 299 258 0 473 223 442 316 176 51 452 478 124 152 169 332 363 268 343 445 432 137 290 173 69 424 225 149 162 97 82 399 88 87 157 267 467 305 83 142 63 241 326 137 344 446 419 
413 420 468 357 107 311 147 0 231 86 277 406 185 390 209 424 495 247 217 358 464 184 163 253 483 176 445 309 263 495 461 388 407 380 112 470 193 129 323 130 166 100 486 301 196 401 432 190 354 148 
499 74 282 368 484 472 250 184 0 280 219 178 240 313 291 326 131 261 225 211 83 306 327 340 498 334 486 399 265 383 459 120 137 239 352 455 223 323 411 357 309 129 486 255 392 276 287 474 243 463 
391 484 268 424 323 265 257 65 370 0 229 398 85 299 485 274 357 195 447 387 105 304 402 391 496 157 489 478 394 218 221 112 108 411 86 482 233 302 446 248 378 381 352 413 179 92 187 242 444 340 
128 255 350 481 145 345 344 341 79 444 0 58 457 56 117 367 92 305 99 100 457 54 185 337 112 97 222 362 441 415 305 281 249 60 130 436 362 182 279 202 211 223 418 167 436 241 484 234 496 289 
492 453 500 176 496 112 223 218 424 371 132 0 435 358 331 445 194 267 63 326 252 422 243 181 339 360 116 79 99 57 282 95 499 441 94 174 436 363 103 153 286 180 442 428 488 480 128 182 246 141 
214 204 270 408 336 108 474 158 345 280 165 126 0 325 163 66 369 494 208 232 97 312 224 434 460 151 422 439 230 310 391 77 230 95 297 137 381 112 318 489 407 97 361 239 372 230 462 447 224 169 
178 478 187 109 411 147 417 332 85 353 348 427 381 0 78 228 384 372 108 202 189 303 315 236 163 53 314 100 465 261 274 341 145 251 478 204 368 331 121 200 367 180 254 500 60 282 434 151 154 492 
59 500 50 325 443 371 84 463 421 500 223 401 96 319 0 151 73 229 469 355 56 375 428 187 336 183 404 117 116 261 428 314 271 184 70 95 333 391 129 295 67 335 469 418 381 494 275 161 429 451 
222 436 325 356 122 367 489 232 191 311 444 325 124 214 459 0 144 466 291 242 301 86 259 343 261 177 430 461 158 90 389 108 469 324 140 324 152 457 68 91 147 329 485 423 403 405 381 498 126 379 
239 377 171 204 426 138 87 356 98 196 152 437 254 121 468 344 0 395 326 57 170 367 154 449 351 76 352 462 164 105 87 249 50 171 126 204 96 214 449 402 262 144 54 405 104 332 128 155 433 405 
162 102 271 473 51 329 256 109 290 126 164 84 325 371 205 401 281 0 458 114 229 116 82 79 120 437 341 158 65 446 90 176 314 350 397 493 351 432 248 166 429 324 487 463 148 357 374 255 137 331 
75 73 397 107 309 223 251 149 87 473 301 128 148 321 428 251 314 485 0 183 61 150 318 92 343 280 397 199 153 152 493 190 177 272 294 442 81 467 192 387 54 371 395 339 225 215 473 426 235 213 
315 454 69 132 496 362 118 392 60 428 494 259 118 378 482 362 319 269 84 0 217 155 295 294 500 340 469 422 312 150 156 231 172 109 250 254 311 111 79 203 328 457 403 87 74 487 275 142 61 494 
177 228 355 178 228 111 469 196 239 487 53 101 218 175 368 418 135 178 236 164 0 87 63 121 441 307 352 183 288 445 195 281 328 129 343 456 308 160 180 210 349 167 213 400 335 338 267 459 424 396 
194 87 433 415 158 129 428 461 263 216 161 408 203 439 487 496 150 50 155 281 211 0 210 154 374 110 195 212 327 360 342 429 261 379 118 175 244 404 102 411 166 475 71 280 178 216 474 173 72 474 
486 59 391 195 163 265 255 64 183 289 375 475 424 135 109 248 467 303 152 275 420 268 0 250 441 255 378 363 228 257 386 408 242 395 299 144 58 270 105 72 403 344 153 133 475 238 192 222 204 202 
324 430 121 299 179 269 53 263 131 438 470 467 101 212 362 350 62 126 326 117 148 228 168 0 459 67 142 196 417 70 351 325 345 487 396 350 372 371 109 134 453 497 103 419 97 472 487 154 484 112 
430 308 418 365 426 376 138 67 278 54 294 335 329 345 321 432 194 192 302 253 483 254 456 293 0 380 260 264 122 364 455 185 500 262 309 364 187 184 453 411 168 213 204 454 249 256 274 180 400 173 
188 360 362 149 315 154 235 74 369 307 144 79 198 144 291 457 214 184 347 373 301 466 86 455 419 0 492 417 399 378 317 278 65 176 140 371 197 244 105 222 319 363 72 348 267 166 345 224 331 479 
277 410 279 449 202 441 123 193 357 473 70 380 457 293 55 96 163 410 498 219 338 316 288 360 164 54 0 477 459 435 63 194 419 423 423 367 125 119 441 475 427 169 496 306 125 288 68 379 401 184 
376 326 472 398 320 331 61 325 63 227 466 283 127 140 413 256 214 244 326 154 218 459 480 213 264 311 207 0 489 189 315 172 271 140 350 169 411 181 387 442 401 320 163 184 397 254 96 153 418 290 
429 278 214 387 464 378 357 274 291 102 170 105 431 391 403 281 266 69 168 153 461 68 423 330 409 320 290 211 0 179 414 207 314 398 372 407 361 456 263 342 246 71 462 58 453 108 411 440 325 430 
107 428 146 332 106 426 448 132 423 158 261 336 316 74 234 187 431 94 142 401 386 94 178 103 102 337 162 463 483 0 437 392 89 120 244 128 383 170 75 466 299 183 226 134 205 458 318 342 144 119 
190 251 211 235 136 265 287 423 377 250 406 69 348 201 346 92 486 228 419 60 193 217 401 126 57 105 290 326 154 140 0 151 294 342 312 479 428 76 266 106 159 222 462 385 276 370 230 74 355 165 
443 366 308 366 473 140 130 284 136 162 388 227 263 182 275 281 367 409 308 132 465 173 60 183 58 287 52 445 311 357 109 0 461 429 124 82 401 214 162 185 301 274 279 234 243 411 459 475 278 367 
489 116 331 161 127 464 376 364 466 321 381 79 136 341 458 210 130 115 131 242 457 138 223 235 322 416 146 280 146 130 353 134 0 196 183 246 480 354 328 99 75 148 431 104 235 478 269 151 107 334 
232 56 290 320 436 231 141 351 327 127 204 163 430 288 310 320 240 289 380 68 95 405 373 476 216 107 209 191 416 474 231 147 480 0 227 418 415 408 265 472 235 343 175 348 272 414 364 298 153 360 
177 378 405 82 251 136 455 64 295 145 430 268 326 77 454 52 201 124 166 416 96 107 258 221 406 237 341 476 485 201 91 369 285 202 0 157 486 288 111 50 290 413 186 264 445 420 425 203 120 499 
319 487 94 377 451 473 489 187 69 220 379 427 262 247 212 414 110 197 409 171 404 198 290 90 168 234 460 92 387 287 91 205 273 342 288 0 430 314 276 117 90 447 202 467 415 155 178 328 215 82 
236 92 436 140 332 232 259 65 399 301 158 185 98 69 408 391 308 337 411 290 160 451 443 68 418 357 380 302 185 301 334 127 343 270 218 381 0 208 427 152 106 434 260 241 239 487 355 336 294 399 
246 290 265 404 233 491 321 89 370 329 224 378 163 58 427 139 226 308 297 359 410 110 499 377 57 237 363 363 72 156 468 269 152 439 379 335 429 0 199 375 55 234 305 383 347 313 65 192 245 323 
196 103 233 256 102 316 263 496 178 332 68 491 55 494 142 445 372 428 373 277 58 134 461 69 223 64 89 239 413 284 61 108 94 451 314 146 473 284 0 348 150 115 366 140 328 115 440 272 193 367 
351 420 131 436 137 357 365 358 396 103 270 387 322 329 431 479 349 283 452 132 130 101 405 203 399 232 268 338 210 412 411 60 87 248 202 381 104 67 238 0 451 327 215 337 355 250 267 334 98 256 
492 388 336 299 292 489 197 230 257 241 390 375 358 400 168 105 309 500 160 326 444 317 359 158 153 214 358 126 498 163 332 245 50 167 494 499 363 398 228 326 0 138 324 200 447 430 74 258 238 73 
368 270 468 184 129 332 494 293 190 119 497 303 157 241 59 275 441 57 344 338 235 169 183 58 75 129 438 99 337 383 123 412 152 297 95 231 335 296 230 475 365 0 226 484 473 173 249 454 321 256 
53 158 441 172 291 205 197 126 350 453 170 232 282 81 334 285 333 272 120 128 452 301 444 385 492 172 264 240 332 84 447 335 193 143 213 434 299 116 267 355 68 387 0 293 301 418 126 85 250 104 
155 85 56 407 235 391 398 357 154 344 395 189 290 436 88 384 148 228 389 214 445 243 232 331 486 239 455 318 482 412 373 343 447 135 249 181 232 353 244 92 197 138 231 0 193 73 476 76 378 204 
171 91 355 364 480 186 105 426 347 130 407 258 209 249 204 50 205 335 232 264 285 274 167 373 212 311 152 187 93 480 97 215 277 403 285 464 295 97 389 141 384 51 106 92 0 250 260 92 161 302 
481 376 86 254 249 166 416 266 268 310 310 455 357 231 438 466 466 401 467 269 289 108 152 290 164 194 247 130 443 358 382 423 440 175 384 396 291 55 161 265 315 421 426 379 358 0 364 100 324 264 
67 92 260 332 402 256 446 302 453 282 245 67 371 374 213 496 464 108 493 470 220 464 491 347 390 125 205 460 176 235 223 400 277 189 231 178 396 383 187 104 164 382 121 485 462 285 0 236 182 343 
435 151 269 399 348 116 495 424 271 454 306 456 383 205 439 72 386 324 174 268 461 228 138 98 56 123 266 291 65 398 340 451 255 109 105 103 382 306 233 152 259 489 314 348 400 252 126 0 492 282 
250 466 242 185 103 497 191 383 263 188 399 160 234 105 122 500 367 175 381 172 114 239 381 309 52 435 208 462 61 199 243 468 371 192 359 424 188 500 63 157 394 168 475 128 223 96 334 89 0 428 
215 211 492 160 298 300 163 439 458 331 206 363 280 381 233 178 239 363 73 446 376 180 339 494 154 173 423 200 458 218 127 379 135 325 489 139 124 358 78 81 395 441 150 175 321 89 59 60 403 0 

956.67 0 10
956.67 1 2
956.67 2 8
956.67 3 21
956.67 4 8
956.67 5 33
956.67 6 31
956.67 7 12
956.67 8 1
956.67 9 5
956.67 10 46
956.67 11 19
956.67 12 48
956.67 13 28
956.67 14 20
956.67 15 31
956.67 16 18
956.67 17 35
956.67 18 2
956.67 19 23
956.67 20 8
956.67 21 11
956.67 22 16
956.67 23 41
956.67 24 11
956.67 25 26
956.67 26 40
956.67 27 32
956.67 28 6
956.67 29 22
956.67 30 15
956.67 31 16
956.67 32 29
956.67 33 28
956.67 34 42
956.67 35 42
956.67 36 17
956.67 37 25
956.67 38 5
956.67 39 19
956.67 40 30
956.67 41 2
956.67 42 43
956.67 43 29
956.67 44 35
956.67 45 14
956.67 46 11
956.67 47 10
956.67 48 0
956.67 49 19

