50 50 3

0 301 381 136 190 368 379 139 102 142 273 126 287 178 57 382 454 439 156 398 343 107 124 164 115 84 391 222 491 233 338 372 240 218 458 381 293 337 226 345 185 449 421 178 126 184 59 286 122 372 
391 0 171 429 221 285 495 255 383 423 453 322 261 324 62 185 488 149 428 80 325 272 422 481 399 99 313 290 316 99 362 187 196 484 323 367 475 73 329 357 446 281 179 206 311 398 98 298 497 476 
85 77 0 455 457 57 109 263 321 349 78 126 418 422 272 157 244 138 131 474 417 195 420 404 324 332 214 221 136 219 424 112 254 451 273 417 215 88 179 486 388 414 318 61 92 89 168 493 384 249 
467 301 394 0 142 411 424 424 125 351 267 294 274 329 254 432 308 170 146 346 56 338 440 176 362 451 218 401 118 211 284 74 177 291 174 476 202 98 155 484 399 372 484 173 407 237 311 214 113 163 
267 119 207 413 0 246 68 120 170 175 395 331 165 419 214 163 93 189 71 141 51 54 246 373 488 125 280 431 386 200 494 255 173 320 412 86 272 186 156 392 311 257 223 183 176 143 296 426 490 317 
273 491 77 469 363 0 271 94 349 201 186 500 401 392 379 220 59 415 198 196 277 90 213 485 470 346 367 112 348 292 308 164 64 298 398 483 368 168 76 423 75 213 422 427 311 57 353 320 422 51 
466 406 298 179 146 267 0 231 463 85 79 461 344 400 475 348 298 213 422 172 447 345 198 366 473 331 176 480 390 446 158 391 168 63 188 53 159 161 234 328 197 263 288 247 163 469 94 167 181 223 
289 127 67 193 443 490 230 0 325 470 120 271 127 217 145 347 112 148 212 223 332 490 126 302 484 323 171 452 124 495 339 297 490 417 70 390 115 59 119 391 235 396 368 68 113 219 121 382 317 283 
104 355 479 388 363 218 417 240 0 169 247 234 459 494 224 131 270 113 196 487 389 293 221 285 367 447 104 85 67 436 352 57 246 414 486 340 276 411 257 467 79 454 200 244 204 130 81 424 400 435 
410 289 227 338 280 301 284 90 336 0 57 476 395 64 428 308 257 268 290 167 231 256 403 184 163 354 94 450 385 469 350 319 134 345 253 422 331 53 412 371 339 420 102 233 434 236 247 190 454 488 
63 391 450 417 75 319 270 119 269 154 0 294 325 180 379 376 383 56 413 386 419 283 431 338 91 371 478 277 117 168 438 311 388 328 468 304 109 286 73 386 261 385 179 85 64 264 167 397 271 79 
489 189 68 175 233 316 496 210 93 320 84 0 237 130 423 271 304 433 87 90 457 423 301 341 308 93 111 72 210 458 500 240 202 395 465 327 127 281 323 494 80 349 285 267 185 207 244 440 139 281 
480 302 410 280 349 218 323 410 447 240 123 446 0 186 482 96 150 309 380 381 338 373 167 393 157 384 77 70 335 467 367 115 202 375 476 189 224 400 218 340 346 408 170 498 93 151 300 401 166 179 
281 210 258 399 102 366 489 337 142 79 303 215 145 0 212 297 327 351 227 433 68 66 485 183 393 482 226 251 488 126 367 166 114 284 374 219 92 446 414 379 295 444 182 460 295 100 256 328 401 433 
260 175 206 244 308 305 432 241 55 419 73 129 84 344 0 363 164 269 405 110 183 491 355 333 172 70 127 429 484 405 329 172 371 210 84 114 225 340 496 172 101 170 402 180 204 246 249 318 221 361 
134 110 351 195 393 229 216 226 157 406 337 192 77 207 108 0 319 478 283 158 229 161 416 349 63 96 52 466 51 77 186 362 161 454 419 63 346 147 229 279 461 341 115 152 124 480 211 393 457 200 
257 186 68 173 485 81 426 244 253 427 478 145 496 345 98 414 0 358 395 268 293 173 228 133 445 331 208 424 248 100 137 154 64 273 172 187 464 410 319 207 162 245 391 258 240 236 62 361 93 407 
128 337 286 306 420 438 343 334 361 297 385 448 402 155 427 280 499 0 391 190 317 304 58 61 195 473 459 381 486 319 180 148 153 467 141 409 143 78 459 427 145 255 67 300 363 172 226 350 170 323 
246 437 127 254 205 479 227 163 115 419 188 245 66 291 212 157 406 305 0 392 364 231 488 326 249 287 188 127 219 244 248 493 440 184 326 194 339 304 127 208 369 496 102 320 268 343 482 376 456 493 
474 75 431 461 351 179 454 246 463 173 440 210 372 136 101 197 487 146 207 0 113 61 282 315 113 101 82 163 290 164 118 282 138 350 212 305 201 97 259 153 60 138 299 427 460 385 478 363 371 331 
69 190 342 57 211 405 315 451 67 104 321 342 93 165 192 255 421 99 59 386 0 409 276 474 207 202 433 299 387 295 376 424 70 66 265 77 227 169 98 177 394 153 449 442 403 113 133 157 240 182 
373 125 90 148 98 455 57 237 253 150 238 128 73 258 351 288 492 285 163 90 168 0 263 400 116 205 302 387 288 165 333 177 489 409 424 343 213 134 350 401 93 206 138 379 229 103 229 467 94 464 
337 341 132 99 240 405 254 248 498 249 364 331 132 352 239 55 401 158 347 458 265 390 0 163 354 268 343 163 448 65 207 167 352 255 456 402 445 361 362 400 114 110 263 395 399 321 340 405 221 449 
458 178 213 347 499 273 115 341 386 269 356 300 386 208 261 98 316 412 165 177 311 229 445 0 73 124 343 344 170 454 272 118 411 156 489 465 154 468 79 445 110 54 57 360 146 215 327 194 237 238 
309 120 500 489 64 72 319 114 123 439 274 101 264 392 207 252 356 312 426 141 256 486 352 470 0 101 448 184 378 349 127 116 157 198 115 352 419 344 377 239 173 316 464 224 286 111 382 244 417 193 
169 264 155 155 115 125 206 62 466 84 117 300 357 225 448 422 283 122 472 160 312 352 182 482 75 0 418 92 163 161 215 62 487 429 375 141 250 206 54 469 378 88 86 177 151 261 331 279 250 404 
250 360 422 308 248 403 334 372 201 203 239 366 216 226 50 90 73 250 453 77 218 330 322 254 458 423 0 221 288 201 422 398 158 488 75 416 236 428 456 314 335 159 53 200 325 229 407 121 252 156 
73 280 325 353 101 285 66 231 457 61 382 134 165 490 121 191 406 63 325 117 328 160 226 87 66 257 266 0 424 328 224 79 107 210 110 167 469 102 183 199 58 401 80 142 66 277 420 207 389 190 
482 456 224 348 182 261 365 389 233 288 424 407 73 481 117 341 147 85 393 488 441 157 388 471 456 404 454 375 0 317 342 271 55 54 445 353 186 412 217 281 144 211 204 258 442 392 325 489 245 116 
381 232 56 244 327 233 199 437 394 73 254 235 295 259 239 446 111 131 358 486 363 452 196 273 209 344 164 240 332 0 116 62 419 298 275 162 124 215 311 61 108 91 472 293 92 437 239 488 498 76 
101 239 145 260 142 369 175 436 239 122 475 305 134 393 310 116 262 140 281 72 358 339 320 329 338 362 472 76 106 470 0 310 157 415 405 123 56 480 249 199 426 321 173 437 161 65 246 227 277 93 
458 56 401 296 326 437 134 188 408 367 451 133 383 314 499 288 388 261 267 136 410 192 163 82 129 274 305 81 208 288 124 0 165 294 232 168 327 168 459 221 282 81 171 366 415 435 120 202 322 331 
175 164 448 74 277 480 360 258 491 391 416 279 222 287 279 404 405 105 71 363 483 303 395 153 375 309 295 445 217 116 483 342 0 438 430 366 421 165 225 178 156 323 300 141 495 87 370 398 442 182 
175 61 371 184 162 475 59 177 476 210 344 91 399 392 235 328 465 156 200 396 284 306 218 84 153 419 328 229 72 476 117 197 487 0 439 88 355 413 304 482 144 464 325 185 119 424 127 153 388 233 
303 283 223 315 208 464 418 126 291 147 356 267 214 259 460 152 297 315 271 100 296 121 271 328 257 340 251 90 443 345 273 246 334 446 0 267 492 410 185 325 407 489 180 173 409 389 340 268 393 154 
245 443 156 317 420 190 280 259 147 320 409 442 92 154 276 244 127 474 360 262 298 267 457 184 146 366 73 436 133 172 296 328 321 159 144 0 241 299 374 206 153 400 114 94 442 425 76 393 52 50 
252 471 298 225 428 433 322 293 212 464 132 90 467 410 361 332 261 101 130 341 465 440 241 78 485 389 210 60 281 419 267 240 389 65 415 316 0 204 443 315 122 163 397 162 129 63 473 167 274 281 
454 114 245 394 305 480 378 401 396 144 181 314 362 371 203 133 493 225 287 435 247 359 97 143 227 383 156 199 500 136 186 454 201 137 347 212 117 0 431 112 219 281 451 484 142 321 393 432 69 117 
218 455 70 283 258 164 460 348 477 366 347 113 258 56 471 346 109 389 413 246 208 131 478 158 321 326 185 213 258 205 488 182 159 57 416 123 378 131 0 421 355 203 475 174 412 237 351 257 53 239 
376 249 397 213 433 261 241 259 397 404 223 308 147 355 417 155 477 246 483 315 167 93 468 141 424 135 84 274 98 87 220 424 287 323 344 426 84 84 184 0 187 194 357 445 292 419 117 153 395 313 
342 209 430 386 177 277 309 469 312 290 67 349 460 197 342 282 247 268 72 281 158 209 182 222 153 424 140 220 283 485 484 124 194 169 216 77 397 476 252 415 0 472 269 470 187 173 68 419 370 493 
442 358 150 357 490 78 461 169 168 387 402 360 370 476 53 246 192 287 349 374 245 263 101 465 439 238 137 457 363 213 205 60 70 306 368 59 334 84 178 209 421 0 286 68 498 469 278 243 367 271 
91 240 466 60 498 430 205 235 273 369 97 437 73 315 457 85 182 223 370 216 351 285 343 344 303 340 312 80 82 178 301 330 124 266 96 121 403 252 62 382 120 109 0 74 143 374 238 179 262 411 
255 184 468 490 478 311 499 317 122 285 106 457 85 142 80 57 189 358 166 391 370 255 461 186 279 310 266 467 195 479 133 400 162 101 145 346 118 350 163 398 134 426 354 0 376 67 141 140 206 449 
463 303 319 217 470 455 203 487 427 169 181 405 253 288 274 60 139 119 128 440 439 476 280 120 86 156 138 177 246 50 332 415 60 150 132 480 311 285 466 238 160 147 349 119 0 141 329 129 230 155 
415 376 300 146 156 371 182 262 215 65 214 422 348 128 432 204 417 412 466 201 133 410 68 437 465 137 77 50 424 465 155 338 340 161 190 446 482 323 414 196 94 127 325 392 413 0 256 96 329 374 
268 237 458 384 462 150 104 98 178 104 472 349 416 65 188 77 206 134 58 235 498 412 279 332 236 378 451 198 180 486 72 398 429 236 488 390 336 91 439 220 353 166 68 268 389 414 0 295 94 254 
60 486 458 422 264 289 364 348 446 268 478 432 290 131 116 232 118 457 68 367 151 445 219 267 220 437 155 133 232 406 337 449 391 294 370 362 290 440 416 442 207 394 373 204 231 196 386 0 300 152 
160 373 253 105 91 226 482 234 88 114 172 444 157 120 91 157 196 159 397 135 74 95 500 174 418 203 356 113 295 155 422 406 234 174 217 275 107 198 459 145 262 131 88 125 408 336 232 104 0 445 
336 189 226 381 395 350 54 97 205 325 99 66 246 455 250 127 171 231 184 319 190 279 287 478 73 362 385 116 93 439 60 135 335 443 466 436 293 471 484 448 295 82 465 247 243 421 324 364 152 0 

1016.73 0 37
1016.73 1 24
1016.73 2 32
1016.73 3 25
1016.73 4 13
1016.73 5 15
1016.73 6 41
1016.73 7 4
1016.73 8 9
1016.73 9 45
1016.73 10 25
1016.73 11 23
1016.73 12 44
1016.73 13 7
1016.73 14 41
1016.73 15 44
1016.73 16 8
1016.73 17 33
1016.73 18 2
1016.73 19 21
1016.73 20 25
1016.73 21 44
1016.73 22 23
1016.73 23 41
1016.73 24 38
1016.73 25 19
1016.73 26 11
1016.73 27 29
1016.73 28 13
1016.73 29 10
1016.73 30 13
1016.73 31 7
1016.73 32 39
1016.73 33 1
1016.73 34 37
1016.73 35 3
1016.73 36 21
1016.73 37 29
1016.73 38 12
1016.73 39 30
1016.73 40 30
1016.73 41 43
1016.73 42 9
1016.73 43 31
1016.73 44 6
1016.73 45 1
1016.73 46 31
1016.73 47 14
1016.73 48 35
1016.73 49 33

