50 50 3

0 390 137 128 226 246 251 171 475 358 458 287 453 76 279 215 290 216 244 261 84 410 289 120 453 65 465 489 358 189 496 421 285 340 499 218 292 456 339 266 69 52 259 228 78 488 394 319 203 137 
286 0 237 254 75 64 206 90 479 195 154 374 397 74 365 443 279 82 234 442 127 450 461 130 208 396 365 195 289 390 104 132 176 499 92 201 62 249 448 247 150 101 327 253 332 191 196 110 224 136 
51 301 0 86 219 137 451 114 453 353 109 98 163 191 224 161 441 131 380 189 285 126 496 92 159 248 374 301 150 435 231 444 192 238 236 361 326 186 425 485 245 240 289 359 138 220 470 78 57 106 
424 293 389 0 419 335 499 373 416 55 230 106 236 173 248 424 115 316 456 251 240 196 203 187 436 268 275 155 237 303 162 500 433 161 389 107 447 387 430 118 392 366 174 334 245 128 464 310 394 420 
268 341 115 177 0 478 257 395 252 362 338 261 231 338 193 342 226 250 495 112 386 112 210 459 443 494 203 71 457 220 415 132 194 255 405 321 232 161 215 190 230 52 401 411 340 300 252 272 256 454 
334 142 65 250 307 0 215 243 216 236 407 386 357 489 286 112 393 106 50 261 478 398 441 237 54 351 283 305 309 55 267 469 95 115 241 296 372 406 245 88 141 151 180 204 347 417 473 446 229 474 
206 207 127 146 394 131 0 203 176 386 219 181 360 187 434 425 378 229 297 283 424 335 130 282 221 285 128 344 257 73 73 437 437 437 63 82 330 145 443 212 237 368 100 303 54 484 228 139 419 475 
128 98 65 416 330 236 200 0 164 80 163 395 310 307 331 246 76 119 282 378 268 444 322 135 250 124 347 440 302 436 358 276 63 163 498 429 199 234 335 314 471 205 415 487 218 452 232 244 277 464 
329 496 163 150 337 120 224 183 0 59 233 325 368 215 339 481 213 474 179 153 65 199 330 427 320 316 144 478 498 94 255 217 373 457 330 229 293 156 160 183 166 343 458 240 57 52 427 220 233 105 
79 248 462 359 174 488 174 475 466 0 171 68 427 94 148 383 131 83 382 237 193 64 353 486 229 92 250 231 469 420 414 281 450 368 449 64 492 436 189 222 157 66 448 83 111 95 416 399 128 54 
135 479 68 195 464 454 444 213 185 413 0 340 305 400 496 173 104 59 164 246 405 93 354 422 491 387 239 292 59 137 126 270 429 104 288 123 275 449 67 438 133 186 484 388 85 235 60 346 452 382 
91 356 425 151 277 171 245 222 413 254 309 0 489 474 238 93 468 67 318 416 84 462 255 220 202 350 462 387 116 63 338 448 105 401 128 206 384 249 157 106 368 361 121 357 90 65 156 265 83 180 
387 324 348 349 495 500 198 212 143 264 226 431 0 419 488 331 253 400 422 209 57 478 76 124 98 139 372 321 452 343 354 131 229 177 430 77 378 185 225 297 278 196 229 416 114 423 453 317 322 374 
476 85 107 259 367 156 348 238 183 300 80 487 137 0 466 370 273 494 455 409 425 458 393 120 186 64 391 108 468 415 136 97 390 379 155 355 245 468 203 433 150 209 219 343 52 184 419 276 177 373 
391 309 86 283 135 429 298 477 243 472 391 330 68 487 0 208 173 342 159 140 251 91 447 166 260 289 168 150 208 394 485 287 491 293 80 274 378 459 278 110 202 249 451 238 267 194 152 147 242 261 
444 443 302 391 315 268 386 433 124 300 83 108 294 280 351 0 324 53 436 489 281 496 190 236 203 378 454 347 480 307 88 240 250 237 248 347 51 222 440 190 297 239 430 355 239 210 413 269 420 104 
258 408 99 398 143 459 483 303 305 462 109 99 409 66 493 363 0 119 250 85 58 391 88 455 76 149 193 443 61 413 363 322 377 477 128 274 119 86 463 373 98 181 188 147 89 204 347 402 481 96 
193 489 437 231 443 220 331 343 162 98 462 231 371 338 207 449 318 0 484 241 281 356 289 412 250 143 207 161 440 315 141 486 459 129 179 396 279 105 433 121 424 238 82 155 315 370 68 263 394 51 
210 174 113 450 85 314 299 242 181 445 264 272 430 222 107 315 324 336 0 370 257 163 294 201 402 155 466 478 380 435 372 382 144 496 201 300 288 221 98 236 352 493 450 330 179 378 388 444 202 430 
70 165 93 314 316 445 175 281 423 54 215 50 142 65 496 294 316 283 465 0 120 470 73 113 175 353 449 53 447 392 412 377 168 76 176 188 342 327 313 329 456 74 250 456 166 265 208 166 80 197 
338 358 373 361 421 499 420 125 51 367 223 413 450 342 195 332 480 243 158 500 0 71 321 73 478 276 189 242 190 62 480 338 350 337 210 210 464 208 336 88 416 202 261 328 358 102 229 189 289 422 
54 288 199 81 311 176 63 206 369 204 218 104 492 67 147 201 434 110 116 270 355 0 482 178 115 66 487 375 245 382 163 374 142 401 72 173 418 199 187 330 274 97 499 328 88 272 181 446 206 241 
61 182 95 250 310 367 473 52 241 424 141 110 297 233 217 320 113 134 469 457 171 449 0 53 169 483 298 147 163 243 303 354 462 191 155 418 452 472 390 210 213 313 301 480 317 241 197 136 304 488 
311 467 158 259 470 277 241 474 131 354 216 384 414 384 282 68 301 233 246 397 393 165 417 0 401 145 233 141 292 319 151 279 129 117 388 94 293 371 492 266 452 101 188 92 465 72 324 239 79 263 
191 183 362 307 99 262 158 282 109 400 307 210 385 142 484 479 186 483 106 384 455 57 435 143 0 306 155 372 336 344 157 98 241 290 411 498 95 379 362 327 439 261 133 355 353 432 339 331 117 77 
143 451 483 151 141 332 163 246 410 450 296 66 498 488 63 164 241 108 494 103 386 188 70 225 493 0 373 364 331 411 187 115 53 345 97 361 436 379 475 182 495 424 428 60 177 171 280 499 363 339 
248 172 431 386 192 362 378 272 225 416 389 363 481 148 207 284 460 349 162 190 481 363 320 165 373 203 0 493 360 201 111 198 399 233 128 491 132 196 369 354 128 491 242 441 471 96 354 461 55 202 
122 402 390 191 221 261 63 375 253 373 75 315 277 181 498 111 171 129 258 246 189 336 443 137 483 169 184 0 92 129 396 451 408 298 340 98 469 307 112 99 60 191 332 81 175 463 78 236 340 365 
200 293 260 242 235 348 431 355 238 473 434 133 180 342 137 226 390 313 484 208 362 494 106 193 74 231 362 309 0 173 202 380 80 445 140 272 386 194 410 240 138 382 174 428 268 222 65 445 111 328 
428 477 396 177 82 89 408 470 401 423 142 309 303 379 460 149 151 346 500 267 85 344 148 416 271 123 344 493 67 0 162 76 445 138 423 328 377 218 235 346 118 157 194 378 166 73 337 472 381 389 
227 147 425 70 452 96 292 74 391 491 91 52 67 242 347 196 69 223 364 461 68 432 118 419 65 441 442 109 169 322 0 448 346 175 128 367 127 382 365 151 479 355 400 481 128 348 83 274 368 256 
137 328 481 276 152 399 291 300 97 350 419 125 54 264 251 132 337 328 220 201 185 198 263 291 385 341 139 418 322 213 173 0 409 247 360 184 350 259 182 356 62 238 274 137 242 244 338 81 288 372 
251 439 264 400 408 261 284 456 350 409 277 269 288 392 467 148 76 72 113 208 378 125 152 358 212 345 101 257 132 95 128 333 0 485 98 439 148 310 430 103 159 338 86 379 125 429 101 223 211 123 
493 125 451 117 227 308 280 71 115 487 153 161 321 193 352 370 131 206 179 267 260 495 104 52 129 387 431 180 109 141 253 309 423 0 410 376 150 217 362 378 490 104 482 357 376 381 415 452 218 120 
337 436 86 331 246 89 167 132 470 297 399 318 257 207 240 166 82 340 90 151 218 79 205 406 142 287 493 56 445 210 333 281 352 370 0 319 98 409 436 180 378 439 78 402 195 442 142 312 231 188 
108 332 112 344 487 468 436 481 216 198 425 377 481 413 228 350 231 483 258 166 370 343 104 154 451 457 96 92 475 277 438 82 108 500 376 0 301 224 67 488 390 215 169 473 402 81 408 252 262 390 
216 134 259 265 395 120 216 351 166 465 81 149 158 113 207 158 195 214 88 212 409 184 133 77 157 486 108 64 444 76 160 366 160 126 131 261 0 196 53 112 312 468 350 167 333 414 80 441 315 244 
235 478 359 369 317 386 476 302 200 246 245 226 357 111 92 433 399 304 335 402 122 353 125 422 470 408 335 500 104 357 450 496 334 309 365 150 194 0 96 159 101 500 110 277 356 378 320 495 276 330 
85 384 402 388 216 323 357 330 365 356 141 221 305 136 261 113 207 361 465 461 226 65 460 287 499 71 164 74 272 147 354 307 481 255 194 403 78 50 0 233 149 112 324 320 367 166 80 187 324 147 
358 284 324 373 243 110 371 471 431 152 242 77 456 499 265 211 192 167 446 399 350 94 461 380 120 83 497 150 220 320 247 77 310 277 156 259 337 234 229 0 475 336 421 51 498 419 266 415 317 140 
360 215 440 160 382 76 230 415 72 330 342 98 284 125 114 60 439 323 104 172 51 78 214 178 286 211 303 259 126 119 349 192 491 495 303 372 70 239 493 299 0 69 90 103 59 166 167 276 104 440 
330 433 197 114 353 325 107 270 127 316 346 196 371 245 393 121 254 471 142 443 464 147 218 53 201 227 376 318 454 186 258 490 325 161 311 177 437 368 398 63 390 0 450 417 467 194 309 87 398 280 
386 341 450 484 58 209 184 443 85 208 152 428 172 141 253 284 158 380 220 476 277 440 121 434 356 87 127 372 125 232 358 217 72 63 200 287 222 90 436 464 249 87 0 392 127 386 144 361 494 230 
287 226 214 227 53 147 289 91 224 367 373 162 431 89 391 444 447 178 373 243 320 336 198 358 434 276 243 284 136 443 465 374 168 178 307 172 275 95 420 205 169 499 74 0 99 294 415 494 240 299 
366 434 119 408 131 427 342 113 376 125 200 74 89 280 400 424 86 71 198 338 197 110 457 195 134 263 195 255 256 142 54 328 75 123 235 363 256 76 427 338 359 333 362 398 0 319 261 78 111 489 
433 155 185 493 319 86 333 81 439 88 287 80 299 321 312 372 55 174 334 289 307 171 354 346 239 458 164 451 486 432 439 419 87 331 167 356 123 207 387 61 452 380 298 250 200 0 109 328 412 441 
161 407 454 489 260 300 227 425 170 177 410 102 323 84 346 360 202 201 189 359 87 408 310 173 205 266 79 265 93 197 412 411 311 365 399 277 371 125 201 248 460 111 300 282 145 352 0 348 53 52 
487 362 296 150 378 175 306 350 204 277 393 351 188 303 161 52 408 389 130 484 89 328 199 357 334 187 209 185 485 212 394 227 281 189 328 365 314 133 215 224 116 314 281 254 324 393 463 0 231 488 
92 421 283 370 119 347 410 463 55 94 447 424 438 381 204 333 208 276 146 498 197 76 113 461 308 73 491 407 486 429 394 285 105 383 361 175 229 271 344 441 71 291 365 460 171 275 292 85 0 50 
145 82 197 171 352 365 429 375 355 335 116 490 435 107 95 318 419 427 253 396 270 194 417 60 265 376 388 490 375 423 247 470 211 150 347 62 465 276 143 76 317 210 65 459 267 110 483 392 487 0 

998.58 0 3
998.58 1 15
998.58 2 18
998.58 3 11
998.58 4 24
998.58 5 22
998.58 6 2
998.58 7 33
998.58 8 15
998.58 9 45
998.58 10 21
998.58 11 45
998.58 12 15
998.58 13 41
998.58 14 37
998.58 15 47
998.58 16 38
998.58 17 7
998.58 18 42
998.58 19 29
998.58 20 33
998.58 21 38
998.58 22 36
998.58 23 36
998.58 24 37
998.58 25 3
998.58 26 13
998.58 27 30
998.58 28 4
998.58 29 30
998.58 30 42
998.58 31 13
998.58 32 1
998.58 33 16
998.58 34 24
998.58 35 25
998.58 36 39
998.58 37 32
998.58 38 10
998.58 39 10
998.58 40 28
998.58 41 36
998.58 42 6
998.58 43 48
998.58 44 29
998.58 45 43
998.58 46 2
998.58 47 18
998.58 48 7
998.58 49 0

