50 50 4

0 119 477 147 427 250 357 161 133 364 495 95 139 197 422 308 258 477 315 322 67 290 342 377 395 111 300 93 249 275 268 493 100 452 140 233 201 203 101 491 66 95 293 362 449 214 169 413 190 190 
234 0 414 430 283 290 81 100 296 331 299 277 98 291 83 256 137 267 407 291 318 154 307 119 397 376 275 317 495 187 213 392 128 127 321 361 123 108 411 126 389 209 353 194 206 143 400 50 360 63 
291 384 0 374 304 453 270 179 227 293 381 121 456 272 199 289 92 266 119 358 176 195 246 91 254 146 454 347 497 454 413 266 244 296 139 255 456 115 384 182 358 264 460 69 242 158 65 492 374 341 
349 256 486 0 301 297 446 398 458 500 150 411 412 122 362 208 211 116 163 483 206 51 96 177 462 115 369 326 337 360 407 177 415 162 369 216 166 315 320 123 314 176 484 432 248 101 346 165 167 215 
354 80 217 400 0 207 385 465 282 417 58 142 323 185 263 192 261 185 308 282 455 137 302 337 327 233 291 379 79 162 252 244 466 282 167 365 195 258 86 428 382 94 276 204 436 489 102 403 174 116 
184 335 203 436 172 0 481 169 169 115 405 282 317 355 247 99 229 319 451 437 355 378 318 155 153 229 297 349 488 200 473 104 334 63 257 270 185 444 145 305 58 256 293 326 110 490 131 289 308 288 
433 369 166 457 474 476 0 392 271 324 380 421 52 434 254 66 397 230 408 341 81 419 105 287 211 137 348 408 425 343 215 213 275 84 85 232 264 60 123 485 91 209 161 93 142 122 316 246 302 431 
86 334 349 348 120 267 436 0 174 174 360 468 95 279 449 336 314 180 100 325 461 291 366 169 403 165 469 475 188 214 483 118 457 316 173 304 143 390 446 474 63 62 197 109 291 146 395 105 483 201 
136 443 443 208 319 345 79 287 0 75 217 207 57 285 163 80 409 173 380 54 119 353 68 131 50 334 128 146 435 390 128 136 476 278 285 390 96 129 420 89 361 136 453 368 128 322 398 243 445 277 
247 270 337 265 107 337 305 186 189 0 447 282 474 289 258 251 73 147 53 359 273 299 219 360 251 86 194 72 191 387 224 174 133 200 461 105 258 53 116 150 399 62 382 373 301 346 330 80 200 334 
389 423 132 314 489 90 107 182 319 248 0 68 493 372 359 193 89 414 157 299 480 464 198 493 345 277 500 398 106 287 97 390 175 470 229 440 459 476 497 140 294 451 366 494 78 224 186 324 137 500 
123 323 463 478 71 63 254 278 411 310 64 0 458 407 189 428 135 335 142 317 87 439 110 244 304 103 273 478 446 303 321 201 376 144 163 353 372 384 106 149 294 123 163 459 480 303 142 321 344 234 
137 138 172 404 332 183 458 311 367 159 114 188 0 311 196 489 180 500 360 270 312 460 64 385 122 229 120 131 321 391 182 261 234 270 383 138 308 272 302 119 139 167 183 484 184 85 472 71 84 331 
291 103 497 61 194 326 240 265 407 60 362 88 271 0 96 64 361 391 323 132 399 392 428 65 281 411 407 316 382 428 107 420 218 160 172 437 304 448 176 275 355 187 137 149 164 390 164 231 280 437 
314 385 84 448 156 71 359 62 93 447 196 150 122 121 0 467 245 57 271 192 183 252 253 76 339 353 398 228 223 128 214 366 392 305 400 96 412 177 405 180 220 351 327 321 180 398 287 375 161 264 
66 294 467 477 77 61 85 425 447 258 52 367 123 151 172 0 229 197 290 356 308 420 75 365 453 102 495 106 340 369 217 310 142 218 483 118 245 495 153 376 197 117 378 63 397 479 392 125 382 181 
187 189 308 419 54 467 472 499 73 67 124 447 327 216 164 66 0 491 115 267 350 441 414 417 75 183 313 260 75 144 142 413 281 281 427 199 492 394 377 247 417 394 321 363 428 487 234 444 233 299 
210 82 447 123 449 472 463 468 231 488 111 79 157 342 67 83 247 0 58 427 124 462 343 224 282 413 151 475 146 301 207 151 461 239 97 290 394 275 253 361 213 447 422 449 103 470 466 137 424 231 
63 254 192 113 428 425 476 286 155 328 86 313 429 498 258 233 494 152 0 214 246 219 133 193 141 82 453 317 498 89 447 435 310 200 127 373 335 258 104 120 363 382 156 382 66 360 347 456 354 205 
170 306 374 460 205 221 492 158 489 246 404 435 180 213 342 257 292 176 221 0 102 246 291 190 108 379 207 175 225 369 235 380 245 491 461 205 403 181 196 60 376 392 170 67 72 90 359 486 88 485 
207 141 437 204 281 251 82 194 376 465 63 110 100 258 101 60 169 210 399 316 0 427 274 414 96 291 436 343 356 178 382 96 91 473 483 245 460 234 484 361 109 448 374 377 255 338 428 472 458 344 
370 480 270 351 393 316 141 85 159 204 420 491 250 461 219 440 412 385 173 151 245 0 439 306 325 315 60 370 449 482 83 292 352 62 61 202 161 84 500 403 193 410 78 390 160 489 315 99 156 406 
429 258 151 123 63 182 389 73 51 93 261 84 92 112 303 310 471 171 344 227 280 243 0 136 309 339 246 53 360 51 160 266 186 368 123 260 137 255 355 160 464 398 371 254 440 190 264 250 367 141 
300 93 371 494 387 386 88 339 390 399 341 256 164 477 123 444 443 210 405 297 76 368 195 0 153 329 341 500 92 297 367 390 97 166 467 297 52 353 335 342 242 233 389 204 103 121 277 497 64 193 
402 311 426 476 212 285 304 53 285 102 56 358 442 310 474 409 106 233 468 148 281 416 331 376 0 119 141 203 346 137 217 245 245 235 377 221 397 161 475 156 396 284 163 460 432 179 190 340 236 373 
307 90 360 429 371 442 498 218 144 99 306 312 294 257 253 170 428 356 489 159 463 384 393 332 100 0 324 217 240 371 403 112 384 199 178 313 277 119 310 445 213 116 457 231 360 214 434 237 348 497 
432 457 215 71 105 253 121 136 420 311 213 79 373 303 228 257 115 455 326 132 400 490 198 356 427 264 0 276 361 207 124 113 138 80 278 160 343 481 231 185 400 493 348 429 121 150 157 329 423 318 
361 54 217 350 409 280 277 379 55 344 293 129 407 381 367 391 247 416 371 185 100 477 384 398 406 455 254 0 269 490 176 293 351 387 461 407 295 447 390 381 452 440 173 288 346 53 361 443 458 276 
313 142 326 497 232 430 402 393 183 377 383 310 169 440 196 336 102 198 282 443 78 441 382 201 435 435 411 51 0 377 124 277 397 423 309 393 154 445 50 498 334 133 136 143 459 282 497 295 334 401 
283 276 185 430 365 92 120 299 209 121 175 284 104 278 413 363 170 67 63 377 271 348 460 113 197 419 345 400 420 0 385 300 409 368 435 95 232 233 165 237 393 237 118 176 291 347 295 361 223 312 
374 100 289 428 59 108 125 184 159 475 310 495 275 219 118 416 471 300 149 135 487 492 78 104 374 76 157 375 387 331 0 394 467 381 182 395 146 241 470 488 350 200 297 100 425 222 168 97 192 174 
403 485 160 150 269 422 230 295 78 104 388 359 448 355 446 130 456 299 77 181 286 133 331 289 391 463 462 58 266 360 390 0 168 100 256 268 320 177 448 114 413 51 453 478 206 63 424 493 469 222 
69 356 458 359 393 246 249 355 414 465 120 481 354 445 80 109 212 350 444 366 171 356 124 123 89 280 343 463 272 67 391 498 0 373 104 356 265 57 312 327 421 483 153 157 336 98 188 151 467 488 
301 333 158 363 407 438 403 393 280 121 371 53 463 368 376 66 430 348 73 241 174 201 223 277 308 265 81 202 123 499 190 130 87 0 54 444 200 199 102 92 185 173 413 189 135 487 271 359 416 118 
138 364 449 289 293 433 304 58 464 456 338 218 352 418 255 113 117 405 262 169 447 153 500 115 292 134 308 63 199 224 338 288 294 287 0 283 86 426 86 94 145 249 138 314 100 263 68 163 330 424 
131 206 126 235 205 399 233 289 206 453 195 380 498 433 173 491 215 417 416 252 217 60 451 306 324 257 68 99 127 104 229 208 260 305 149 0 415 203 89 411 116 492 105 202 489 488 82 479 202 449 
150 160 165 161 317 421 191 281 195 240 358 250 419 65 460 431 372 131 340 411 492 406 402 96 108 147 290 140 332 198 88 433 65 410 300 332 0 87 441 319 232 388 176 188 62 399 355 199 270 436 
490 180 183 151 288 436 209 141 225 55 424 129 300 356 144 210 362 183 247 58 452 185 152 128 324 165 477 385 70 246 76 59 132 209 161 370 351 0 76 218 75 82 141 361 332 203 456 248 64 138 
445 279 296 337 382 374 367 253 106 251 273 58 277 490 140 192 150 217 493 383 385 274 415 232 134 454 385 296 201 155 140 353 384 387 189 265 467 55 0 468 73 463 448 81 446 437 379 137 86 302 
336 175 393 109 297 124 400 250 459 196 157 320 286 216 203 379 111 175 346 323 349 125 285 296 363 230 232 241 317 475 249 359 357 141 418 153 215 74 353 0 380 220 216 199 212 383 109 91 200 441 
143 474 289 218 258 292 80 439 230 479 462 412 227 321 268 319 445 371 484 469 430 120 395 145 476 107 234 84 355 385 475 448 358 471 372 322 469 402 260 198 0 136 429 109 314 456 327 132 400 197 
322 125 333 392 470 429 368 283 369 158 344 460 340 498 73 66 369 346 485 478 312 182 113 240 449 377 402 275 215 58 179 244 133 462 135 309 146 209 299 222 74 0 142 181 364 140 205 136 215 50 
120 399 68 459 463 466 407 95 367 389 468 375 274 211 214 235 52 474 88 212 479 467 443 120 147 62 417 58 148 132 265 425 481 284 383 199 249 497 452 322 385 419 0 197 158 129 117 99 131 297 
344 500 275 310 198 346 164 210 262 172 308 100 144 232 288 378 322 437 333 318 388 154 202 306 57 66 141 125 115 430 372 410 185 354 219 334 199 333 494 167 212 58 425 0 306 447 212 183 268 148 
222 85 243 326 444 255 90 460 347 165 282 483 243 191 167 303 116 451 208 400 445 326 318 453 457 123 399 168 463 374 473 184 165 422 216 109 177 256 275 230 127 56 419 77 0 404 85 330 471 487 
489 126 187 70 394 346 477 223 451 351 185 324 79 75 196 452 241 462 335 204 236 271 488 450 189 64 353 224 101 323 417 89 155 310 316 499 155 499 221 313 105 112 343 134 137 0 489 292 85 450 
333 446 393 103 433 342 449 204 194 380 255 224 52 50 329 313 316 328 174 70 255 193 125 74 487 209 368 231 208 403 388 491 104 280 301 488 121 456 191 472 335 152 195 94 152 475 0 113 174 58 
237 194 470 137 269 494 123 184 362 60 98 471 398 89 75 177 96 269 455 258 166 427 300 475 121 344 126 302 407 457 310 350 357 280 437 125 480 266 466 97 277 64 275 174 310 56 58 0 112 275 
463 320 147 389 119 121 217 169 404 469 282 360 279 132 216 265 68 498 451 492 219 499 268 233 273 148 249 279 156 67 260 326 338 113 421 163 184 137 490 87 106 271 153 91 353 75 62 128 0 279 
463 119 448 217 93 388 196 191 343 181 54 361 391 330 405 454 250 274 344 338 263 137 150 485 240 398 93 472 166 378 250 335 203 405 52 453 499 405 144 341 86 355 408 427 184 312 137 140 293 0 

964.92 0 12
964.92 1 37
964.92 2 47
964.92 3 9
964.92 4 48
964.92 5 41
964.92 6 13
964.92 7 29
964.92 8 1
964.92 9 12
964.92 10 6
964.92 11 36
964.92 12 26
964.92 13 44
964.92 14 11
964.92 15 25
964.92 16 30
964.92 17 14
964.92 18 47
964.92 19 30
964.92 20 1
964.92 21 26
964.92 22 15
964.92 23 37
964.92 24 36
964.92 25 11
964.92 26 11
964.92 27 19
964.92 28 0
964.92 29 39
964.92 30 4
964.92 31 17
964.92 32 33
964.92 33 2
964.92 34 31
964.92 35 37
964.92 36 0
964.92 37 45
964.92 38 22
964.92 39 1
964.92 40 13
964.92 41 34
964.92 42 43
964.92 43 44
964.92 44 34
964.92 45 4
964.92 46 21
964.92 47 15
964.92 48 19
964.92 49 19

