50 50 4

0 267 145 260 158 241 301 247 143 321 274 209 429 147 148 265 319 330 296 182 194 379 498 71 424 265 462 478 239 225 318 460 199 169 219 63 360 226 467 209 497 241 368 425 94 222 396 120 258 399 
252 0 402 277 250 180 200 221 348 177 410 279 202 125 428 321 50 197 181 226 164 96 429 111 415 110 155 136 456 225 101 354 184 453 131 384 339 488 311 186 372 221 416 73 52 99 100 53 247 438 
436 117 0 485 121 178 399 181 283 241 343 215 292 197 349 452 485 439 290 228 249 183 306 176 305 85 386 354 136 145 307 73 287 374 57 358 258 162 245 248 110 88 413 108 442 468 59 182 406 56 
116 361 189 0 373 244 444 408 129 53 250 224 67 481 461 147 488 75 356 357 270 103 173 64 222 231 456 189 448 344 301 454 411 368 349 283 111 499 397 397 258 147 327 275 127 495 129 321 69 435 
384 496 244 56 0 60 416 238 222 311 185 66 111 345 183 429 400 416 247 398 68 143 155 165 177 137 449 171 216 477 190 150 360 185 100 123 402 466 311 124 276 202 347 93 253 480 228 152 151 425 
500 169 275 361 492 0 402 448 440 279 370 172 419 226 483 310 276 312 212 241 122 493 223 481 339 266 440 318 445 91 419 125 297 294 350 157 285 458 312 432 236 181 103 361 114 292 378 340 103 296 
288 382 288 461 118 126 0 434 57 150 378 98 275 209 101 68 266 416 304 223 434 235 166 321 495 233 385 494 110 225 96 356 463 185 350 179 253 426 112 261 282 196 65 56 356 324 75 121 239 329 
50 172 270 373 443 471 313 0 328 464 129 259 60 192 428 195 492 313 154 174 376 121 406 278 137 413 340 411 438 167 356 473 375 478 449 454 176 419 266 210 383 102 419 149 244 102 50 442 366 154 
115 241 226 228 225 69 140 65 0 186 284 389 492 463 263 225 411 217 351 329 189 61 418 241 186 66 191 239 66 133 104 378 405 51 103 339 226 329 185 448 465 419 337 456 137 306 387 498 229 237 
83 369 455 451 316 141 468 458 330 0 240 297 140 117 408 141 377 247 73 205 382 228 169 57 64 331 144 76 217 349 256 161 382 124 115 332 390 413 55 103 449 246 106 88 313 465 386 190 418 410 
101 299 137 428 62 358 258 157 384 182 0 456 139 500 93 420 321 375 66 234 381 326 389 126 383 428 145 103 313 492 471 429 93 476 272 471 489 129 435 145 220 323 307 65 78 350 436 350 431 208 
290 67 484 178 350 366 312 446 419 332 193 0 389 260 236 365 483 413 109 318 104 411 488 133 424 53 162 273 195 462 410 353 458 428 336 135 277 409 398 429 83 229 122 179 195 64 250 177 184 309 
202 238 219 189 321 142 399 433 121 300 150 237 0 152 107 164 195 400 148 103 297 283 343 232 355 472 377 126 221 261 260 236 413 204 405 308 231 253 207 164 80 213 471 268 316 285 382 217 184 236 
477 431 470 319 162 80 291 245 156 218 456 122 405 0 368 276 309 176 458 269 89 328 299 252 54 66 274 289 155 441 423 341 417 109 310 236 428 97 233 173 203 401 128 276 61 203 258 77 329 422 
296 124 249 94 82 254 318 63 249 423 454 172 470 127 0 231 487 69 366 83 252 489 443 359 116 425 371 269 183 398 304 104 400 134 60 200 374 471 468 387 219 390 340 97 116 173 486 102 192 351 
135 150 339 77 216 161 453 293 137 342 397 147 152 296 232 0 162 446 105 339 170 442 58 59 488 105 332 161 297 384 59 147 225 367 192 253 82 304 412 325 391 253 221 488 111 223 426 224 375 237 
269 495 178 277 261 373 89 92 240 92 427 249 190 151 115 332 0 110 354 342 228 178 439 187 105 183 249 485 108 179 360 296 398 354 180 382 114 259 177 157 449 219 290 405 115 147 226 154 415 80 
446 142 415 141 280 227 274 479 211 88 364 70 90 261 131 221 349 0 195 430 476 58 135 402 54 490 467 152 215 120 66 245 273 365 367 364 144 93 344 329 254 382 192 482 423 160 112 350 215 464 
486 398 229 120 299 233 316 472 91 482 299 314 433 278 179 299 348 480 0 98 191 65 303 72 414 491 201 280 102 257 446 272 243 99 207 69 104 147 336 75 395 73 80 209 212 64 94 218 362 280 
266 52 295 68 282 416 58 433 195 317 190 347 296 139 396 453 365 450 99 0 407 232 445 430 262 360 349 484 160 66 345 390 282 348 392 57 129 307 272 268 452 296 164 299 298 460 194 250 325 351 
56 231 82 207 368 50 273 216 484 383 439 329 479 220 383 370 434 218 383 413 0 436 91 208 307 96 456 266 447 412 90 297 174 479 329 331 346 330 310 268 69 192 206 348 378 132 437 454 66 154 
337 185 297 378 343 103 180 54 75 126 172 323 374 297 301 409 334 146 445 144 364 0 465 493 69 68 126 358 456 80 374 109 123 265 112 207 107 372 337 318 398 413 197 220 286 444 471 402 484 323 
346 334 393 310 83 412 329 159 269 491 189 350 99 469 114 369 175 379 240 462 403 137 0 375 99 63 367 249 240 268 440 62 321 273 405 130 306 72 165 172 499 155 67 104 412 487 375 280 161 253 
470 123 363 314 204 168 327 277 368 274 252 307 493 72 286 398 359 92 176 475 421 381 336 0 438 435 247 424 310 477 85 269 203 365 338 467 275 457 500 51 324 273 253 337 266 482 122 370 341 371 
252 71 291 133 357 229 67 104 359 83 287 394 303 440 465 140 162 239 303 162 241 126 141 200 0 169 357 182 449 433 229 319 185 250 317 268 106 252 492 367 110 75 154 211 84 300 175 381 413 365 
184 281 312 260 372 218 136 436 350 84 368 78 109 52 278 132 270 91 334 262 408 151 494 61 68 0 77 312 193 408 431 264 91 211 282 58 82 451 351 468 56 385 92 85 200 94 69 283 71 110 
323 490 225 180 483 236 198 266 254 98 173 184 312 422 101 301 430 341 251 280 64 257 371 106 499 277 0 358 275 266 135 91 89 124 266 426 313 209 331 78 413 379 408 304 397 329 355 197 465 195 
154 451 417 362 321 473 116 98 330 341 314 415 383 109 245 355 242 57 63 72 292 427 157 200 437 53 235 0 498 408 200 400 61 357 316 129 385 288 196 189 325 487 453 446 125 269 191 431 217 405 
444 239 404 126 346 103 62 105 495 267 463 401 166 475 258 432 103 142 219 456 281 250 443 440 196 274 415 337 0 411 131 448 355 76 351 187 128 160 407 184 155 173 353 262 289 327 470 220 137 318 
145 92 305 346 241 245 492 466 366 84 132 204 238 437 230 89 331 65 406 444 199 267 116 258 480 111 292 205 281 0 379 230 132 177 485 428 369 436 175 90 302 416 172 456 154 316 392 400 353 407 
305 296 312 72 362 70 51 179 312 413 166 397 142 248 73 127 383 148 62 57 395 70 180 274 232 284 89 331 183 148 0 444 438 394 256 216 462 483 424 140 50 337 256 397 185 210 176 262 92 275 
482 307 169 258 437 393 197 220 188 478 109 493 421 253 386 383 420 103 365 343 400 121 386 155 468 71 316 144 490 114 125 0 227 371 451 436 307 100 132 477 445 109 292 438 236 496 79 119 415 133 
190 464 483 262 106 345 436 334 367 286 323 431 361 50 302 68 192 315 118 274 499 269 89 290 206 275 285 236 100 406 75 448 0 126 264 416 182 108 351 466 181 344 495 319 204 251 327 429 393 141 
253 166 139 473 412 380 178 394 164 120 444 277 352 147 353 116 62 485 381 120 206 62 414 407 331 324 158 157 253 50 455 456 374 0 94 184 285 180 69 178 50 139 329 277 198 426 129 471 195 320 
351 472 232 119 385 139 156 415 247 470 167 454 425 330 327 225 464 319 355 483 447 355 329 482 132 477 164 418 203 309 238 53 280 176 0 330 371 265 436 285 218 406 159 172 86 195 205 261 365 474 
115 104 177 420 383 158 258 115 272 383 268 287 327 478 273 453 307 143 218 243 135 142 355 451 471 391 352 176 358 216 356 423 270 483 98 0 359 141 63 424 363 396 398 150 222 376 373 174 389 223 
98 338 64 191 192 221 161 289 72 494 146 238 350 275 459 332 324 317 179 93 448 249 439 345 105 367 427 184 491 316 357 296 153 127 437 52 0 298 304 498 320 54 144 265 354 125 430 392 155 453 
278 198 400 477 343 452 81 209 134 215 407 156 279 202 467 356 345 225 361 355 222 180 359 72 151 419 148 80 67 253 484 295 158 139 271 451 297 0 58 160 382 223 66 244 208 425 210 64 269 385 
131 330 107 468 189 336 119 314 434 149 331 394 339 125 51 429 102 452 225 110 318 313 284 90 57 442 465 217 212 440 309 293 270 366 261 409 201 86 0 429 342 185 260 235 475 91 236 159 144 394 
334 204 212 147 194 252 154 343 424 77 261 363 336 261 132 408 228 247 316 264 176 157 399 142 342 129 183 284 238 277 384 279 188 302 376 88 261 236 137 0 184 470 349 497 306 316 336 420 494 289 
235 257 171 342 362 470 390 198 153 380 386 136 471 164 481 272 246 69 483 188 363 166 365 418 370 377 233 412 296 226 407 238 189 78 79 258 498 176 406 357 0 262 498 200 232 369 180 455 114 406 
193 460 269 310 80 186 386 407 126 53 202 302 410 390 198 194 176 406 399 58 311 255 477 308 405 209 176 292 370 448 404 62 163 172 78 193 65 170 306 141 173 0 458 149 290 104 297 434 437 409 
332 201 219 87 177 234 198 92 116 196 412 270 100 181 139 429 416 282 200 293 87 291 172 252 147 412 62 150 346 205 59 177 356 228 421 239 168 326 282 235 472 400 0 211 278 287 301 207 410 82 
357 202 327 355 80 285 452 443 53 101 288 208 317 171 270 496 299 459 370 331 240 311 302 140 473 287 133 273 444 493 61 56 401 94 361 432 85 68 374 88 327 368 246 0 143 245 466 345 494 181 
215 324 371 232 333 217 204 326 301 183 269 500 402 482 401 446 343 332 482 117 412 276 394 279 473 244 230 194 295 224 325 216 254 403 399 293 326 309 118 333 443 93 333 100 0 75 440 252 124 478 
440 191 389 216 292 374 395 242 103 88 487 484 120 203 238 229 101 237 261 360 62 94 58 105 133 108 337 72 67 411 256 457 309 144 172 100 468 66 292 70 312 485 54 138 187 0 449 317 445 392 
284 61 160 328 69 216 167 335 259 396 352 170 151 308 185 245 187 442 419 410 233 196 221 424 200 309 111 355 332 55 453 323 66 113 150 293 486 268 334 244 163 392 120 472 199 255 0 216 92 196 
342 453 135 488 173 266 187 189 327 248 227 88 407 500 312 470 357 311 211 331 144 162 200 486 232 171 391 194 94 190 96 386 142 389 373 472 154 266 367 187 220 301 432 126 56 450 303 0 119 260 
464 400 110 125 307 302 64 428 400 415 228 89 461 113 388 105 192 359 416 164 433 309 334 233 241 167 446 397 420 65 364 139 171 424 215 428 433 436 112 88 350 290 127 66 110 221 122 459 0 286 
244 123 218 53 407 157 451 280 103 347 199 325 210 289 446 341 210 374 273 145 192 311 445 188 144 217 248 315 496 414 307 240 487 476 450 149 339 400 380 148 453 285 423 163 280 125 210 440 205 0 

962.28 0 7
962.28 1 30
962.28 2 12
962.28 3 17
962.28 4 2
962.28 5 6
962.28 6 15
962.28 7 12
962.28 8 14
962.28 9 8
962.28 10 35
962.28 11 38
962.28 12 38
962.28 13 18
962.28 14 36
962.28 15 34
962.28 16 25
962.28 17 20
962.28 18 41
962.28 19 24
962.28 20 23
962.28 21 27
962.28 22 33
962.28 23 3
962.28 24 39
962.28 25 19
962.28 26 14
962.28 27 11
962.28 28 27
962.28 29 42
962.28 30 42
962.28 31 34
962.28 32 23
962.28 33 10
962.28 34 2
962.28 35 26
962.28 36 20
962.28 37 22
962.28 38 39
962.28 39 34
962.28 40 35
962.28 41 29
962.28 42 28
962.28 43 24
962.28 44 48
962.28 45 20
962.28 46 15
962.28 47 29
962.28 48 41
962.28 49 7

