50 50 3

0 233 53 104 77 189 464 82 288 448 447 74 53 124 104 154 187 330 130 55 251 282 276 440 473 497 241 458 65 157 472 89 96 231 350 123 370 314 363 157 261 65 389 472 140 199 125 277 479 412 
282 0 437 400 265 376 373 468 117 86 483 431 57 279 477 238 128 307 107 392 169 422 360 184 310 331 481 215 162 258 193 281 246 129 180 461 456 259 428 279 296 167 209 303 396 185 492 230 442 305 
329 317 0 433 188 452 449 225 432 163 93 396 307 324 142 142 455 309 97 213 444 326 215 110 241 469 212 133 216 148 74 227 427 98 160 114 256 108 496 394 222 89 290 235 363 138 327 73 153 131 
444 96 407 0 158 363 355 333 281 438 255 380 218 433 306 266 92 127 472 357 122 366 78 368 362 263 231 450 297 461 309 378 404 356 491 62 425 345 101 206 282 307 292 451 239 97 423 488 174 395 
344 454 260 129 0 321 121 342 258 277 345 219 85 222 329 147 213 341 72 57 149 435 497 406 226 447 351 480 369 338 361 470 388 314 436 467 341 263 65 99 490 360 475 282 82 303 379 452 351 157 
459 450 91 455 111 0 474 157 412 454 233 456 70 202 99 334 138 66 381 351 81 430 97 147 160 329 386 414 414 337 264 71 296 420 319 457 481 500 321 148 453 53 310 229 412 359 62 256 375 393 
314 162 79 361 467 189 0 396 352 102 65 189 72 293 191 198 319 354 178 318 174 483 477 384 292 205 52 151 424 258 232 72 278 101 101 345 67 448 240 369 256 463 264 279 462 161 427 280 222 312 
97 346 294 280 437 293 435 0 439 394 114 403 332 137 181 383 395 476 400 342 423 476 98 141 239 83 102 107 460 333 279 478 136 331 479 367 267 271 57 412 164 122 315 446 416 202 85 310 384 435 
152 306 410 200 397 356 233 450 0 169 399 489 398 133 124 228 111 197 202 332 412 320 202 240 341 354 155 493 389 415 377 324 66 389 440 423 286 51 362 442 170 468 430 67 100 260 453 161 164 154 
443 75 424 144 265 265 448 370 464 0 93 491 340 367 264 436 62 186 221 64 255 369 184 222 54 202 272 471 154 139 134 465 81 159 144 382 374 115 85 450 79 128 441 125 201 204 60 214 96 438 
228 301 306 362 229 66 270 451 488 130 0 296 121 94 83 438 396 415 67 461 207 468 490 285 164 322 193 74 332 357 120 270 291 128 282 359 307 299 129 465 493 209 260 320 461 294 257 356 415 275 
316 121 449 62 113 319 334 256 343 165 319 0 413 141 109 491 130 418 54 135 253 469 127 413 435 397 129 228 154 435 143 135 457 421 290 469 484 108 58 446 401 174 264 69 472 323 267 101 448 271 
186 200 446 263 319 380 367 398 108 227 88 408 0 68 252 328 308 427 68 366 436 464 473 316 435 492 287 464 258 339 411 235 231 318 180 201 136 60 67 241 118 451 486 232 469 237 266 483 164 284 
104 306 455 76 121 389 67 358 352 483 403 470 217 0 134 287 348 492 129 358 265 76 182 215 62 120 390 456 336 372 326 327 426 131 488 452 202 376 225 267 434 414 169 403 338 460 189 185 207 476 
249 422 51 137 343 63 414 232 226 249 103 51 282 235 0 340 269 393 248 351 325 465 285 238 341 187 75 56 83 417 214 58 372 342 59 215 185 280 128 367 456 84 177 213 72 118 259 292 462 458 
349 286 178 133 474 469 478 256 232 267 172 152 482 251 444 0 247 416 335 477 251 202 188 492 85 108 63 153 317 305 114 274 154 106 403 444 80 127 177 493 65 394 371 167 375 121 318 122 244 152 
305 201 60 444 192 302 258 205 406 74 217 226 55 77 283 164 0 471 69 241 148 268 464 248 138 337 123 417 154 402 160 464 206 311 474 356 453 483 113 364 388 138 80 320 350 107 309 464 285 84 
411 383 302 374 337 391 211 410 63 71 311 173 485 468 190 215 79 0 349 197 143 212 291 438 243 317 287 300 126 250 291 160 160 173 169 241 461 266 158 126 279 179 144 402 371 318 298 292 347 146 
439 440 64 436 133 257 252 370 264 328 326 54 195 193 385 314 384 101 0 79 492 177 308 377 271 416 247 88 420 245 142 272 183 81 286 325 372 494 77 241 464 111 274 468 463 417 108 483 56 159 
268 498 494 75 130 471 197 84 266 323 279 358 94 169 145 331 444 467 80 0 227 415 494 496 188 217 458 104 276 441 110 385 208 314 134 441 150 105 344 184 321 167 414 178 211 289 480 248 232 447 
278 166 361 271 161 255 439 118 309 214 265 125 305 180 145 390 327 245 445 170 0 136 472 494 256 356 412 495 335 159 433 488 388 98 348 158 416 309 303 485 324 467 456 399 479 135 250 368 412 202 
68 289 288 490 282 494 345 193 244 179 59 176 167 397 432 221 261 347 237 271 87 0 60 444 494 166 422 335 366 496 454 67 63 449 61 52 230 54 103 130 455 440 139 131 313 242 62 240 209 115 
427 430 153 438 374 146 103 51 187 419 498 347 193 60 295 204 270 476 416 323 312 370 0 469 157 451 281 105 219 472 264 285 398 401 388 91 274 240 351 275 133 477 479 431 169 490 225 79 259 407 
445 288 218 315 257 81 472 244 136 398 215 107 182 320 458 276 117 438 222 419 419 305 395 0 398 235 63 143 167 92 108 73 244 346 449 58 309 480 236 53 116 133 425 173 472 451 337 454 68 274 
175 437 399 187 331 296 128 100 389 245 349 447 476 92 500 424 307 308 403 250 67 225 333 199 0 348 61 149 391 465 167 164 347 310 63 240 347 65 318 397 405 270 453 107 452 251 106 375 265 121 
277 465 345 453 53 494 56 64 143 398 236 467 268 289 277 488 479 123 53 52 227 164 479 179 428 0 430 380 241 60 144 312 288 315 363 447 319 113 209 89 206 313 275 379 81 270 155 68 455 229 
278 458 162 392 192 291 320 329 377 60 339 228 78 333 493 147 279 311 210 195 107 122 458 332 452 489 0 309 106 264 263 492 492 427 153 140 119 150 166 154 478 383 443 412 411 276 404 264 261 422 
425 406 479 497 364 66 448 108 325 261 78 295 252 70 221 112 367 497 419 483 150 152 365 300 63 482 75 0 174 245 493 302 169 155 487 373 225 52 320 283 84 287 312 329 246 88 256 308 161 253 
433 143 109 85 458 359 98 195 140 429 390 133 230 266 238 216 138 413 426 164 402 460 402 420 495 147 214 250 0 161 325 209 93 174 476 128 338 334 384 483 181 312 373 471 249 345 415 415 189 327 
340 303 435 55 411 111 500 264 275 457 131 307 372 175 431 347 460 269 181 99 251 312 118 330 489 317 174 403 438 0 313 436 278 323 370 490 233 431 490 204 413 202 285 219 73 166 149 371 333 124 
258 382 326 276 206 155 264 473 487 166 411 55 101 395 328 177 384 268 315 129 422 227 281 206 152 61 323 458 382 155 0 82 139 243 358 121 400 219 335 128 412 207 245 418 258 139 245 385 230 219 
406 309 140 339 297 53 441 308 326 155 189 187 187 485 380 251 105 486 176 146 114 88 303 309 212 267 155 163 358 335 333 0 264 143 423 102 390 426 250 197 458 355 92 144 492 283 231 449 94 423 
124 397 243 369 199 52 80 172 364 194 481 198 477 244 498 155 52 144 288 252 498 245 106 297 96 304 79 484 459 124 406 83 0 471 149 158 377 358 189 499 221 89 235 125 65 185 329 377 188 423 
164 146 177 360 410 424 162 213 209 145 172 490 257 412 217 356 69 93 420 415 298 347 210 240 178 432 375 458 309 269 136 423 366 0 263 489 482 393 357 194 102 452 72 91 209 434 258 271 210 57 
398 331 62 244 492 252 373 423 333 86 438 309 172 117 381 142 105 362 485 169 55 86 120 285 335 486 425 299 464 134 307 361 172 319 0 104 370 277 183 499 109 219 437 368 342 260 248 434 71 109 
174 190 322 418 261 106 252 453 481 50 416 322 63 276 200 332 87 69 315 220 274 131 146 417 205 438 176 160 127 198 426 251 338 247 168 0 305 59 126 465 247 127 380 68 140 363 425 179 156 200 
200 82 424 281 178 341 437 115 223 96 399 371 228 357 416 426 475 220 191 308 184 388 385 271 162 231 340 86 116 446 236 267 478 160 254 156 0 207 190 428 380 443 327 458 171 390 129 303 364 299 
200 378 190 88 469 167 200 200 213 237 473 158 179 239 342 289 200 448 202 96 132 289 490 165 453 367 54 81 376 124 86 75 453 433 320 421 306 0 471 327 469 414 300 126 92 245 419 88 395 122 
447 442 204 235 187 319 394 260 79 425 135 154 218 367 106 150 187 233 407 157 60 375 277 310 208 319 261 126 113 156 405 60 304 316 452 197 341 346 0 407 371 477 492 475 194 358 287 51 251 470 
408 358 236 489 341 496 196 160 464 479 430 326 384 440 129 199 148 276 490 200 389 116 176 380 90 77 444 83 285 195 260 399 259 446 387 100 198 290 417 0 161 268 346 193 358 493 272 56 140 254 
253 497 142 75 379 228 323 162 378 356 397 279 322 295 489 268 182 295 172 422 211 490 396 263 182 254 462 160 467 101 364 426 304 212 452 183 146 274 295 474 0 336 192 253 158 193 241 376 325 242 
254 453 403 243 349 372 375 309 334 485 275 141 104 201 396 266 359 285 362 132 79 335 418 428 294 75 121 485 157 152 433 361 105 335 103 160 414 428 419 247 412 0 400 94 222 307 440 438 165 224 
55 247 461 97 372 388 341 397 215 82 261 318 465 121 129 56 175 446 420 309 120 373 428 226 417 149 484 357 294 148 287 299 102 454 346 424 98 187 76 263 426 287 0 287 390 359 122 396 240 67 
71 255 344 394 182 70 67 489 260 130 282 358 367 287 166 77 133 89 125 477 116 338 402 353 125 498 418 404 150 364 178 171 119 472 272 251 248 289 446 458 369 227 72 0 442 465 188 469 304 228 
93 487 50 138 144 109 420 141 234 323 241 97 451 119 166 423 341 124 377 336 69 335 204 454 357 352 174 495 321 184 429 120 170 185 208 471 245 127 111 185 401 59 232 107 0 128 105 480 175 179 
113 461 405 398 371 114 461 222 238 455 249 128 140 320 455 275 478 425 226 312 243 361 212 252 300 269 86 355 456 418 240 68 134 144 172 455 209 132 383 153 293 132 232 139 402 0 186 121 135 111 
297 397 60 365 315 262 164 84 54 469 246 178 208 471 262 58 349 216 424 431 305 77 430 387 466 69 495 151 140 130 419 143 477 429 458 292 397 328 82 157 296 485 285 210 455 253 0 219 59 419 
142 440 224 376 125 317 341 144 312 199 441 392 324 84 124 460 248 122 356 76 361 220 78 101 211 446 262 415 164 271 89 463 210 470 95 286 287 386 136 305 84 284 403 359 74 477 318 0 479 306 
380 54 373 306 290 425 468 235 186 382 105 408 177 274 324 147 319 316 140 412 159 395 446 393 297 60 173 480 84 151 285 171 363 365 183 152 289 150 93 181 238 355 295 366 128 119 219 154 0 141 
309 65 250 203 217 349 450 435 472 429 225 123 421 346 192 285 480 294 280 336 93 411 281 398 206 353 232 275 71 336 122 330 107 79 239 275 378 188 209 106 323 384 386 243 437 77 234 172 77 0 

735.75 0 40
735.75 1 38
735.75 2 46
735.75 3 4
735.75 4 31
735.75 5 26
735.75 6 30
735.75 7 30
735.75 8 24
735.75 9 0
735.75 10 2
735.75 11 12
735.75 12 30
735.75 13 36
735.75 14 11
735.75 15 22
735.75 16 20
735.75 17 9
735.75 18 44
735.75 19 21
735.75 20 1
735.75 21 40
735.75 22 48
735.75 23 17
735.75 24 40
735.75 25 12
735.75 26 46
735.75 27 3
735.75 28 24
735.75 29 11
735.75 30 46
735.75 31 15
735.75 32 0
735.75 33 48
735.75 34 24
735.75 35 37
735.75 36 25
735.75 37 10
735.75 38 18
735.75 39 0
735.75 40 15
735.75 41 21
735.75 42 16
735.75 43 46
735.75 44 13
735.75 45 28
735.75 46 19
735.75 47 39
735.75 48 42
735.75 49 19

