50 50 3

0 261 399 195 287 187 495 420 63 89 475 369 215 165 262 389 109 440 329 315 356 301 222 430 112 211 63 172 225 482 490 191 243 144 92 480 281 86 156 50 126 130 126 498 452 338 143 60 484 422 
325 0 95 223 253 475 492 415 488 164 139 470 360 487 419 454 79 398 442 322 260 198 154 96 274 152 499 319 245 58 302 373 334 348 302 86 322 50 207 66 371 53 242 230 490 160 390 275 264 87 
97 475 0 443 201 70 423 59 68 241 461 284 250 90 117 304 342 360 332 98 274 348 419 277 296 355 473 406 452 248 377 489 51 351 187 202 127 110 419 146 57 379 380 257 419 203 267 468 269 99 
65 493 397 0 435 269 193 496 449 305 447 196 181 436 197 238 329 105 316 389 474 168 397 109 498 360 234 407 127 201 175 383 424 375 486 114 350 385 109 298 190 56 200 77 198 347 266 477 159 81 
122 339 406 225 0 154 403 84 339 65 368 246 397 250 169 271 443 440 121 327 500 125 467 262 276 495 410 329 467 142 438 254 214 484 159 145 137 268 387 182 283 254 379 386 211 254 157 153 194 435 
430 400 59 153 368 0 285 354 484 321 320 125 258 280 497 448 389 141 85 363 478 424 352 439 302 237 356 263 100 215 163 485 351 62 251 210 380 486 63 363 62 89 194 271 75 397 425 414 245 216 
483 429 140 334 123 148 0 71 429 361 121 350 474 313 201 242 63 361 328 255 131 397 268 377 298 245 403 194 169 72 145 336 55 74 182 339 147 280 116 283 348 395 132 321 207 490 270 427 107 304 
388 395 201 155 271 205 106 0 173 105 433 196 201 475 408 225 156 246 78 142 69 311 440 414 150 468 327 139 237 460 403 247 347 297 398 209 68 309 265 398 365 404 300 65 378 207 447 484 160 475 
126 179 493 272 299 142 239 125 0 438 426 291 341 173 137 344 277 296 362 293 268 467 157 378 266 379 256 180 81 446 290 262 278 175 254 50 424 102 239 255 247 372 496 87 495 339 137 478 342 450 
270 109 172 133 193 388 462 399 67 0 249 345 63 462 329 188 215 329 111 475 68 72 221 390 67 465 140 113 101 324 405 257 301 220 379 140 363 267 102 262 491 57 313 54 469 141 399 184 177 217 
158 195 239 85 291 464 500 137 76 100 0 167 431 64 418 357 393 58 219 366 317 431 357 324 450 117 293 298 466 183 425 182 498 326 128 82 116 91 81 410 324 338 76 461 352 201 317 452 209 486 
317 232 173 173 262 329 447 54 126 413 394 0 50 301 391 326 135 423 148 383 210 57 206 255 291 373 313 442 189 264 357 382 81 88 261 411 300 89 358 61 373 477 405 129 484 296 406 119 425 260 
452 342 475 365 303 265 237 115 413 133 86 269 0 221 324 307 188 234 106 434 298 324 306 481 229 386 465 231 498 290 362 464 241 410 438 312 212 409 256 485 321 339 277 89 266 100 346 404 491 159 
337 289 189 143 476 368 235 440 305 439 436 374 402 0 384 283 96 195 202 455 401 186 276 446 413 71 211 219 124 321 209 440 158 448 128 458 424 203 399 119 214 337 262 87 238 145 321 491 290 229 
446 398 365 428 343 484 449 261 202 72 81 361 462 396 0 65 297 109 195 450 458 471 163 50 232 408 446 327 228 436 324 407 381 221 478 308 270 217 464 481 125 242 269 436 411 164 207 207 224 108 
363 388 79 232 389 261 139 334 295 73 269 118 186 150 496 0 163 164 265 86 127 246 161 76 465 304 437 335 461 143 265 69 456 153 305 187 492 272 277 81 66 300 300 341 437 156 336 306 271 308 
99 104 53 210 130 224 464 66 265 181 366 481 200 321 340 455 0 215 331 226 198 362 450 204 368 290 347 475 333 360 452 140 409 262 350 118 99 280 289 115 495 420 188 231 119 215 70 280 380 107 
212 284 175 161 439 494 158 285 468 197 144 175 494 259 387 343 328 0 436 329 323 258 79 242 396 261 67 317 488 53 197 95 215 187 220 83 125 213 398 117 387 94 211 268 87 177 155 136 211 297 
415 484 54 444 225 156 411 449 424 399 452 327 444 373 464 370 406 296 0 290 303 363 176 103 280 151 140 407 256 433 117 259 347 100 264 498 482 126 164 186 256 62 137 82 212 217 253 82 122 499 
322 132 361 204 392 140 305 483 254 60 171 321 270 225 128 240 222 109 72 0 336 453 279 105 296 67 267 463 270 299 292 475 120 130 335 275 472 182 79 454 386 297 332 206 273 56 284 219 228 100 
448 270 52 226 325 54 451 299 468 220 97 259 195 375 339 236 149 310 368 385 0 471 253 388 302 166 367 64 156 292 242 413 240 218 171 172 250 176 122 499 143 500 302 108 401 176 153 136 482 413 
211 123 139 170 217 147 286 84 161 149 82 109 61 272 485 390 151 234 65 223 439 0 365 222 240 423 329 367 75 416 348 194 126 421 491 246 138 344 239 379 456 94 411 271 105 390 255 201 491 195 
216 420 133 287 349 324 209 177 397 441 299 451 342 375 372 88 328 216 382 273 301 93 0 317 418 315 128 307 69 280 53 215 202 180 54 440 235 328 355 362 431 52 161 382 344 242 460 138 276 175 
470 255 182 63 71 99 328 357 113 103 136 323 268 288 453 273 434 394 307 289 256 238 291 0 123 119 341 71 78 429 54 410 398 259 91 167 488 347 445 344 166 255 430 440 229 424 148 452 358 493 
466 353 455 410 143 77 479 190 305 263 118 309 379 222 275 176 96 262 473 491 105 139 452 241 0 285 181 371 383 339 435 131 304 287 85 213 136 319 398 276 331 367 100 139 245 480 120 127 75 332 
100 272 143 396 224 90 180 355 412 269 193 346 351 204 133 386 123 426 412 228 409 242 301 459 87 0 253 194 158 330 219 196 380 442 290 482 372 330 161 433 448 381 332 294 438 486 133 79 316 58 
441 494 417 182 50 132 427 253 276 84 83 202 230 413 350 226 395 221 263 262 360 210 349 191 210 286 0 384 293 316 406 58 256 155 181 145 155 470 71 359 246 312 392 154 492 60 454 425 161 381 
187 374 240 103 222 137 264 215 471 263 481 376 478 443 481 159 294 343 128 315 201 80 333 92 184 81 102 0 344 456 421 431 349 294 170 158 222 465 128 143 191 342 330 274 75 273 461 184 66 303 
470 88 454 256 371 252 147 402 61 197 113 432 128 168 432 455 277 360 419 355 454 110 403 283 334 429 262 294 0 319 486 97 495 73 257 251 150 460 104 259 471 251 78 158 329 197 89 284 424 399 
202 485 108 469 388 342 302 316 310 303 341 295 106 336 74 69 86 382 479 140 347 205 341 375 313 377 278 108 160 0 201 458 68 393 272 488 280 113 496 302 374 298 142 375 110 428 400 130 220 281 
108 66 127 471 114 452 283 441 230 342 100 137 55 118 236 277 312 466 97 308 474 177 312 323 51 373 250 401 453 177 0 181 267 193 465 237 464 173 227 404 109 275 210 196 280 486 139 263 297 104 
310 104 285 193 367 107 195 446 63 302 398 190 190 371 90 154 108 53 277 492 164 92 266 324 446 252 309 84 221 313 345 0 238 367 129 381 440 186 282 385 407 84 489 303 431 360 99 84 174 103 
68 372 424 110 344 247 55 95 263 89 266 75 385 454 148 220 91 295 357 323 179 470 113 375 272 494 234 322 285 114 131 303 0 436 54 119 279 458 332 80 220 127 52 452 218 213 100 389 254 345 
452 283 230 421 347 104 192 340 495 464 124 315 301 133 250 305 410 235 263 241 265 189 74 475 348 243 187 398 131 391 449 82 380 0 385 209 226 196 351 273 190 71 103 456 78 187 412 334 303 354 
303 250 118 198 274 299 496 467 436 149 304 82 304 92 413 189 251 345 335 309 117 231 86 171 393 114 64 305 154 317 365 163 66 433 0 312 497 439 63 220 374 370 474 407 173 273 75 312 474 370 
353 489 438 291 74 315 183 346 329 194 206 352 58 320 124 198 338 120 136 351 290 460 220 471 122 344 243 147 362 423 224 422 412 368 212 0 192 182 345 244 461 246 401 312 254 220 386 402 57 212 
488 114 209 204 285 179 276 335 372 130 403 294 60 324 412 378 242 104 59 294 298 470 490 198 488 243 124 129 352 131 291 339 403 450 249 187 0 335 476 228 206 312 130 207 322 161 118 199 109 379 
415 353 177 384 342 81 127 292 363 413 143 200 203 188 102 360 388 446 401 119 173 107 137 461 471 165 328 295 314 387 174 435 447 57 318 495 295 0 151 493 157 63 135 308 423 481 360 489 368 306 
390 193 185 203 280 352 173 395 179 174 415 273 298 349 426 61 373 420 307 474 413 414 243 254 221 165 234 288 154 308 300 494 451 435 403 230 494 75 0 124 172 199 489 151 204 93 283 215 416 203 
472 389 322 142 131 282 69 454 223 307 107 481 313 307 188 455 209 368 448 441 199 326 346 394 184 256 438 417 422 353 326 149 449 354 448 286 136 468 239 0 65 481 52 252 294 309 390 455 224 465 
402 371 370 434 424 470 117 179 407 485 307 467 66 163 171 371 110 407 213 284 146 228 265 355 186 265 371 283 219 94 247 327 172 323 467 95 292 84 431 406 0 275 445 128 291 107 249 368 374 362 
80 158 214 465 373 69 151 344 390 384 269 190 337 302 312 366 268 113 157 302 251 269 283 195 347 281 459 302 148 332 164 386 440 84 350 68 103 207 118 443 297 0 337 340 340 138 358 205 357 178 
313 365 379 288 355 280 135 342 238 143 440 276 464 81 423 499 138 441 101 295 266 251 299 102 90 138 398 154 294 461 282 313 81 367 100 386 146 392 227 90 486 374 0 317 205 161 446 203 249 142 
462 251 358 212 500 411 459 344 64 319 137 475 101 156 55 418 414 148 271 305 81 311 497 161 334 202 273 279 111 472 128 72 429 436 441 428 102 155 479 116 425 322 297 0 232 429 59 149 342 157 
126 353 395 388 106 263 428 465 486 414 75 213 492 305 142 427 452 276 236 314 254 302 238 76 99 176 211 108 275 259 422 352 318 72 446 374 285 129 338 477 493 120 397 240 0 131 245 374 82 471 
109 346 432 117 290 214 373 172 131 187 154 340 108 212 157 338 157 238 329 443 75 306 192 352 409 382 433 153 462 222 330 70 274 468 138 64 181 461 393 469 148 497 64 413 208 0 172 457 71 360 
286 465 141 298 156 444 206 488 132 65 450 304 345 226 78 313 70 299 200 238 191 169 92 188 183 455 346 61 168 368 127 160 88 426 408 194 125 320 388 207 335 337 462 386 270 246 0 198 290 495 
105 478 392 431 69 79 320 231 132 332 349 206 165 459 244 90 122 144 372 148 482 79 433 75 247 74 295 443 223 84 193 485 269 291 415 495 77 234 225 159 272 280 71 388 445 472 184 0 66 115 
56 371 96 292 59 328 245 84 122 394 464 364 86 448 339 327 118 333 354 58 58 219 281 495 447 375 440 418 265 212 239 271 83 493 269 92 320 464 333 149 357 296 219 149 243 57 427 67 0 340 
487 76 104 413 307 99 359 388 245 484 152 407 429 130 196 177 349 446 448 69 278 303 376 281 472 476 230 479 158 248 74 351 274 129 263 287 385 329 174 336 68 276 449 447 112 145 124 412 297 0 

764 0 48
764 1 43
764 2 20
764 3 0
764 4 8
764 5 38
764 6 34
764 7 14
764 8 30
764 9 30
764 10 28
764 11 19
764 12 3
764 13 4
764 14 30
764 15 27
764 16 22
764 17 14
764 18 8
764 19 35
764 20 35
764 21 47
764 22 43
764 23 19
764 24 43
764 25 21
764 26 1
764 27 35
764 28 23
764 29 10
764 30 26
764 31 27
764 32 4
764 33 2
764 34 27
764 35 12
764 36 41
764 37 17
764 38 32
764 39 22
764 40 47
764 41 11
764 42 46
764 43 1
764 44 15
764 45 27
764 46 34
764 47 43
764 48 46
764 49 42

