50 50 4

0 399 298 270 261 479 240 377 263 306 141 373 334 473 481 431 402 252 343 383 274 296 224 406 297 437 240 399 139 437 86 94 335 90 314 302 68 53 385 282 65 476 361 350 204 341 487 105 299 329 
195 0 280 331 125 185 128 61 131 233 151 274 269 195 315 65 215 324 291 218 208 279 234 391 139 290 94 187 276 357 192 311 51 422 142 126 314 427 137 395 159 238 376 135 139 190 150 304 464 147 
229 379 0 376 413 269 222 409 69 115 184 376 257 445 377 386 293 209 199 219 297 300 85 241 175 170 87 316 477 341 486 124 69 364 206 188 132 134 96 152 199 437 234 163 138 111 499 381 477 404 
307 480 203 0 342 428 329 218 465 351 194 61 336 475 288 407 181 426 245 472 229 103 378 372 288 491 460 105 245 97 81 148 110 61 301 158 195 336 326 159 393 470 170 436 445 408 342 332 90 86 
303 476 140 180 0 347 378 377 63 189 121 317 220 219 377 438 227 485 132 62 66 448 406 486 325 341 186 232 389 468 479 425 478 210 271 157 57 355 241 277 494 312 93 421 238 176 358 415 367 197 
183 383 144 88 124 0 419 135 261 358 230 435 92 362 412 253 132 276 467 438 467 450 187 485 249 107 222 375 172 136 448 75 270 86 169 64 160 295 357 127 359 86 62 401 398 180 360 237 406 82 
174 372 482 311 357 230 0 125 285 311 247 372 258 272 348 50 147 362 368 148 425 445 213 218 213 114 115 344 180 302 249 213 182 328 401 200 391 131 275 175 392 228 253 357 206 100 113 59 169 431 
365 93 132 77 261 51 348 0 83 345 479 91 301 398 431 335 298 130 432 379 111 313 478 496 66 90 201 323 360 417 198 291 281 242 129 309 209 130 156 449 182 341 247 189 238 177 474 243 257 161 
328 74 424 305 69 440 101 427 0 470 168 343 167 409 331 115 244 346 482 324 208 430 212 500 383 351 444 59 80 186 473 191 465 497 115 476 65 261 284 198 437 402 248 104 66 78 169 260 374 357 
290 288 287 453 287 376 59 438 386 0 90 330 358 438 294 355 259 477 126 471 467 275 407 368 473 217 140 257 93 106 337 400 346 124 393 54 118 269 64 55 154 311 335 462 248 336 72 458 68 149 
184 241 130 297 315 309 465 405 65 57 0 461 352 407 62 426 56 274 250 275 288 255 379 98 297 96 52 339 326 460 113 181 350 304 261 147 118 69 111 473 84 325 189 142 438 408 274 444 181 475 
425 419 436 303 223 232 106 433 277 382 148 0 340 269 449 350 480 95 418 255 363 146 496 187 492 137 331 400 361 482 80 91 406 206 478 416 135 416 228 67 193 109 166 239 328 114 89 63 366 213 
268 228 310 470 121 57 106 158 407 173 139 194 0 422 496 350 399 167 435 314 345 209 213 160 81 403 194 352 198 207 217 361 181 395 377 150 222 385 413 330 291 292 420 435 213 171 491 318 288 182 
132 132 341 51 242 128 404 386 430 308 299 146 169 0 430 247 252 286 419 136 405 248 134 196 167 275 116 288 266 384 282 154 222 120 201 431 68 279 90 404 208 349 409 60 224 94 257 426 330 175 
62 234 373 146 137 247 127 410 241 343 500 474 447 429 0 93 147 359 319 132 399 222 290 247 338 300 421 382 263 103 419 388 115 359 468 418 202 214 495 111 405 94 111 134 247 246 385 101 104 203 
183 209 131 180 163 419 186 290 57 400 343 426 494 164 284 0 461 288 437 174 490 254 286 290 71 370 487 267 254 294 77 407 184 237 245 70 106 163 413 346 170 312 396 302 62 59 293 473 54 436 
354 494 189 139 283 211 459 476 184 420 270 212 82 404 155 277 0 180 211 147 92 263 267 111 365 276 123 131 68 95 135 454 155 128 142 244 361 59 410 336 194 329 312 112 117 422 217 345 101 134 
442 144 103 415 412 419 190 485 500 208 286 134 161 392 419 461 135 0 486 470 495 77 163 79 340 225 147 468 148 198 69 439 139 370 493 260 281 167 401 472 166 315 257 457 183 148 375 143 441 116 
112 191 143 433 221 433 364 74 401 219 222 176 157 67 252 356 484 483 0 473 140 210 345 406 417 301 88 272 382 181 212 448 450 353 298 382 280 437 453 60 337 171 439 219 485 212 421 341 196 159 
313 286 319 158 398 443 165 436 214 254 323 376 408 273 435 205 361 422 142 0 313 432 185 190 127 355 175 289 482 466 191 141 485 428 166 142 325 108 258 468 272 218 290 354 125 269 496 281 130 173 
373 149 311 57 497 388 118 171 384 100 343 74 398 327 208 270 176 484 329 140 0 207 307 308 203 368 383 423 119 163 259 242 242 114 52 457 110 391 74 438 274 331 487 54 435 70 213 205 196 403 
240 286 109 253 93 262 327 182 391 396 296 149 137 244 214 140 200 481 237 225 175 0 217 262 368 221 197 388 384 108 83 286 298 75 345 257 325 314 84 458 204 430 460 60 67 203 431 364 110 411 
100 492 292 474 253 160 194 156 498 78 214 288 70 218 313 122 426 345 386 216 302 296 0 145 468 306 369 170 236 439 437 354 245 428 145 218 181 462 363 287 216 147 208 454 374 376 473 446 57 317 
87 223 325 334 75 292 346 394 169 82 333 105 386 284 484 237 453 371 406 71 364 121 375 0 71 281 248 398 460 401 161 484 438 335 308 478 360 307 324 460 182 112 499 444 204 283 183 391 442 53 
296 463 368 123 337 145 354 291 493 70 191 361 53 336 402 67 313 468 324 343 427 212 405 182 0 156 108 171 289 206 112 500 208 74 367 489 117 462 342 358 211 118 256 278 121 91 179 139 110 146 
169 160 279 88 271 411 194 330 81 189 242 350 188 156 130 261 144 404 430 193 469 347 261 224 124 0 89 472 253 178 81 349 53 191 127 91 169 245 442 205 483 131 397 89 476 52 169 237 354 73 
373 497 492 219 464 422 293 52 393 496 387 180 100 391 78 384 188 197 335 337 352 318 174 248 357 149 0 457 232 92 66 255 415 62 453 340 233 374 132 235 473 334 122 153 140 219 181 475 357 328 
65 400 179 333 73 133 396 173 296 128 422 69 89 93 288 249 383 471 122 222 206 302 262 485 405 353 203 0 292 83 266 119 98 166 455 138 189 294 484 68 296 318 441 315 114 484 103 313 122 73 
141 294 436 393 263 420 297 115 122 88 355 339 364 403 211 74 247 350 318 438 369 321 255 65 135 319 255 395 0 338 327 419 430 328 110 322 90 481 326 362 102 120 216 147 435 325 308 215 72 365 
240 460 233 60 214 455 352 240 209 247 77 486 372 213 69 432 486 316 412 67 177 221 137 343 74 278 168 333 444 0 397 197 183 356 136 193 276 90 495 466 249 448 250 441 319 413 217 458 154 483 
369 171 367 296 466 416 321 243 290 360 186 186 56 319 492 349 218 475 145 420 196 344 367 152 491 393 65 414 350 376 0 153 218 254 470 221 219 385 492 412 382 351 98 67 113 123 266 168 292 240 
263 418 142 313 284 245 59 176 467 424 232 342 76 157 95 252 328 264 343 319 383 224 376 431 449 195 260 214 313 258 160 0 75 175 252 94 410 447 103 292 413 477 231 462 259 338 56 461 165 478 
304 190 360 478 272 497 426 417 256 346 229 465 212 461 139 171 54 255 324 314 254 237 291 435 405 256 272 167 217 143 351 227 0 490 210 411 261 413 93 384 169 389 319 340 308 279 185 429 490 391 
252 303 351 195 300 492 99 263 470 424 430 112 274 363 101 435 273 68 347 316 402 222 412 220 268 219 205 404 354 401 50 105 203 0 351 251 210 342 56 423 311 430 108 129 204 421 387 345 400 405 
398 423 306 327 334 232 94 259 387 448 112 287 448 374 196 298 331 112 346 338 241 156 267 299 442 177 426 328 472 82 232 126 455 244 0 403 495 182 447 253 68 395 71 61 342 151 415 347 433 477 
192 270 425 55 243 223 447 127 356 275 98 388 213 381 98 408 283 92 296 230 51 315 331 279 82 172 380 203 225 312 387 124 81 311 129 0 482 240 282 108 302 263 363 189 427 244 444 90 233 486 
336 413 243 357 243 472 146 122 352 299 53 370 185 127 402 202 413 139 393 195 197 194 408 266 90 90 460 240 130 193 226 173 312 419 480 262 0 147 332 90 449 131 93 74 473 378 426 175 290 271 
274 435 174 174 99 391 421 346 106 161 427 456 93 306 268 218 492 236 315 324 276 470 405 75 495 133 403 176 465 400 398 445 90 71 326 346 168 0 246 192 225 113 325 180 156 130 154 325 121 340 
139 395 322 109 55 104 310 346 213 436 310 112 89 462 360 318 287 205 436 483 347 367 96 171 498 409 251 358 233 79 405 323 424 433 138 186 487 154 0 482 407 89 498 225 129 459 84 397 452 447 
88 435 293 406 237 171 159 145 128 467 85 157 127 358 288 60 202 424 253 306 161 366 101 365 91 387 80 332 283 482 278 78 416 278 434 359 155 299 211 0 233 472 246 341 99 310 335 316 218 465 
275 474 125 141 281 440 389 168 470 220 157 452 205 185 123 189 325 189 294 123 350 477 302 302 73 351 111 358 373 279 322 147 459 153 445 239 300 333 357 269 0 260 221 427 171 356 257 310 388 396 
103 217 452 286 469 253 310 75 70 374 398 299 196 252 257 55 403 202 305 236 266 74 202 437 207 323 499 170 339 142 272 148 310 223 384 278 182 193 60 202 274 0 408 207 420 366 170 425 269 79 
230 211 295 461 119 438 374 392 192 495 437 285 266 84 94 196 418 78 84 318 88 444 91 203 150 217 68 478 348 494 56 284 204 301 451 273 445 325 371 136 75 307 0 371 498 341 415 193 466 200 
228 283 238 171 80 147 478 454 166 455 301 159 217 292 70 468 242 500 412 273 371 255 298 384 125 296 432 247 195 397 397 373 386 341 250 416 439 435 369 311 145 376 176 0 313 167 196 487 116 196 
399 339 273 153 344 156 435 139 87 181 284 190 284 364 75 125 320 197 63 461 272 80 106 148 206 369 472 109 355 87 255 460 377 234 319 427 96 461 65 134 141 55 481 376 0 125 56 451 152 410 
220 112 182 250 375 487 162 450 458 221 61 496 182 227 128 366 253 54 413 213 276 253 304 488 233 386 320 446 92 422 356 262 240 488 218 322 474 87 271 187 258 282 389 391 216 0 467 463 419 227 
375 131 209 334 385 197 67 271 467 463 313 388 74 282 334 268 206 155 241 450 133 135 208 121 474 305 287 197 267 205 374 349 286 83 182 378 230 406 355 403 125 374 497 149 362 330 0 368 275 192 
315 224 275 400 138 102 130 393 340 277 367 251 150 215 244 390 347 328 326 460 182 228 84 262 431 183 124 261 257 105 159 72 279 140 178 368 192 258 467 238 485 333 440 342 498 183 438 0 101 461 
264 60 349 198 94 110 336 434 391 303 191 446 412 213 225 51 341 299 400 306 265 138 497 98 77 338 302 417 483 109 377 453 119 432 150 370 492 192 304 383 445 445 84 356 364 259 113 411 0 264 
464 216 480 101 213 284 335 257 292 251 239 352 334 191 177 265 499 498 463 190 301 101 135 245 136 197 108 101 261 469 316 431 392 51 238 311 492 72 67 283 480 464 341 313 361 469 284 359 466 0 

766.75 0 44
766.75 1 27
766.75 2 7
766.75 3 26
766.75 4 29
766.75 5 48
766.75 6 19
766.75 7 0
766.75 8 13
766.75 9 33
766.75 10 37
766.75 11 19
766.75 12 42
766.75 13 5
766.75 14 33
766.75 15 16
766.75 16 4
766.75 17 18
766.75 18 38
766.75 19 48
766.75 20 31
766.75 21 24
766.75 22 20
766.75 23 46
766.75 24 25
766.75 25 28
766.75 26 1
766.75 27 28
766.75 28 48
766.75 29 41
766.75 30 37
766.75 31 0
766.75 32 24
766.75 33 0
766.75 34 31
766.75 35 4
766.75 36 4
766.75 37 1
766.75 38 9
766.75 39 22
766.75 40 39
766.75 41 47
766.75 42 43
766.75 43 33
766.75 44 3
766.75 45 26
766.75 46 5
766.75 47 13
766.75 48 1
766.75 49 0

