50 50 3

0 198 488 159 364 459 318 423 489 308 104 363 377 339 331 333 64 187 353 184 448 263 60 289 82 494 488 241 293 302 81 307 450 68 172 314 233 440 443 428 454 497 497 331 91 327 370 312 221 222 
447 0 375 191 457 371 430 206 114 378 206 366 409 463 315 183 134 335 366 73 278 293 478 481 290 64 72 323 384 334 494 312 280 125 453 443 446 139 149 59 467 61 375 375 474 396 264 107 231 129 
337 459 0 128 314 439 124 328 461 398 418 51 391 229 281 222 182 431 167 478 286 176 444 297 257 74 270 153 288 83 334 123 370 499 201 391 193 276 218 361 173 136 362 270 315 349 443 203 279 109 
180 64 443 0 330 67 199 354 287 58 348 76 98 421 397 96 122 287 447 348 211 307 227 53 375 203 75 223 145 435 453 412 115 223 110 151 241 466 456 234 475 303 261 72 431 364 326 52 357 272 
106 67 285 283 0 71 159 192 303 332 288 237 491 406 58 214 466 160 161 431 322 101 161 331 312 184 261 382 460 263 238 438 75 256 222 64 484 331 207 286 162 201 473 360 106 482 280 278 348 391 
415 169 198 283 450 0 217 417 211 98 132 180 287 276 206 249 448 220 439 485 377 224 353 284 403 212 96 140 442 80 438 88 446 106 237 435 56 404 107 424 208 189 103 445 171 259 400 325 186 338 
309 269 61 161 53 171 0 80 99 261 472 130 199 267 282 462 454 423 468 113 480 147 271 168 201 423 496 166 322 320 302 160 128 278 378 446 488 499 476 86 260 204 373 165 421 361 126 374 283 301 
193 262 398 414 136 305 92 0 131 422 365 157 430 475 442 207 352 388 194 107 119 438 317 273 66 188 193 134 471 273 367 271 416 336 376 86 178 180 128 467 101 199 123 238 173 65 395 232 159 296 
289 228 440 312 452 212 206 144 0 296 176 124 370 398 490 412 273 282 89 159 117 55 211 266 336 399 146 107 500 328 216 51 323 394 197 341 101 360 497 196 362 172 270 438 276 466 349 255 455 389 
365 71 150 75 494 192 180 139 249 0 386 173 415 388 446 65 84 286 116 150 489 469 463 161 445 400 143 167 456 349 121 344 213 349 200 445 342 343 331 432 298 216 311 420 310 257 435 345 249 257 
201 238 226 163 105 377 270 198 494 225 0 497 114 275 416 169 181 116 462 230 153 149 479 320 410 398 129 373 88 180 122 295 332 310 471 201 365 348 177 62 97 352 266 369 333 388 488 465 211 205 
401 314 304 379 340 421 483 176 293 70 306 0 365 316 344 381 493 496 452 96 379 221 144 231 193 463 270 80 206 441 448 362 342 262 372 427 101 292 410 227 292 186 240 363 452 290 244 201 285 402 
454 164 329 97 101 472 266 77 259 179 469 206 0 491 66 174 362 443 226 361 108 159 152 245 105 465 403 346 415 103 337 73 57 207 352 311 465 324 284 493 289 413 217 445 159 233 119 227 175 51 
87 234 367 396 185 179 361 87 475 482 348 311 54 0 111 225 357 372 189 387 155 181 175 274 104 326 383 287 151 110 413 359 354 353 226 250 488 111 317 281 85 298 128 102 303 189 277 366 268 173 
459 129 60 133 354 115 165 443 352 474 259 471 332 113 0 323 264 69 66 325 336 298 360 340 132 169 349 272 152 214 490 275 172 325 286 462 178 351 334 328 409 307 86 380 138 149 409 109 375 182 
384 210 430 451 50 268 326 349 246 428 270 442 203 148 267 0 195 110 151 496 150 429 404 407 466 490 251 321 399 310 196 80 194 112 216 351 112 190 176 168 387 103 144 328 463 242 94 157 58 196 
359 158 331 470 271 296 459 473 117 113 282 470 350 182 81 272 0 483 144 413 365 469 299 175 112 333 137 60 134 452 69 487 310 384 317 279 155 113 238 127 387 57 359 356 358 248 387 129 437 237 
492 302 412 497 183 230 86 477 241 170 428 467 363 238 350 179 223 0 455 449 167 288 91 175 354 397 483 101 491 318 488 434 66 496 102 62 178 282 305 155 473 425 289 439 287 477 496 173 200 206 
121 73 445 163 198 298 266 387 349 463 205 92 153 221 88 205 440 216 0 193 245 77 166 376 317 311 370 500 62 493 406 219 320 430 163 189 127 167 162 465 466 331 376 57 434 303 302 345 242 469 
489 193 252 361 69 68 378 145 275 391 137 180 109 163 109 429 59 394 95 0 171 114 267 452 440 481 142 242 283 193 190 458 388 334 209 248 109 435 333 204 209 430 498 95 489 367 155 173 376 255 
218 497 319 435 205 258 415 53 450 197 403 139 361 291 179 70 245 238 211 77 0 148 126 457 145 171 201 219 483 324 94 237 248 298 55 389 209 263 304 212 419 207 321 265 275 111 394 295 307 339 
212 90 437 288 254 289 409 161 458 148 192 258 335 390 55 341 279 214 310 289 132 0 436 202 404 407 427 465 56 428 478 345 139 275 489 133 479 484 249 346 441 347 488 198 181 378 411 228 363 331 
245 358 414 180 59 73 86 193 244 299 327 222 144 173 203 339 256 388 322 455 233 469 0 301 221 166 189 98 283 367 167 114 111 475 478 448 240 257 240 139 451 490 417 379 340 89 81 178 51 419 
450 213 152 418 464 323 290 359 127 280 226 244 344 494 425 77 442 371 284 388 461 234 377 0 133 113 423 379 144 100 380 270 256 92 372 380 263 401 377 328 234 156 53 428 450 254 108 477 402 429 
260 289 145 200 373 228 263 295 106 114 102 193 334 308 442 412 395 204 68 271 483 252 133 242 0 386 289 202 444 265 103 128 231 343 224 137 215 402 351 216 215 171 268 358 211 76 299 329 177 210 
347 154 399 98 237 347 190 476 500 133 447 102 418 384 395 141 471 316 250 77 483 415 198 250 479 0 115 483 277 394 366 193 447 470 91 251 206 389 391 388 388 230 334 440 148 217 91 446 188 113 
195 422 95 316 120 52 294 392 241 278 286 107 421 232 76 219 190 440 107 80 327 201 261 368 347 359 0 84 144 60 429 208 206 351 460 228 177 462 473 68 410 457 60 467 133 450 493 302 139 188 
115 169 466 473 136 333 320 201 123 414 212 259 328 368 316 288 95 443 456 274 217 365 437 228 331 277 177 0 80 285 266 218 351 141 390 79 228 429 105 135 259 470 297 468 53 371 283 291 173 432 
247 153 148 111 90 82 149 317 416 386 101 181 310 158 480 200 395 414 335 450 499 93 175 296 60 179 166 500 0 176 289 187 373 393 493 191 189 74 497 212 441 382 470 328 398 128 63 97 229 427 
139 178 426 182 304 428 400 189 93 155 315 89 293 395 188 285 292 83 65 288 245 212 376 214 491 273 499 53 77 0 227 431 166 112 112 298 122 490 404 261 289 59 282 328 58 176 222 500 418 255 
64 412 206 227 287 127 424 60 332 427 87 59 113 203 328 382 207 400 371 318 367 160 83 148 194 91 482 123 297 155 0 84 67 67 241 244 304 74 374 314 356 57 107 121 327 260 399 209 174 298 
79 442 371 396 231 226 297 479 207 126 275 312 160 292 329 107 243 340 131 116 153 438 123 418 58 401 384 164 316 57 168 0 101 205 490 204 386 215 451 120 128 76 345 390 393 137 426 451 86 265 
288 152 124 225 433 492 441 89 132 104 355 346 222 162 51 418 316 143 132 473 214 417 499 265 63 148 108 439 98 144 410 336 0 454 240 268 386 439 208 181 70 469 242 366 397 354 123 315 170 424 
153 142 137 70 348 108 290 446 167 228 250 261 344 292 214 83 59 306 472 424 437 248 148 178 114 496 239 187 66 359 110 376 207 0 404 396 261 463 392 413 336 119 162 96 413 161 468 203 170 480 
381 301 173 129 399 57 193 150 246 86 166 311 354 493 225 257 144 436 426 487 349 261 312 217 64 432 84 238 134 205 217 465 212 96 0 93 110 104 443 211 300 480 83 111 333 75 286 296 170 428 
429 363 483 396 174 407 410 105 441 354 189 352 278 361 63 324 160 124 378 103 492 385 289 74 202 328 307 194 123 427 121 258 289 311 154 0 169 217 63 225 157 124 120 460 352 431 229 382 298 303 
260 107 50 351 346 282 52 380 88 196 209 465 474 418 460 284 71 335 451 291 59 315 365 130 274 423 267 209 61 271 463 478 328 219 328 380 0 451 330 259 489 476 419 209 449 92 375 440 113 210 
390 110 219 204 426 55 184 104 480 344 115 457 62 92 285 438 126 164 389 406 130 133 137 255 293 293 297 167 232 116 327 328 176 253 483 308 465 0 373 363 200 423 184 157 435 434 392 373 59 262 
468 172 98 100 259 303 343 258 99 217 440 372 250 268 499 209 457 306 174 85 375 324 459 59 431 149 199 78 228 208 291 195 330 339 453 296 349 51 0 53 154 218 200 477 175 418 475 334 130 487 
458 165 362 489 123 127 175 430 276 204 157 190 201 59 471 246 462 266 94 463 476 199 388 175 175 62 92 356 346 379 342 60 495 410 255 324 487 380 460 0 262 83 117 403 234 333 129 187 294 101 
231 463 76 136 350 202 468 118 451 323 171 86 372 181 80 281 142 110 268 472 277 236 55 344 345 446 383 180 132 176 231 70 345 258 156 195 166 331 470 323 0 153 140 359 231 478 145 463 119 413 
437 91 189 379 303 239 431 455 121 110 294 454 292 70 298 256 383 443 372 213 413 401 317 259 260 254 237 355 423 62 267 115 103 162 445 112 351 131 274 422 191 0 274 375 189 294 173 395 176 322 
473 340 441 374 363 407 340 116 143 194 246 155 168 311 416 280 462 234 338 92 458 259 441 231 341 129 231 220 475 358 248 203 404 396 76 266 302 366 88 151 267 284 0 463 141 302 378 371 263 319 
415 62 483 381 453 421 221 288 151 147 262 215 101 416 118 447 198 334 455 271 373 105 244 363 68 335 164 152 412 134 177 327 146 160 207 305 80 134 92 388 231 61 103 0 489 183 171 436 87 456 
390 308 84 202 51 153 427 92 475 285 455 108 413 488 411 72 194 422 309 485 464 196 422 231 456 410 364 127 345 402 289 442 416 323 350 174 182 276 216 156 267 377 214 179 0 364 331 408 57 252 
423 492 423 119 413 153 281 323 468 358 374 125 146 71 491 175 127 371 308 109 87 414 327 414 335 456 278 372 120 492 124 493 240 497 318 152 356 99 181 323 407 262 154 53 490 0 352 385 117 222 
192 176 259 313 453 380 354 165 364 225 235 355 299 227 301 51 252 160 358 301 291 387 207 259 492 417 249 99 302 72 271 200 405 237 463 114 116 316 229 186 248 170 247 253 103 499 0 462 305 158 
319 105 155 412 470 365 159 142 320 208 394 98 430 301 453 166 263 66 439 286 452 331 240 328 77 443 138 75 404 393 183 429 205 289 341 381 360 450 473 386 365 123 434 294 374 386 166 0 343 159 
311 128 317 141 318 145 375 468 440 401 371 332 290 300 243 285 347 330 144 296 303 480 160 376 169 160 456 55 483 298 371 293 133 187 140 401 489 466 368 428 122 446 467 362 245 416 354 91 0 246 
448 93 499 184 411 130 303 277 292 64 260 89 385 259 172 279 106 280 267 71 354 402 350 299 368 211 250 283 64 291 235 219 91 440 109 208 276 118 191 67 133 401 107 224 367 436 453 423 215 0 

732.75 0 37
732.75 1 43
732.75 2 34
732.75 3 48
732.75 4 10
732.75 5 44
732.75 6 29
732.75 7 24
732.75 8 25
732.75 9 11
732.75 10 0
732.75 11 3
732.75 12 43
732.75 13 8
732.75 14 11
732.75 15 47
732.75 16 2
732.75 17 25
732.75 18 3
732.75 19 20
732.75 20 23
732.75 21 8
732.75 22 13
732.75 23 37
732.75 24 21
732.75 25 43
732.75 26 18
732.75 27 2
732.75 28 26
732.75 29 6
732.75 30 38
732.75 31 14
732.75 32 0
732.75 33 28
732.75 34 13
732.75 35 10
732.75 36 29
732.75 37 42
732.75 38 40
732.75 39 10
732.75 40 5
732.75 41 40
732.75 42 18
732.75 43 4
732.75 44 4
732.75 45 35
732.75 46 2
732.75 47 6
732.75 48 11
732.75 49 10

