50 50 3

0 120 460 78 176 162 425 61 462 333 213 116 281 346 191 101 342 147 382 266 243 402 247 324 493 481 396 181 470 313 82 334 383 248 119 265 360 494 483 78 83 195 144 70 491 492 328 88 138 210 
61 0 331 318 258 361 311 445 256 198 415 275 230 455 158 185 73 129 495 274 112 279 307 464 373 83 455 121 361 493 209 70 53 247 339 469 107 356 413 70 53 327 295 440 282 159 124 61 239 326 
285 57 0 104 298 471 428 87 425 499 399 174 414 175 384 367 220 352 425 75 472 201 285 298 446 225 286 105 55 298 50 331 289 57 386 87 234 69 124 366 274 229 490 394 111 129 261 281 188 392 
63 159 92 0 298 163 244 229 400 299 235 404 55 65 192 269 157 436 454 383 267 319 156 446 64 50 56 143 468 495 488 359 57 353 157 305 467 351 241 122 357 426 476 362 197 167 131 305 103 84 
394 320 109 50 0 472 123 257 235 423 431 229 411 289 236 263 396 247 436 246 438 57 102 119 239 171 267 357 252 278 166 493 171 192 308 378 370 381 341 104 303 271 490 420 266 432 390 161 386 81 
114 323 296 373 149 0 485 250 122 97 452 350 420 200 227 111 458 105 188 94 152 242 104 374 439 230 139 370 119 458 255 151 278 285 153 150 384 137 107 212 185 265 61 104 416 445 373 129 256 60 
381 359 459 435 232 153 0 164 77 474 441 241 435 298 469 219 401 326 309 488 383 471 379 147 238 190 269 390 269 349 145 486 436 210 444 370 148 97 240 176 277 387 367 211 184 336 137 291 368 396 
486 250 123 120 347 67 260 0 116 407 479 171 52 464 106 212 164 182 311 418 128 193 401 222 266 111 356 308 405 354 175 57 339 375 130 409 429 147 376 251 54 110 372 263 74 184 181 395 72 198 
68 357 341 419 78 107 236 141 0 365 141 445 491 148 490 121 435 154 500 288 480 250 292 90 328 261 321 218 393 215 447 90 233 304 138 358 88 195 93 386 266 391 86 463 489 75 84 179 180 290 
418 366 247 416 162 281 177 433 450 0 276 354 152 316 293 162 404 150 201 305 401 293 71 291 330 240 487 355 274 165 241 271 82 314 468 205 426 248 332 115 404 314 419 56 129 212 168 240 68 75 
495 419 319 272 210 355 463 196 416 443 0 67 157 213 307 177 387 462 102 342 500 167 245 313 293 458 148 211 333 338 229 114 89 355 139 67 271 444 236 173 360 179 190 223 98 203 350 192 164 158 
484 370 483 435 182 275 393 281 436 432 325 0 371 496 120 225 135 345 202 285 80 325 144 416 222 73 221 375 129 363 490 445 346 359 427 487 248 408 379 235 99 310 266 420 62 337 352 147 388 53 
138 418 329 440 90 50 463 468 375 299 330 120 0 243 382 186 376 368 384 283 454 118 332 470 334 458 482 377 309 335 264 69 424 389 348 363 185 104 81 152 185 330 188 256 72 276 392 398 143 482 
387 303 99 218 273 139 383 254 223 191 296 437 210 0 219 81 264 81 216 74 112 74 210 149 212 172 171 438 270 276 288 251 162 297 56 87 69 145 420 481 318 317 276 462 478 201 493 448 439 416 
473 257 440 182 356 359 60 234 52 280 460 290 237 328 0 294 243 121 313 94 491 500 119 308 482 80 492 389 279 195 327 401 167 84 97 55 146 162 65 330 164 51 496 161 238 80 405 187 151 424 
439 349 424 57 363 161 294 110 50 72 255 327 180 129 117 0 227 134 421 95 357 457 209 358 209 320 303 239 431 196 96 355 134 151 485 141 220 145 385 280 352 164 486 179 50 321 453 434 405 373 
479 261 86 187 326 245 214 335 190 351 237 236 205 322 94 396 0 169 264 492 261 495 343 131 236 228 131 56 388 64 167 467 249 135 52 142 411 247 306 452 143 157 188 86 68 460 130 415 336 344 
162 96 94 211 177 487 146 258 249 484 479 367 450 434 452 209 75 0 118 162 88 276 256 195 414 292 420 130 372 90 416 422 409 218 223 120 345 209 216 309 165 406 494 482 111 427 189 270 452 464 
383 490 239 138 391 152 380 67 439 458 107 354 135 467 71 64 293 122 0 431 215 137 95 120 130 283 181 263 178 402 215 141 491 411 330 128 302 188 214 75 127 378 132 187 219 305 416 234 97 244 
164 262 332 209 88 412 198 427 175 326 84 96 417 74 457 453 359 465 140 0 279 490 424 156 329 111 81 133 233 265 388 427 379 356 258 294 151 377 442 77 258 267 111 60 390 342 223 342 200 188 
433 429 384 356 291 212 173 322 52 112 294 146 490 379 208 454 173 309 86 321 0 92 50 295 153 60 184 445 441 477 351 128 165 279 218 227 276 381 351 305 139 169 98 442 365 427 149 319 306 409 
111 334 451 319 128 311 85 262 462 476 238 313 103 353 298 272 80 74 359 137 329 0 204 256 133 145 121 266 244 146 279 359 414 112 66 232 190 83 268 402 495 243 347 307 53 199 105 482 436 336 
96 72 371 250 486 454 345 106 219 295 409 448 361 322 266 377 54 406 166 479 308 160 0 221 154 174 431 59 436 412 446 271 458 224 141 207 209 94 258 472 470 260 136 174 120 165 390 203 169 52 
319 354 310 185 281 170 309 212 386 244 123 87 221 81 262 312 445 177 112 410 356 289 169 0 198 413 239 313 58 392 188 60 417 492 76 101 273 403 117 435 289 311 57 326 239 295 294 50 447 178 
113 356 484 108 475 181 471 420 445 235 67 132 453 434 331 235 241 103 138 308 488 377 326 251 0 409 64 253 203 271 199 331 90 54 70 148 235 408 325 154 352 60 171 191 219 311 472 404 51 74 
492 66 268 124 342 225 240 112 428 393 333 333 430 374 93 206 228 278 113 53 138 172 270 259 313 0 439 276 491 342 278 271 90 294 245 164 342 420 354 160 104 453 199 387 138 279 431 294 458 415 
114 461 53 236 230 469 255 168 245 245 216 229 222 256 229 417 127 277 336 187 387 146 140 292 484 435 0 71 170 229 479 291 293 439 50 235 375 226 440 249 177 391 415 356 112 378 291 479 211 67 
70 348 160 167 194 402 357 129 423 233 64 157 230 307 302 231 248 176 407 187 131 83 77 253 145 139 130 0 386 324 291 159 100 345 269 424 490 377 280 118 56 219 339 163 400 352 416 337 99 91 
450 236 173 483 470 132 334 108 212 426 138 209 84 188 260 59 112 249 386 98 73 148 475 362 262 130 213 177 0 417 262 425 366 204 304 104 173 386 388 438 304 313 75 463 103 214 223 112 483 178 
204 287 202 303 261 270 271 341 434 398 257 402 78 329 106 333 383 229 218 477 374 229 496 399 191 98 319 120 367 0 301 456 278 295 364 287 55 133 57 347 273 161 310 382 189 346 438 228 228 373 
153 205 246 332 407 352 473 456 170 300 78 178 462 306 423 325 299 428 164 306 481 388 173 498 269 313 343 413 491 277 0 492 143 188 238 425 95 296 154 50 416 160 285 300 121 91 222 152 340 357 
266 353 93 360 476 297 335 495 139 247 242 367 446 91 54 390 223 306 185 83 62 100 193 298 351 471 95 279 122 385 342 0 338 444 386 198 176 182 483 170 479 437 118 101 382 160 312 271 89 118 
406 122 130 212 265 378 269 442 423 255 63 64 96 107 214 188 462 340 77 201 217 55 137 492 106 225 151 124 202 190 192 107 0 469 273 476 440 150 452 381 280 206 394 294 459 452 214 147 413 54 
174 113 428 386 407 419 198 131 277 272 283 417 415 96 142 394 279 81 250 230 413 480 142 306 480 100 464 194 197 133 405 77 403 0 332 413 310 250 317 147 477 296 137 150 210 390 242 310 375 273 
59 104 392 490 196 198 225 454 368 125 150 207 480 385 110 311 297 126 268 321 430 244 116 273 344 483 370 292 292 244 272 301 55 163 0 497 408 67 429 361 386 53 462 92 484 346 359 50 349 435 
268 376 121 463 442 344 62 180 213 61 422 408 283 430 413 396 426 76 170 110 388 262 114 105 304 304 157 370 304 456 60 72 88 131 241 0 236 182 460 367 345 471 288 459 460 217 127 356 350 154 
232 166 492 444 230 96 454 240 203 323 495 365 334 273 403 171 220 346 303 179 212 355 150 450 313 316 374 147 378 430 251 109 95 449 52 483 0 251 457 222 160 486 423 475 319 195 134 197 365 430 
450 251 141 60 107 297 80 373 377 177 251 62 134 310 315 289 313 297 490 476 225 149 461 148 330 487 500 414 183 365 99 339 322 397 106 379 401 0 136 251 277 263 452 290 103 262 311 342 281 107 
331 256 489 186 423 136 466 409 136 380 298 207 185 344 479 82 400 113 433 486 314 416 455 266 412 57 234 222 105 221 486 142 427 475 278 105 110 243 0 465 403 329 469 316 221 312 50 253 211 113 
392 196 378 307 357 350 426 364 290 147 175 461 133 267 387 107 251 198 374 201 162 484 480 131 55 407 393 56 159 104 326 257 457 410 271 314 259 196 384 0 499 293 59 459 376 483 101 189 441 250 
63 141 118 253 327 406 258 234 55 471 99 316 297 307 272 206 284 292 172 430 176 377 222 392 92 305 130 143 200 70 99 213 368 375 172 195 280 381 379 285 0 351 184 100 354 197 79 60 431 321 
389 360 203 265 289 94 307 93 382 157 450 402 206 163 477 80 492 171 67 372 256 302 430 390 109 283 87 138 500 224 165 388 84 319 360 79 119 166 329 451 273 0 278 109 186 147 85 423 139 413 
440 217 168 449 146 57 264 136 301 108 342 232 223 437 266 492 296 295 318 412 123 268 392 107 83 284 205 325 206 294 237 353 461 355 57 314 119 271 156 126 329 448 0 308 258 384 280 457 386 74 
274 54 354 248 396 412 282 386 323 313 91 116 50 150 283 355 157 303 180 134 409 257 169 113 64 378 203 51 90 89 75 314 93 136 268 195 254 500 80 283 313 328 349 0 69 185 338 374 292 141 
261 133 256 468 252 319 238 336 229 239 376 268 472 396 67 314 164 419 274 370 449 56 389 483 111 408 167 399 489 166 246 249 249 453 423 207 271 160 250 450 350 332 424 77 0 435 197 341 98 115 
114 174 63 120 270 253 388 177 370 286 372 242 483 120 197 435 493 111 412 360 311 118 416 349 248 443 283 396 283 87 461 103 419 231 380 188 434 267 315 59 259 394 459 241 220 0 155 382 420 216 
50 279 233 325 194 289 72 343 278 174 332 316 135 385 234 72 471 372 212 444 393 221 202 493 386 150 213 248 238 132 170 238 361 354 62 261 349 292 103 126 416 385 392 257 476 332 0 279 446 410 
441 389 59 369 297 51 254 397 214 452 135 52 122 79 363 182 299 330 481 297 383 313 212 267 412 420 449 243 405 394 360 346 489 125 214 286 126 174 389 498 126 230 500 405 260 119 293 0 58 399 
480 305 282 292 223 255 203 349 204 153 254 304 219 99 293 294 470 285 370 143 173 123 426 354 330 86 320 399 85 84 53 64 339 492 63 268 247 423 324 157 282 77 411 451 333 410 244 58 0 401 
321 151 74 150 284 134 430 76 404 84 112 438 88 333 483 79 102 457 483 476 280 139 257 307 257 415 346 373 365 354 274 185 212 54 493 202 345 422 228 248 457 497 392 251 86 130 280 138 86 0 

944.46 0 33
944.46 1 5
944.46 2 9
944.46 3 41
944.46 4 8
944.46 5 25
944.46 6 20
944.46 7 26
944.46 8 20
944.46 9 28
944.46 10 33
944.46 11 43
944.46 12 28
944.46 13 18
944.46 14 37
944.46 15 33
944.46 16 25
944.46 17 5
944.46 18 42
944.46 19 9
944.46 20 45
944.46 21 46
944.46 22 24
944.46 23 42
944.46 24 9
944.46 25 20
944.46 26 21
944.46 27 40
944.46 28 32
944.46 29 4
944.46 30 20
944.46 31 16
944.46 32 14
944.46 33 29
944.46 34 13
944.46 35 27
944.46 36 11
944.46 37 39
944.46 38 4
944.46 39 31
944.46 40 18
944.46 41 38
944.46 42 30
944.46 43 2
944.46 44 12
944.46 45 19
944.46 46 40
944.46 47 37
944.46 48 29
944.46 49 38

