50 50 4

0 363 63 248 153 299 77 141 163 261 291 461 154 69 67 90 74 322 402 347 102 82 331 158 200 252 371 307 391 441 149 57 304 162 255 163 167 490 461 280 250 458 241 110 478 258 150 51 286 258 
349 0 95 290 179 203 197 138 280 454 479 221 102 243 231 422 448 344 88 193 304 319 149 262 266 209 239 230 66 447 223 274 51 268 271 388 177 174 232 407 127 417 334 387 159 64 308 314 114 346 
457 125 0 371 313 93 343 472 489 280 488 435 453 469 437 220 446 80 103 119 262 460 403 178 50 289 288 271 303 308 336 356 471 167 433 283 210 483 255 198 262 242 132 421 417 275 347 362 305 400 
431 273 115 0 334 402 115 329 396 337 339 203 379 194 380 496 333 163 412 315 368 109 283 316 398 410 233 173 256 301 184 362 232 408 184 272 65 249 307 411 292 145 320 377 496 199 128 85 312 490 
350 386 98 340 0 409 447 249 348 326 212 148 216 280 330 330 414 308 345 370 115 462 368 417 281 245 413 187 79 448 205 276 53 298 80 99 206 477 299 53 58 217 151 432 447 188 261 117 202 106 
437 267 274 304 184 0 262 255 303 399 492 457 310 267 460 107 297 59 470 481 64 473 245 438 331 176 140 225 388 207 377 200 143 351 424 154 485 185 115 494 290 106 450 100 323 409 364 120 174 334 
100 395 62 51 88 99 0 178 179 274 65 336 358 422 186 208 345 290 192 237 355 185 477 168 134 283 441 249 147 267 130 187 73 231 199 75 270 249 203 399 229 425 441 86 346 126 244 397 122 142 
133 184 277 110 302 117 343 0 449 73 196 216 360 333 239 90 239 471 310 438 173 415 373 304 356 410 149 188 153 497 468 246 129 151 229 396 159 53 446 107 283 348 480 142 181 426 182 126 396 199 
270 276 113 142 79 175 51 386 0 70 362 138 488 314 424 345 249 320 210 459 472 474 241 319 454 333 206 135 222 282 237 371 51 463 190 351 249 72 352 341 92 420 429 286 233 352 130 189 378 497 
147 105 470 339 375 179 171 287 264 0 343 276 208 420 484 170 110 334 125 339 186 416 381 312 344 373 252 403 209 391 280 205 488 336 381 326 417 60 204 410 481 253 185 188 380 169 65 196 453 140 
485 345 56 121 157 106 444 359 459 152 0 249 446 307 443 488 187 476 160 404 179 69 385 138 205 279 468 324 294 163 483 385 354 328 147 425 191 410 368 500 125 226 455 70 239 397 264 133 372 374 
487 257 393 127 102 304 357 276 334 357 146 0 317 241 450 351 94 131 492 211 205 247 286 382 201 62 120 304 276 410 383 356 397 346 455 230 398 259 293 381 92 150 477 115 341 182 416 142 263 163 
303 419 360 88 300 267 307 126 71 82 487 404 0 144 139 249 98 75 354 307 319 234 106 419 417 378 466 98 50 107 312 163 116 437 474 361 443 240 167 275 468 406 468 127 500 106 327 98 132 387 
111 401 327 374 75 243 252 491 498 252 98 65 121 0 371 452 301 232 150 248 349 376 215 462 343 293 461 156 326 265 445 419 83 101 245 407 126 194 365 116 398 323 164 414 395 486 121 195 424 222 
149 479 304 315 440 146 314 157 252 139 128 196 264 161 0 247 459 275 323 359 139 146 256 413 467 376 63 208 448 415 131 376 64 110 179 85 256 275 349 363 234 194 442 136 408 309 90 122 83 119 
431 173 215 393 292 182 269 61 340 216 182 178 298 196 445 0 427 438 200 408 286 270 348 430 211 435 93 470 231 165 260 56 95 139 429 439 381 317 207 148 156 129 280 491 377 183 435 59 120 135 
417 357 355 472 493 272 162 86 448 343 201 207 105 454 52 484 0 392 139 300 305 237 163 140 468 153 223 357 295 439 427 136 111 490 441 82 483 419 194 275 122 243 426 487 299 379 489 489 477 128 
289 488 315 158 334 489 468 56 101 262 445 479 348 263 468 495 295 0 206 169 440 431 242 182 113 435 187 198 423 176 175 257 171 369 72 279 203 267 246 416 75 215 117 53 62 330 227 264 124 384 
383 270 70 331 159 133 265 296 282 188 178 163 395 299 482 173 284 184 0 147 237 307 379 402 374 382 170 410 315 384 484 198 474 461 219 304 119 58 276 121 290 170 250 403 271 255 385 151 490 275 
248 226 81 126 127 161 214 454 70 479 338 261 384 67 221 309 77 290 317 0 303 117 314 423 317 216 194 72 307 295 268 82 249 444 320 81 277 188 452 437 415 186 274 175 69 498 102 84 75 98 
108 84 166 372 458 433 87 358 211 345 359 185 133 314 335 159 345 111 53 52 0 499 419 188 479 300 415 233 353 449 258 401 56 292 273 134 456 413 172 313 123 223 378 259 62 191 93 378 242 362 
382 244 116 56 139 301 62 53 484 365 208 448 473 422 447 452 55 402 364 384 422 0 438 106 299 403 325 197 202 410 389 270 498 340 92 53 429 100 65 432 83 137 346 238 316 267 184 267 480 292 
131 363 213 275 176 219 384 451 366 292 360 461 269 357 300 311 116 228 361 339 366 151 0 182 419 339 204 392 229 421 371 471 258 234 391 239 116 316 122 273 181 365 340 348 133 403 148 150 470 82 
218 64 155 319 196 73 364 350 415 92 477 493 269 442 433 159 180 499 425 460 271 312 324 0 110 160 163 464 465 470 189 253 187 203 358 456 105 137 319 161 259 117 344 251 337 285 183 446 416 181 
127 131 158 389 405 426 255 274 389 426 450 284 179 137 193 243 299 248 331 325 115 89 392 409 0 497 435 401 179 137 72 66 214 153 174 309 264 306 271 244 401 196 193 184 81 487 327 275 286 281 
312 110 102 107 208 218 103 350 118 232 437 140 455 357 450 335 165 213 141 386 407 492 289 306 383 0 320 293 416 94 78 404 112 345 456 169 259 173 222 108 241 160 251 87 321 107 487 156 430 406 
454 315 312 201 103 118 83 130 361 450 381 145 109 444 440 64 112 405 395 492 464 135 358 214 380 179 0 479 122 492 408 479 445 429 290 145 239 114 179 319 425 335 199 276 150 142 215 164 412 120 
58 159 290 351 467 210 437 145 188 58 343 95 487 287 231 484 383 420 97 268 238 229 309 387 455 409 236 0 377 279 354 203 288 463 199 345 429 359 281 281 254 289 123 55 483 117 236 466 450 155 
269 424 99 448 439 193 159 347 379 486 125 439 395 119 401 93 414 85 158 401 72 362 397 146 368 379 420 310 0 100 125 416 319 499 465 267 437 157 132 490 242 117 114 180 218 391 287 261 60 323 
369 412 345 438 64 197 61 393 116 321 443 398 443 468 396 408 441 88 271 72 77 220 346 349 106 63 446 344 274 0 456 373 350 123 424 287 137 328 54 480 150 325 178 499 268 146 394 382 86 189 
359 109 216 285 405 271 342 175 216 392 399 172 264 455 452 394 448 89 221 452 68 322 484 404 320 251 256 420 339 292 0 108 404 107 482 189 219 459 481 344 175 128 449 53 98 160 455 442 107 494 
163 266 269 435 249 379 461 206 134 380 251 132 195 154 397 383 293 115 341 480 165 222 107 320 225 155 430 387 97 244 136 0 417 216 111 107 171 440 67 327 73 153 284 363 54 388 259 387 388 80 
228 367 195 156 181 221 332 286 151 425 89 101 60 456 267 122 269 388 268 286 421 292 146 204 361 150 298 119 488 185 356 422 0 259 50 77 390 428 115 382 78 490 178 129 257 340 346 85 109 440 
303 101 360 301 197 270 161 54 68 230 248 410 85 169 168 292 403 264 220 225 353 455 421 481 291 177 320 343 419 135 283 222 187 0 142 473 334 363 134 94 137 70 292 497 313 167 372 311 70 342 
237 452 194 192 372 381 189 256 408 482 174 493 264 346 386 113 75 220 182 159 471 269 386 263 472 198 380 99 216 156 392 403 107 292 0 301 186 380 440 392 287 422 272 486 392 325 372 455 350 298 
343 215 268 318 100 481 290 456 361 95 378 223 437 280 281 436 288 417 71 227 64 308 355 286 500 454 110 371 164 166 375 458 331 143 275 0 138 330 271 300 397 317 177 120 460 163 107 395 401 474 
172 335 488 430 396 480 186 349 297 263 464 413 138 421 451 438 402 88 267 173 94 371 440 221 441 399 90 254 50 442 227 172 483 421 309 378 0 156 445 227 403 414 397 316 51 73 266 195 425 60 
413 97 104 490 243 482 186 142 71 390 349 219 116 227 201 243 486 79 349 186 463 459 100 359 274 308 138 246 454 62 463 122 317 66 111 266 498 0 247 114 68 136 413 238 409 140 145 358 332 174 
413 469 343 371 275 408 351 289 496 303 242 265 265 70 288 281 131 53 485 84 118 260 377 237 204 492 327 299 349 366 180 262 334 473 132 315 137 190 0 103 339 443 52 103 208 72 97 195 361 101 
180 151 376 390 479 112 93 226 146 342 75 462 228 287 51 408 125 316 495 472 125 333 415 127 143 329 357 190 474 217 448 153 74 323 493 52 142 292 229 0 238 341 461 199 68 454 200 426 285 222 
176 257 297 216 378 375 309 206 231 205 179 154 360 283 178 389 482 388 481 274 323 218 114 283 123 339 443 480 265 227 201 147 434 449 313 311 79 121 467 467 0 484 146 120 343 135 455 231 116 98 
419 340 371 343 160 360 417 450 302 396 421 236 304 67 169 252 331 187 488 158 360 454 141 212 280 190 53 234 128 120 283 497 166 360 339 277 220 462 226 228 114 0 146 414 368 370 290 326 200 183 
313 309 493 266 156 412 496 53 415 436 338 241 218 90 358 285 135 134 455 97 66 389 368 369 303 235 238 92 267 389 225 79 404 424 51 266 91 253 476 457 188 313 0 197 113 109 261 348 195 345 
58 449 361 397 316 436 199 257 174 448 474 62 379 52 172 59 53 144 100 256 120 263 150 139 411 213 199 171 267 344 223 275 292 290 172 314 226 77 70 350 232 494 118 0 317 252 447 326 462 90 
377 424 367 139 73 213 256 444 118 134 210 412 307 436 410 303 314 430 479 97 450 84 486 443 359 303 194 305 128 155 102 211 78 175 301 308 338 263 251 406 347 412 73 360 0 103 189 163 367 118 
348 170 67 139 156 216 448 165 116 460 243 428 61 405 212 186 412 471 231 174 221 136 472 339 160 87 392 299 407 465 124 255 135 141 100 448 64 498 112 130 213 61 58 224 416 0 220 117 327 190 
298 208 118 384 179 407 250 423 299 256 330 470 330 291 311 177 341 258 191 94 76 272 258 88 280 188 210 206 255 488 347 259 402 415 350 80 77 99 453 82 61 489 52 97 279 313 0 225 326 278 
122 371 60 100 335 98 86 229 259 243 191 453 296 400 354 210 249 140 444 55 299 477 66 288 235 114 273 498 496 99 482 324 176 493 375 217 297 411 396 262 360 86 214 155 437 274 71 0 392 120 
466 397 126 198 170 364 383 441 343 136 192 148 118 466 274 317 340 441 113 458 93 326 317 129 246 423 272 227 200 164 297 165 267 129 313 143 443 402 83 493 489 225 140 106 398 365 373 237 0 61 
192 401 104 224 218 391 421 347 162 354 253 483 357 369 457 437 388 99 379 290 340 127 278 271 218 90 168 289 169 112 56 67 463 111 242 387 208 162 440 320 222 193 59 78 268 466 465 155 271 0 

1455 0 28
1455 1 45
1455 2 13
1455 3 1
1455 4 12
1455 5 16
1455 6 25
1455 7 11
1455 8 31
1455 9 38
1455 10 47
1455 11 38
1455 12 21
1455 13 43
1455 14 32
1455 15 17
1455 16 38
1455 17 15
1455 18 39
1455 19 41
1455 20 1
1455 21 5
1455 22 10
1455 23 7
1455 24 21
1455 25 8
1455 26 2
1455 27 38
1455 28 12
1455 29 3
1455 30 31
1455 31 40
1455 32 5
1455 33 43
1455 34 41
1455 35 17
1455 36 15
1455 37 18
1455 38 34
1455 39 3
1455 40 12
1455 41 37
1455 42 41
1455 43 33
1455 44 31
1455 45 24
1455 46 6
1455 47 25
1455 48 45
1455 49 45

