50 50 4

0 111 81 479 181 152 217 79 370 383 179 372 51 117 486 144 448 144 307 404 231 250 190 76 332 223 279 475 463 495 113 126 312 351 311 199 209 234 228 79 117 357 401 325 181 386 420 128 237 433 
238 0 418 389 134 200 220 307 429 195 476 179 465 308 442 315 118 140 474 302 319 52 125 382 159 401 269 252 76 103 439 459 291 112 104 131 262 274 144 397 175 119 76 139 377 468 404 445 314 134 
454 339 0 136 78 221 453 185 196 204 418 250 142 133 491 204 187 122 416 167 423 312 293 493 94 382 369 268 493 70 82 126 230 371 419 465 298 371 357 445 74 274 401 373 113 391 76 250 219 198 
368 142 217 0 367 341 261 455 416 480 447 192 268 279 372 138 198 93 143 275 400 294 56 380 194 379 444 291 162 400 217 66 267 65 233 340 356 201 295 271 387 241 170 154 227 492 449 131 291 91 
356 190 335 118 0 277 479 448 427 477 316 326 193 332 300 208 65 139 63 423 384 491 309 332 160 413 58 359 361 139 149 403 201 497 444 270 480 179 424 406 155 239 438 298 277 237 212 292 327 432 
421 417 422 229 248 0 289 141 463 354 209 101 453 318 460 205 261 229 184 146 359 296 251 304 234 255 80 421 173 79 454 104 450 371 233 179 118 472 477 288 325 185 339 484 209 54 189 421 440 79 
273 298 326 231 101 59 0 436 132 186 109 368 140 370 317 217 102 202 492 73 179 279 104 70 325 88 230 329 434 357 269 219 129 273 251 310 325 467 453 163 153 268 237 450 137 53 166 190 206 364 
420 91 143 475 318 418 269 0 254 246 409 110 221 127 397 445 329 413 476 295 365 138 154 339 325 310 427 84 426 323 447 290 449 244 139 179 62 56 398 266 459 62 83 180 140 186 331 175 98 306 
176 170 150 488 459 181 297 141 0 215 430 170 369 426 119 112 64 248 331 277 353 304 442 365 93 328 211 229 158 92 484 414 219 153 270 413 319 401 209 410 323 138 287 398 270 356 460 284 310 291 
267 162 301 209 478 344 487 188 72 0 352 438 55 472 156 366 242 68 184 349 434 300 171 279 86 68 499 392 235 490 202 232 256 70 483 415 498 326 158 393 104 460 330 316 431 192 181 379 417 71 
228 106 322 349 335 358 124 334 457 65 0 323 365 247 285 385 436 407 139 261 64 482 71 230 67 337 367 416 225 246 332 246 180 388 274 235 430 132 309 470 295 324 292 159 277 283 494 212 189 339 
179 410 320 407 346 93 244 213 459 175 165 0 497 127 295 141 352 480 277 190 496 246 435 75 244 93 303 477 293 221 166 132 351 75 158 257 372 409 207 291 123 88 162 327 166 163 174 224 349 401 
364 344 146 298 126 340 97 135 72 96 306 188 0 385 363 421 494 327 292 158 240 289 438 279 401 264 151 63 388 325 362 495 395 413 347 192 489 393 446 123 416 492 135 103 377 205 474 126 482 472 
441 428 260 378 413 160 142 63 380 236 94 242 438 0 195 154 284 93 349 177 489 422 92 237 263 145 113 174 326 396 155 297 336 290 264 420 202 374 268 423 254 455 467 202 392 369 306 175 412 154 
58 401 282 100 137 251 403 407 376 435 302 237 231 344 0 477 445 470 386 75 238 308 486 192 481 187 290 349 199 171 261 59 180 161 498 437 455 248 95 361 330 480 369 67 211 419 250 362 388 135 
143 125 393 335 474 374 228 470 429 133 141 189 142 478 56 0 139 170 461 94 216 77 374 195 152 147 112 277 348 181 372 433 274 203 82 316 177 162 494 353 90 127 444 437 219 177 443 65 298 160 
316 464 394 189 158 253 287 428 480 341 108 107 273 332 261 61 0 147 144 173 348 447 421 425 147 357 350 274 55 121 278 372 387 241 266 76 106 225 69 484 204 360 91 262 339 129 229 107 434 323 
230 281 269 357 412 366 213 261 347 219 333 124 297 219 72 62 452 0 335 237 227 74 148 86 322 116 132 157 295 189 90 117 125 77 92 433 439 409 352 407 462 277 446 292 74 164 70 86 323 111 
481 500 135 335 293 163 401 375 271 402 270 67 225 101 95 267 484 240 0 382 92 353 343 319 298 342 343 169 362 136 442 424 116 197 265 157 440 379 264 70 356 165 497 373 340 98 174 313 288 121 
195 330 424 244 149 222 85 442 97 154 284 489 284 106 392 499 213 88 133 0 427 108 439 298 312 68 344 360 399 157 354 226 58 184 150 252 490 78 495 187 125 355 422 320 138 478 418 343 398 456 
183 324 271 328 329 82 346 172 148 452 279 452 177 494 342 484 246 331 61 447 0 225 343 57 146 369 352 330 287 194 227 242 83 258 463 362 86 251 414 208 349 365 194 57 249 187 349 232 139 387 
451 292 318 500 299 414 369 357 450 362 258 177 310 291 385 273 152 177 230 273 91 0 79 344 235 86 92 129 141 482 425 234 432 424 51 187 429 171 55 286 121 123 494 455 384 491 95 156 143 429 
92 122 470 121 416 412 364 215 491 212 196 171 152 334 94 154 471 474 482 477 466 309 0 99 459 470 189 449 64 51 298 443 94 126 413 165 493 80 236 207 70 154 109 398 256 393 443 116 363 172 
98 95 344 113 352 58 83 491 213 304 493 462 247 86 87 366 408 286 396 350 199 172 454 0 258 69 210 150 218 276 464 96 80 58 390 144 116 398 384 107 111 187 306 279 140 342 72 212 456 65 
314 306 214 436 259 423 212 175 72 136 158 242 390 188 458 486 489 73 384 128 337 201 266 142 0 186 356 190 415 275 146 430 88 158 144 475 367 66 393 249 295 235 357 244 124 251 201 110 447 224 
200 74 268 107 290 360 243 353 50 157 127 146 87 165 461 388 346 327 160 445 282 405 180 138 148 0 461 96 55 70 493 230 427 66 204 484 63 63 226 366 63 90 199 366 334 70 82 221 123 360 
331 67 348 442 404 193 90 365 239 95 141 438 482 68 454 185 51 223 406 435 295 175 475 444 248 308 0 465 280 479 87 346 65 311 194 457 215 337 497 79 282 299 377 219 487 395 379 172 153 102 
284 87 347 409 268 498 156 75 462 387 260 255 232 482 65 132 438 437 175 191 222 407 440 99 125 182 200 0 211 60 303 263 294 340 316 203 107 313 65 339 481 158 305 235 341 286 458 179 224 394 
305 121 323 211 267 372 494 399 71 204 410 81 173 410 371 195 112 185 459 335 230 195 443 242 137 490 478 301 0 169 408 194 424 479 223 341 452 94 334 351 323 244 467 354 123 376 431 269 195 322 
434 480 52 128 422 244 215 168 428 466 287 336 367 417 70 296 257 473 341 298 79 370 248 496 430 322 371 360 297 0 65 182 230 495 391 64 173 134 437 291 268 158 284 103 231 200 331 478 163 59 
74 167 88 394 366 83 79 394 160 389 190 176 277 126 377 167 140 256 458 283 253 226 392 487 486 329 393 72 306 263 0 81 86 380 119 186 452 359 215 101 470 104 241 352 331 73 228 205 371 191 
162 153 394 94 251 137 287 80 236 309 92 449 341 129 85 166 265 487 476 431 295 201 241 242 52 278 266 437 189 343 127 0 302 202 228 102 404 315 339 190 50 148 439 206 195 67 241 311 490 434 
493 176 228 400 367 421 158 351 393 95 491 235 379 499 143 106 100 497 127 146 393 335 244 332 491 145 105 438 162 94 371 362 0 427 306 261 293 433 370 351 81 171 341 473 500 95 115 313 352 319 
390 448 211 431 398 249 421 493 305 114 362 105 192 223 483 448 190 482 136 59 332 374 180 379 346 387 180 167 199 483 436 295 186 0 354 226 84 102 353 283 113 418 144 169 109 73 151 263 214 339 
105 430 171 429 317 256 481 203 387 147 108 369 83 353 54 387 285 295 195 138 285 259 55 135 378 114 159 235 83 79 73 138 459 401 0 66 482 157 497 391 250 143 449 325 383 58 85 476 293 331 
171 381 115 136 386 200 464 206 65 405 239 94 184 83 260 85 99 448 399 302 339 148 152 287 423 485 295 458 217 88 495 338 175 109 424 0 268 467 143 180 238 254 126 283 388 159 249 423 209 196 
321 217 485 419 319 479 97 304 480 55 227 274 500 64 400 316 194 167 489 494 53 226 247 129 215 134 239 414 264 154 317 291 321 57 417 140 0 486 464 150 466 469 327 239 225 97 345 247 448 218 
235 441 222 411 394 301 126 478 490 246 448 350 269 239 171 277 155 468 469 325 117 434 50 150 380 225 197 431 422 144 149 363 291 77 273 184 328 0 105 368 74 302 316 374 70 261 251 297 122 218 
473 397 492 162 397 141 492 328 495 179 456 345 485 318 135 61 298 269 95 353 137 119 154 159 200 382 126 401 385 198 119 357 301 110 470 405 409 217 0 439 403 346 395 248 330 419 333 341 216 309 
387 69 152 212 380 468 362 261 93 470 146 448 295 453 248 111 422 152 470 346 91 129 191 192 327 228 110 366 68 484 381 161 52 483 80 382 450 148 350 0 249 117 446 196 118 154 395 180 283 253 
356 128 50 191 269 192 224 447 460 90 222 443 177 89 445 160 119 82 316 218 382 65 492 83 418 110 188 312 447 421 272 58 499 272 200 474 171 374 421 130 0 170 349 279 298 388 430 164 458 462 
186 382 100 201 373 133 326 189 478 137 342 398 115 351 396 338 50 126 215 130 497 51 251 101 280 499 439 209 369 152 377 54 484 183 413 113 267 238 252 244 325 0 94 349 147 151 451 435 358 76 
356 438 279 357 188 330 136 393 269 51 261 371 378 266 111 268 178 174 485 366 132 435 397 383 490 494 484 441 184 341 223 490 486 453 346 173 282 188 66 257 189 277 0 335 274 249 396 492 377 276 
232 242 358 373 346 241 363 95 431 59 230 479 232 426 464 184 479 136 173 166 359 136 62 343 421 286 91 72 484 419 298 215 367 363 294 212 310 156 465 240 165 194 218 0 104 119 388 238 97 231 
117 421 89 204 433 382 124 425 180 147 164 98 151 85 171 464 329 90 273 192 54 220 63 198 144 117 474 483 306 278 213 373 405 459 76 337 97 358 468 227 211 131 482 312 0 373 152 483 201 192 
462 99 196 181 113 100 276 180 281 465 192 58 384 272 413 98 54 456 145 362 179 78 279 467 59 91 339 369 280 246 60 241 296 414 129 359 220 355 245 451 75 388 215 409 159 0 334 457 163 496 
309 232 381 337 461 347 347 258 392 422 488 138 432 436 140 101 64 449 479 125 400 185 150 287 351 265 152 391 221 473 143 480 411 474 73 371 77 126 336 419 498 79 263 185 465 353 0 237 235 301 
215 66 201 350 373 194 407 137 53 54 65 476 147 251 386 327 274 463 354 350 298 273 347 328 486 483 499 339 426 234 346 140 457 253 196 330 154 310 417 157 70 432 339 374 183 224 200 0 163 393 
261 464 191 484 310 225 225 499 223 270 424 163 323 270 120 282 173 400 386 189 72 249 209 211 87 82 100 468 439 213 361 199 176 258 389 193 433 321 398 155 90 322 476 119 298 95 352 177 0 201 
444 316 430 193 231 140 437 263 190 405 409 110 472 107 443 436 203 342 368 474 240 229 63 268 204 340 65 456 191 400 363 134 215 293 484 397 383 421 366 280 81 274 340 52 88 282 194 241 124 0 

1471.5 0 30
1471.5 1 34
1471.5 2 24
1471.5 3 34
1471.5 4 37
1471.5 5 42
1471.5 6 27
1471.5 7 39
1471.5 8 35
1471.5 9 39
1471.5 10 45
1471.5 11 25
1471.5 12 9
1471.5 13 14
1471.5 14 21
1471.5 15 24
1471.5 16 38
1471.5 17 19
1471.5 18 46
1471.5 19 34
1471.5 20 2
1471.5 21 17
1471.5 22 15
1471.5 23 41
1471.5 24 1
1471.5 25 19
1471.5 26 48
1471.5 27 31
1471.5 28 40
1471.5 29 18
1471.5 30 32
1471.5 31 26
1471.5 32 3
1471.5 33 7
1471.5 34 17
1471.5 35 45
1471.5 36 0
1471.5 37 44
1471.5 38 36
1471.5 39 40
1471.5 40 39
1471.5 41 37
1471.5 42 17
1471.5 43 48
1471.5 44 6
1471.5 45 43
1471.5 46 28
1471.5 47 1
1471.5 48 18
1471.5 49 31

