50 50 3

0 97 66 125 474 302 426 418 104 365 220 201 163 111 57 378 488 178 110 459 72 455 256 141 213 469 453 460 488 424 499 299 228 64 374 408 72 56 326 333 371 496 241 484 314 248 117 301 376 177 
466 0 155 339 222 246 258 190 199 218 384 329 216 183 56 438 263 415 216 269 447 256 346 442 447 85 255 194 153 263 69 280 228 381 325 156 127 83 52 483 251 387 311 173 276 74 317 489 439 240 
465 141 0 446 310 82 392 346 495 292 205 257 67 191 191 399 467 298 476 500 300 458 457 393 475 336 168 499 153 364 193 343 328 284 495 344 317 386 396 67 384 100 274 401 242 415 299 208 419 481 
414 426 438 0 370 318 413 205 193 167 64 263 311 113 90 94 107 140 117 199 487 134 82 86 114 434 485 236 439 399 154 420 312 286 357 388 311 476 300 454 143 70 216 404 134 463 204 398 309 272 
97 295 112 129 0 88 177 269 72 363 208 178 223 127 196 460 190 84 270 373 90 430 466 317 352 125 401 70 486 299 329 257 102 124 76 388 369 203 157 147 272 315 275 445 148 422 404 288 212 380 
160 459 309 332 275 0 160 163 383 180 149 181 460 112 440 290 138 327 158 291 434 462 269 455 237 214 309 365 117 97 76 448 414 241 463 453 466 123 115 348 253 214 235 419 484 174 208 121 452 72 
119 141 485 338 96 428 0 51 355 292 326 158 74 480 279 265 442 231 437 64 52 492 475 424 226 393 407 107 308 478 58 86 303 356 70 141 402 448 349 464 446 381 328 470 360 313 441 58 250 378 
279 253 369 253 383 301 353 0 289 358 367 473 122 403 276 429 424 123 86 127 178 256 73 59 291 249 125 103 190 133 304 274 119 263 349 78 145 149 381 384 214 454 112 286 357 94 421 487 167 214 
113 52 420 343 61 210 299 343 0 264 439 183 274 419 252 487 267 280 131 122 368 465 493 321 76 279 177 328 406 370 445 119 434 203 490 483 421 406 281 264 376 426 153 149 100 355 135 73 341 216 
146 415 387 138 236 170 123 119 448 0 236 196 392 305 336 302 50 318 222 407 306 436 282 231 88 382 282 149 467 61 441 390 157 111 276 453 53 396 282 330 343 224 476 442 480 311 243 480 128 415 
142 140 107 131 322 145 219 310 452 185 0 321 148 281 185 209 57 344 213 403 332 493 453 56 468 394 242 278 343 428 112 257 70 203 314 358 231 166 76 247 117 418 274 215 199 165 374 206 215 86 
315 498 285 267 260 252 367 452 236 209 379 0 299 417 155 208 437 463 389 102 245 342 376 163 115 90 312 231 171 468 396 414 489 149 199 256 359 157 122 66 344 489 396 349 405 257 263 97 427 151 
357 171 199 232 284 264 273 302 445 394 269 97 0 63 465 196 212 220 262 320 499 278 370 487 380 425 147 137 187 402 270 495 258 391 193 440 382 407 419 183 108 68 159 362 82 123 264 244 500 476 
270 254 254 346 448 340 270 301 183 163 202 403 157 0 166 50 56 106 138 170 475 271 435 250 136 296 282 416 59 232 171 242 453 376 202 54 79 492 275 330 175 388 239 284 252 355 284 258 167 128 
378 349 350 312 98 192 314 330 108 324 268 436 272 427 0 67 424 432 96 415 413 133 296 300 322 80 258 383 70 467 50 149 100 349 205 119 153 103 383 189 368 413 407 304 184 334 321 107 472 368 
229 384 207 475 390 479 261 148 117 489 321 117 137 371 172 0 499 440 275 101 79 414 420 442 77 430 126 361 250 183 332 324 362 422 481 93 311 215 304 165 283 292 436 350 135 63 229 133 453 454 
392 482 124 67 180 151 447 256 218 196 389 500 471 458 177 207 0 257 438 373 267 103 155 59 245 211 351 258 146 191 418 100 82 155 381 99 285 482 496 491 199 398 136 405 124 300 81 282 56 225 
361 273 485 222 489 230 383 340 438 236 481 355 493 269 461 373 318 0 245 354 69 443 52 417 78 163 248 328 194 480 334 125 340 106 110 61 95 290 150 141 227 336 328 289 328 96 249 200 120 200 
260 346 142 469 262 377 131 460 204 482 195 244 107 241 57 167 252 309 0 407 109 400 340 151 227 335 430 480 83 336 99 441 96 395 289 64 363 166 353 79 76 334 224 271 391 416 278 57 374 86 
170 433 192 217 84 125 51 220 104 292 262 153 439 64 254 227 286 116 99 0 138 352 126 422 283 347 313 405 331 76 278 123 404 418 472 120 208 96 328 378 150 326 346 460 264 361 420 442 146 486 
491 234 94 323 155 327 376 174 231 413 408 215 486 311 132 213 137 290 259 171 0 374 115 448 220 281 211 80 200 359 383 393 106 116 437 379 428 263 255 102 200 374 216 365 360 477 204 279 320 200 
489 441 74 310 388 451 91 306 237 241 164 119 340 220 392 276 306 319 245 60 127 0 151 384 293 467 450 476 377 436 295 76 424 443 307 440 86 464 237 342 200 429 457 476 268 176 367 251 432 186 
446 198 263 304 289 263 270 445 238 353 380 240 379 59 389 393 450 425 356 393 267 263 0 321 223 238 296 105 105 253 244 241 405 148 210 208 143 179 184 88 368 487 174 314 122 391 202 465 96 333 
76 439 99 289 467 479 478 262 291 82 221 485 480 125 339 396 284 433 75 174 227 149 161 0 107 169 440 448 77 404 494 360 430 433 410 426 399 144 403 367 385 191 87 125 377 369 415 272 359 103 
53 484 280 152 351 337 478 290 492 54 400 485 365 85 173 481 461 71 331 119 144 216 260 388 0 291 136 257 412 115 322 465 118 61 244 428 362 288 405 358 279 410 464 470 481 500 143 461 216 371 
291 286 222 213 252 109 211 95 72 122 160 101 87 228 112 488 155 181 275 60 489 260 176 453 437 0 156 208 286 323 130 156 320 366 84 484 325 144 194 370 373 266 480 424 59 414 487 498 69 167 
272 286 362 239 168 70 175 274 228 411 303 309 273 122 381 308 312 205 158 212 281 481 185 260 161 194 0 381 147 191 156 471 170 148 332 359 266 353 240 490 287 357 292 302 336 120 390 350 383 301 
458 94 82 195 229 499 62 130 379 159 271 485 336 391 132 374 456 348 226 402 93 220 465 91 472 301 369 0 117 357 251 369 71 51 401 216 438 399 228 67 485 93 495 225 135 142 308 459 97 362 
392 206 162 111 170 410 289 177 278 357 485 479 225 55 237 332 428 381 230 362 398 421 405 148 146 490 240 160 0 204 495 472 95 200 340 156 320 250 152 204 478 459 188 213 390 400 400 221 327 487 
157 188 140 78 299 238 381 495 429 491 198 423 462 244 329 58 106 148 258 208 58 235 373 403 154 469 302 260 189 0 128 246 53 473 336 288 271 74 168 265 209 158 170 131 326 364 410 334 176 264 
298 335 480 240 414 382 344 383 184 104 71 469 56 281 442 99 68 419 123 393 391 489 257 60 326 83 130 442 123 256 0 412 372 90 391 318 455 273 161 93 163 422 114 338 185 102 279 234 327 405 
307 220 295 51 427 61 327 216 141 268 497 347 386 368 144 277 185 305 256 52 348 125 181 168 413 316 427 399 500 254 303 0 62 180 97 63 313 108 96 480 406 70 476 459 406 99 309 182 441 320 
144 199 374 219 330 249 132 352 175 237 351 135 490 119 265 293 132 78 107 385 57 463 405 239 177 311 495 437 199 435 463 294 0 340 337 219 170 85 57 472 417 244 79 52 233 148 267 232 438 51 
289 322 265 458 227 454 135 244 448 278 393 138 240 393 429 283 112 305 74 326 483 442 70 61 200 460 160 417 192 97 175 187 125 0 390 352 58 344 437 252 498 421 352 343 367 451 478 150 269 282 
381 95 264 322 322 483 472 488 142 145 386 396 270 73 227 159 375 236 209 67 194 414 194 252 463 60 203 440 367 422 428 248 223 398 0 276 495 380 455 239 228 99 124 123 75 147 57 391 228 243 
307 452 143 427 145 346 389 363 255 84 436 383 462 390 106 115 166 307 446 327 496 173 132 120 454 157 424 461 254 359 410 60 310 52 437 0 406 348 81 475 102 115 410 436 283 300 248 349 172 54 
50 449 257 173 80 83 333 394 457 500 147 71 409 158 332 412 301 444 466 333 418 275 398 83 210 181 89 408 236 211 168 236 366 131 115 396 0 164 399 289 328 398 143 349 63 251 387 425 258 330 
146 90 454 371 195 244 80 326 283 194 268 445 69 454 310 357 68 413 472 417 408 55 71 50 110 84 458 448 215 216 484 311 256 194 182 401 388 0 419 433 377 320 200 77 95 153 94 402 379 457 
129 51 364 341 72 121 402 313 78 105 478 244 295 496 451 195 384 107 289 58 491 166 328 397 193 129 257 444 238 135 400 317 136 471 365 366 91 266 0 178 326 77 363 70 78 114 227 431 448 491 
219 456 237 91 491 134 442 326 341 385 63 426 285 87 268 462 402 133 259 374 262 84 157 331 311 185 395 244 115 342 235 492 53 422 82 250 262 474 76 0 102 115 296 234 106 333 453 67 234 85 
483 107 53 66 214 334 84 106 228 278 378 276 219 369 487 348 158 236 109 338 469 369 403 265 102 459 97 261 232 489 297 214 302 56 438 467 341 472 279 275 0 456 156 258 175 232 244 473 96 430 
81 384 155 156 494 370 209 452 173 420 391 368 423 104 170 186 492 343 233 463 121 458 419 434 422 300 165 165 272 211 302 59 302 407 166 295 483 81 453 362 207 0 343 230 337 398 350 473 145 192 
412 108 470 369 233 403 291 483 68 162 461 436 414 470 444 320 342 238 302 129 191 164 287 240 100 123 344 400 302 440 298 213 254 267 288 437 169 285 175 394 398 135 0 86 67 311 480 338 153 218 
346 232 115 216 225 61 266 54 356 372 62 295 169 225 499 142 220 191 469 211 316 362 315 401 154 333 211 134 377 70 58 222 460 330 145 184 341 117 396 196 196 408 197 0 315 340 402 164 59 92 
132 427 114 200 242 221 305 281 139 389 157 159 397 85 325 433 180 216 273 455 111 176 150 469 79 171 64 432 285 280 230 123 207 51 274 155 222 78 386 311 173 493 177 276 0 77 208 208 415 374 
431 369 435 106 225 160 343 346 381 274 338 161 210 411 318 211 184 423 384 419 308 401 91 56 77 317 83 236 475 204 316 162 72 458 425 247 324 267 300 204 247 137 315 408 498 0 339 118 389 261 
208 307 275 109 105 281 343 128 71 285 310 225 308 422 455 265 346 408 88 320 414 242 66 50 264 180 255 102 456 350 70 163 363 295 429 418 283 479 497 60 470 306 442 277 434 152 0 248 486 60 
286 305 180 235 78 181 449 208 142 257 163 442 277 484 304 279 168 222 61 146 425 278 323 437 219 99 126 322 298 111 88 290 123 218 475 358 349 179 272 197 143 142 138 370 125 393 148 0 450 321 
366 96 452 143 369 144 313 174 220 341 178 488 379 419 317 96 149 174 152 486 153 299 128 245 144 448 76 487 303 476 63 168 71 221 469 146 315 488 478 241 328 155 228 413 73 252 459 380 0 376 
317 365 479 323 199 430 417 353 456 159 155 432 172 481 209 343 205 62 364 192 490 104 226 144 489 138 375 240 96 461 323 120 325 57 393 474 438 309 82 393 418 188 80 296 375 240 345 79 252 0 

711.75 0 11
711.75 1 30
711.75 2 17
711.75 3 48
711.75 4 26
711.75 5 4
711.75 6 25
711.75 7 28
711.75 8 44
711.75 9 36
711.75 10 20
711.75 11 16
711.75 12 29
711.75 13 23
711.75 14 0
711.75 15 23
711.75 16 20
711.75 17 19
711.75 18 42
711.75 19 20
711.75 20 28
711.75 21 46
711.75 22 10
711.75 23 35
711.75 24 3
711.75 25 17
711.75 26 23
711.75 27 32
711.75 28 12
711.75 29 14
711.75 30 37
711.75 31 23
711.75 32 44
711.75 33 10
711.75 34 27
711.75 35 21
711.75 36 15
711.75 37 4
711.75 38 5
711.75 39 15
711.75 40 41
711.75 41 25
711.75 42 32
711.75 43 25
711.75 44 5
711.75 45 32
711.75 46 48
711.75 47 25
711.75 48 8
711.75 49 47

