50 50 3

0 93 298 403 242 354 90 311 409 303 352 344 410 248 231 137 205 427 70 84 114 178 78 244 475 67 452 230 289 387 441 231 186 445 133 378 299 380 396 414 183 247 464 92 201 401 386 113 84 163 
354 0 148 291 382 343 265 400 50 445 395 387 142 125 279 86 415 363 91 294 258 455 427 211 174 226 119 75 111 182 316 224 242 414 466 330 463 437 436 463 138 330 349 230 161 334 266 282 197 308 
76 161 0 469 209 323 143 141 148 375 203 487 190 133 228 310 305 264 273 242 200 235 330 480 291 266 348 124 482 129 271 496 362 383 465 71 412 314 162 59 395 71 252 84 155 430 344 410 193 323 
358 99 58 0 187 286 299 403 133 373 141 212 351 136 74 440 307 302 351 327 170 116 221 192 318 462 53 454 62 413 353 335 478 403 343 164 188 348 274 271 428 121 189 278 414 420 217 428 428 274 
254 98 340 182 0 447 364 143 450 317 155 118 169 197 95 71 490 417 209 94 397 186 472 468 82 456 137 452 172 64 380 152 476 184 442 157 130 61 457 286 328 319 110 447 466 156 225 211 279 140 
255 382 277 226 105 0 309 181 192 467 59 414 102 368 389 236 65 252 72 76 208 64 354 233 125 57 198 438 232 360 216 322 321 97 98 254 152 113 141 50 287 358 414 339 225 58 282 241 260 60 
267 175 75 328 358 150 0 335 263 87 66 329 460 94 149 263 350 353 121 169 445 121 406 58 242 245 233 250 233 180 217 243 154 342 475 432 406 124 473 168 368 245 447 327 289 303 296 138 155 367 
258 306 439 370 314 180 114 0 254 136 53 384 303 454 244 351 428 175 257 52 147 131 126 98 78 160 338 331 406 182 192 273 146 205 211 467 225 97 287 429 183 291 69 193 244 263 494 171 145 250 
380 449 332 213 498 116 323 91 0 153 228 223 295 451 320 450 368 286 175 171 72 310 305 69 329 204 470 299 197 348 394 154 227 342 192 146 95 258 419 136 361 354 66 362 60 336 312 379 328 193 
256 106 453 267 333 489 421 302 287 0 118 149 387 222 83 435 364 179 481 121 98 323 188 402 339 500 412 381 67 497 208 210 253 472 370 470 304 358 391 105 351 215 205 444 387 238 378 457 123 114 
284 171 388 422 279 226 177 398 107 195 0 150 472 111 109 443 431 79 246 495 176 58 345 341 213 288 434 157 373 390 437 437 173 315 324 301 93 257 428 197 70 329 298 492 391 113 435 321 142 387 
316 475 395 367 71 314 362 211 177 234 100 0 114 377 430 379 408 437 178 164 121 82 184 400 86 175 290 149 316 318 449 410 340 423 304 206 201 118 274 362 452 458 169 65 91 305 150 449 242 486 
112 313 67 453 212 103 334 209 202 357 477 357 0 266 316 487 69 228 187 344 453 255 296 166 374 67 207 179 375 155 127 360 424 390 377 132 308 186 417 223 338 273 199 402 245 221 388 264 156 74 
315 108 279 317 431 360 334 138 245 208 450 78 67 0 130 174 150 212 432 286 335 362 331 314 267 232 58 439 119 273 301 350 294 359 335 110 289 194 150 133 145 65 290 173 289 370 297 390 81 436 
382 367 297 212 180 63 394 189 208 219 168 459 68 168 0 73 110 228 69 461 84 152 106 99 392 436 339 468 440 435 500 375 316 122 378 235 252 391 335 147 306 54 472 264 279 139 495 95 73 63 
56 108 372 319 157 471 254 202 438 193 343 437 67 366 58 0 151 100 468 493 385 321 54 145 293 268 131 382 262 176 406 482 182 220 354 207 327 324 412 236 261 104 78 405 329 150 169 430 200 136 
178 292 408 182 387 407 157 224 288 125 351 400 314 239 119 167 0 397 153 197 64 95 408 325 330 68 360 431 188 497 130 481 174 372 388 63 466 50 377 189 289 208 246 395 472 192 465 345 295 324 
492 309 369 156 133 198 174 444 128 312 440 416 500 320 287 143 89 0 459 144 172 148 383 331 100 484 58 242 204 354 487 478 345 295 102 451 135 251 332 285 85 350 431 451 349 250 445 443 497 403 
86 168 257 175 205 308 158 214 256 313 67 243 497 118 244 99 276 329 0 56 107 113 91 407 494 249 256 451 400 405 203 302 441 321 266 322 233 280 430 153 486 449 170 228 446 445 423 251 220 458 
257 277 71 54 391 271 253 353 221 152 257 374 161 404 402 133 225 341 363 0 361 444 348 310 320 76 462 264 205 212 435 162 419 418 183 179 308 161 139 160 332 241 123 413 108 477 70 191 408 361 
53 269 60 352 78 330 134 490 93 289 408 234 401 82 152 291 211 166 402 300 0 484 440 248 106 352 306 290 128 204 197 195 414 416 205 472 200 485 105 396 285 344 303 469 452 335 327 242 497 444 
350 52 427 289 250 239 348 263 479 426 417 383 121 86 298 276 58 205 468 113 100 0 252 164 354 220 322 188 498 63 391 197 363 394 330 358 350 68 205 112 254 131 235 136 409 272 140 391 280 295 
358 99 346 109 213 406 487 485 300 240 254 398 387 323 291 216 181 140 234 336 410 194 0 173 144 280 81 366 371 423 145 372 280 195 424 96 114 329 82 99 336 272 59 233 158 333 474 80 220 320 
471 55 229 165 179 324 395 210 396 472 339 492 100 119 393 474 165 457 303 404 262 138 175 0 272 77 490 311 50 69 481 76 490 242 463 154 127 493 256 288 388 434 333 135 484 158 234 458 480 191 
467 383 159 311 264 137 338 253 154 94 272 341 120 469 83 289 329 160 281 291 154 376 225 438 0 217 208 95 402 372 75 299 338 164 164 148 379 252 192 131 112 236 110 404 63 78 437 302 113 96 
290 355 408 372 79 345 88 444 146 196 316 378 445 360 493 109 215 371 67 357 208 129 93 268 483 0 106 52 419 114 116 222 354 177 129 225 206 180 471 356 276 166 378 154 318 445 146 133 159 223 
150 222 381 436 265 149 419 77 358 93 142 180 472 202 307 100 134 219 437 104 75 213 427 159 73 244 0 103 376 327 212 98 183 385 429 119 356 284 244 384 349 287 232 479 466 384 286 272 468 455 
209 278 236 128 412 346 151 362 399 477 189 318 281 78 409 416 147 471 407 97 110 255 91 292 233 56 383 0 225 278 106 180 437 335 366 64 453 418 165 314 73 348 209 97 335 238 456 251 91 426 
364 139 487 118 180 485 57 186 367 233 170 424 363 107 465 435 328 417 109 444 437 132 498 146 179 89 90 341 0 497 131 473 360 427 215 428 313 200 435 205 66 374 326 196 443 383 160 378 210 283 
193 360 220 482 114 72 160 153 112 207 149 193 179 215 327 345 142 139 251 283 295 474 157 327 170 306 416 487 390 0 332 477 82 399 403 63 463 425 380 322 487 86 177 386 423 342 212 474 190 58 
431 179 303 404 493 336 73 299 251 267 188 82 243 221 431 145 441 149 69 77 177 262 320 304 147 242 352 66 422 248 0 74 352 378 83 256 126 369 486 375 119 459 270 358 201 441 289 52 137 144 
278 164 272 246 435 282 344 383 341 360 305 88 140 363 172 173 118 249 492 311 123 317 269 343 174 177 490 169 386 334 264 0 371 448 242 116 138 474 410 228 70 476 483 109 115 101 231 445 377 430 
436 187 260 459 162 309 133 496 299 459 382 339 429 252 493 170 318 131 351 435 309 371 166 498 186 232 98 368 383 181 53 319 0 74 263 484 187 279 323 182 77 282 270 122 210 472 114 87 497 195 
144 187 210 465 303 414 151 241 219 225 124 350 228 149 375 198 132 268 427 406 156 210 187 377 282 103 104 346 347 307 248 441 444 0 164 162 247 78 263 438 247 194 61 303 372 160 177 276 450 395 
202 355 258 118 248 134 106 57 395 403 355 202 357 51 145 471 163 98 255 132 487 452 276 254 255 355 121 138 130 70 240 490 131 448 0 314 85 81 371 92 182 480 153 334 92 155 430 62 475 234 
268 314 220 426 89 181 387 150 459 476 438 235 215 183 316 369 447 107 156 73 149 288 52 253 122 94 114 258 314 295 442 288 108 369 213 0 355 256 307 455 214 282 148 155 203 281 177 71 435 234 
177 458 333 171 461 292 243 261 112 451 74 358 149 68 416 468 439 477 430 245 432 143 477 286 455 386 67 131 163 208 71 497 165 354 167 332 0 353 361 93 415 67 324 272 166 99 395 340 488 371 
269 232 58 118 415 295 72 300 68 360 413 226 381 409 97 442 75 380 294 142 179 415 160 209 394 483 258 288 323 245 365 298 427 130 123 341 131 0 352 347 149 212 259 81 299 374 335 240 400 214 
240 248 99 362 358 259 255 341 223 249 370 419 320 374 101 400 447 149 481 299 202 336 217 168 123 466 492 409 413 147 329 359 346 379 220 410 344 181 0 457 66 380 326 191 407 200 450 306 353 305 
494 151 457 329 74 124 159 247 323 67 159 420 346 224 472 431 151 382 274 282 338 498 369 371 395 482 277 344 287 129 355 280 438 312 316 462 142 181 208 0 171 198 73 91 250 455 269 388 105 150 
368 93 195 365 168 65 260 149 292 310 143 127 165 129 64 183 395 233 482 75 147 153 430 378 401 387 332 169 274 143 477 141 393 378 213 61 393 179 367 391 0 439 460 224 310 89 446 199 190 178 
181 423 482 491 108 115 147 445 153 473 425 246 449 66 346 82 436 113 181 114 430 278 52 146 453 69 185 398 218 81 282 105 210 263 302 269 329 399 420 432 372 0 345 385 76 117 437 109 52 500 
240 116 185 469 325 281 421 344 172 74 269 204 306 80 364 275 333 339 310 231 259 449 102 310 89 336 377 476 395 379 475 341 201 159 309 476 391 436 76 62 460 51 0 423 472 81 494 454 364 332 
263 302 297 211 110 106 457 396 433 432 497 67 406 338 425 272 353 157 369 289 183 137 455 391 267 183 422 260 136 493 298 105 50 95 474 110 358 430 213 498 362 209 64 0 474 253 440 452 106 303 
320 101 192 164 55 82 381 395 210 140 481 409 144 86 409 396 59 470 254 195 389 458 56 97 472 237 301 167 188 357 176 215 408 318 329 169 350 209 271 60 55 251 419 356 0 494 328 252 259 53 
212 405 392 169 167 195 347 354 446 221 249 58 347 414 172 165 242 499 465 157 269 231 162 226 357 468 427 391 426 185 150 137 296 492 463 170 393 310 230 339 481 429 103 83 98 0 433 198 290 431 
370 153 406 307 265 338 163 440 264 260 121 156 360 209 158 351 378 278 451 187 215 496 374 350 98 408 399 237 312 395 374 388 499 279 195 470 117 64 165 87 275 237 193 134 152 302 0 192 480 286 
142 167 451 137 247 301 392 361 199 129 173 93 453 60 298 439 412 268 55 427 139 92 201 326 443 492 428 244 183 164 480 275 488 187 118 234 438 461 95 343 89 425 142 248 191 391 186 0 103 365 
191 480 454 441 387 487 383 378 170 333 268 284 68 493 271 205 318 212 142 278 257 191 73 388 284 271 78 381 408 131 452 305 317 405 245 410 147 334 288 475 166 55 258 185 254 236 340 278 0 154 
189 55 117 330 78 455 320 56 483 200 414 321 151 218 137 263 170 498 116 454 492 90 327 253 55 218 213 448 57 442 101 403 447 168 440 232 122 259 445 311 166 358 131 267 282 426 236 158 179 0 

1493.5 0 1
1493.5 1 44
1493.5 2 22
1493.5 3 7
1493.5 4 14
1493.5 5 40
1493.5 6 40
1493.5 7 20
1493.5 8 3
1493.5 9 44
1493.5 10 20
1493.5 11 27
1493.5 12 2
1493.5 13 36
1493.5 14 1
1493.5 15 26
1493.5 16 28
1493.5 17 4
1493.5 18 48
1493.5 19 23
1493.5 20 5
1493.5 21 15
1493.5 22 21
1493.5 23 5
1493.5 24 44
1493.5 25 44
1493.5 26 3
1493.5 27 25
1493.5 28 27
1493.5 29 25
1493.5 30 34
1493.5 31 32
1493.5 32 20
1493.5 33 7
1493.5 34 40
1493.5 35 39
1493.5 36 3
1493.5 37 36
1493.5 38 10
1493.5 39 12
1493.5 40 37
1493.5 41 35
1493.5 42 39
1493.5 43 39
1493.5 44 22
1493.5 45 46
1493.5 46 17
1493.5 47 1
1493.5 48 0
1493.5 49 21

