50 50 4

0 360 378 371 428 491 308 405 162 426 446 459 113 104 304 418 251 401 243 397 122 407 446 481 196 365 86 470 460 157 128 268 467 457 345 150 203 153 55 71 285 451 480 104 261 284 472 218 391 421 
114 0 219 327 60 199 230 131 442 199 90 98 485 64 272 197 116 372 350 426 133 128 210 290 107 471 50 97 443 218 195 119 490 364 397 500 270 126 337 211 275 134 467 466 148 238 162 214 109 219 
139 193 0 297 55 433 110 477 190 158 175 114 303 244 103 166 347 309 386 423 146 304 405 230 270 370 84 458 239 249 66 408 94 416 411 307 105 471 490 245 128 371 309 137 321 119 461 168 378 102 
90 474 356 0 201 203 332 278 238 289 467 193 62 374 444 184 491 250 239 461 446 190 296 316 206 139 137 275 99 255 152 152 51 333 214 203 242 253 431 186 492 153 329 260 477 480 151 223 436 340 
183 382 237 185 0 404 149 275 491 374 324 452 232 182 454 271 103 363 464 306 500 149 53 152 185 264 335 164 365 57 306 411 397 187 354 82 91 453 307 288 326 130 240 265 470 400 486 72 262 449 
328 468 305 331 326 0 440 301 160 310 372 374 115 283 270 460 343 58 257 296 315 495 328 152 441 92 121 340 285 350 101 440 384 275 244 214 100 390 222 417 199 93 290 472 82 267 187 376 275 394 
378 90 144 205 192 85 0 455 470 375 239 75 183 178 409 408 373 329 215 469 50 131 375 301 372 346 89 138 239 415 363 132 499 159 226 204 57 468 158 477 343 347 258 476 231 166 139 103 446 304 
279 202 386 153 453 257 205 0 249 101 394 163 170 232 162 280 164 72 287 132 180 471 425 233 228 156 414 101 245 224 253 256 453 405 141 105 114 104 260 313 362 360 182 482 91 50 468 205 279 255 
287 409 432 418 141 366 73 55 0 173 476 436 376 231 388 488 78 199 308 339 409 327 200 475 215 181 65 423 149 427 201 110 421 110 248 94 408 320 325 169 444 300 104 319 237 198 62 265 347 320 
103 462 146 460 436 68 140 207 441 0 446 134 141 262 261 408 216 305 72 487 129 398 430 135 453 248 322 357 468 293 204 287 102 165 140 61 101 158 359 465 305 60 305 396 480 65 60 195 77 82 
388 363 430 317 449 138 272 477 446 239 0 477 356 232 285 471 322 53 278 186 118 243 441 128 254 337 314 270 103 216 53 342 103 366 271 371 314 116 349 498 268 294 474 123 476 258 300 298 261 78 
434 329 478 375 164 231 418 184 207 227 350 0 210 68 160 76 496 481 96 111 85 93 85 329 273 158 304 238 409 308 205 193 242 241 377 323 111 314 447 245 472 173 302 388 191 412 170 393 148 217 
211 183 467 246 462 447 111 472 184 226 280 95 0 369 228 286 452 50 347 265 203 299 443 326 100 331 223 462 451 322 109 374 483 449 97 229 166 250 290 137 140 466 123 185 90 301 178 248 57 231 
463 210 480 406 242 286 443 171 247 393 444 62 474 0 182 461 277 361 126 477 357 421 116 322 494 458 118 295 135 316 58 317 486 426 52 391 167 289 89 496 242 188 195 255 161 327 422 144 188 499 
120 251 419 393 280 412 351 348 413 436 371 422 459 356 0 347 462 453 220 457 492 422 198 179 116 159 498 150 288 141 495 286 419 245 411 311 475 78 161 79 198 304 400 119 262 462 172 430 170 98 
386 368 471 291 253 293 156 250 393 394 98 387 386 223 339 0 296 484 313 81 352 98 229 155 448 54 123 165 176 260 285 431 145 359 401 142 112 401 456 312 293 349 116 387 442 289 225 237 480 244 
475 331 293 203 192 447 207 472 112 89 231 103 227 327 169 127 0 175 231 234 130 249 478 186 316 120 127 311 295 70 290 489 496 327 488 405 225 435 319 197 253 114 378 62 291 411 181 125 86 362 
309 373 111 493 265 133 112 342 394 357 119 391 102 114 424 89 225 0 149 474 494 296 226 108 173 239 105 84 370 180 327 439 440 406 500 432 171 339 495 219 439 107 288 329 159 352 253 406 284 108 
379 277 354 312 91 477 257 147 267 333 277 300 271 423 206 477 111 327 0 315 105 496 254 369 284 289 235 342 248 140 125 306 469 109 159 487 150 343 450 247 316 283 475 116 260 153 272 444 214 305 
258 476 300 218 345 290 214 79 339 168 169 414 425 344 229 290 87 330 339 0 487 76 155 269 257 428 236 361 199 179 74 210 143 50 460 68 101 457 232 130 295 350 456 415 481 55 144 478 92 424 
316 286 206 177 54 414 104 447 481 460 125 261 376 426 468 336 444 68 499 382 0 355 293 438 310 414 419 72 57 152 114 187 418 350 100 302 111 220 112 264 200 279 340 167 154 265 135 196 415 153 
194 296 459 193 233 475 107 358 497 321 460 318 215 134 374 265 142 191 435 204 406 0 341 433 452 458 87 423 299 440 337 403 134 339 117 277 278 298 90 343 51 362 302 75 283 142 399 498 234 297 
188 145 202 235 77 153 399 321 75 198 261 118 307 101 407 130 84 391 378 125 233 135 0 193 242 160 426 334 266 423 275 269 317 370 421 51 397 280 400 425 61 304 392 129 110 443 242 397 477 339 
275 101 72 116 244 264 434 376 97 406 298 322 174 321 191 301 322 295 80 429 426 91 439 0 317 377 256 466 325 152 442 163 377 250 392 200 200 155 133 76 410 245 80 438 369 352 129 169 380 130 
406 64 55 203 454 78 286 209 494 317 311 191 186 395 391 78 301 298 183 140 80 92 335 110 0 481 410 168 316 285 499 152 190 269 364 343 222 392 335 137 141 151 399 282 287 500 380 315 300 177 
205 390 207 247 431 474 434 340 142 456 124 347 107 471 115 177 69 288 68 354 131 366 455 236 148 0 241 235 478 263 241 361 418 337 274 371 267 454 61 313 95 467 387 392 281 113 214 408 132 208 
183 436 289 499 146 476 146 94 417 330 307 158 397 224 445 377 301 419 331 312 231 132 279 325 231 266 0 388 395 173 471 102 62 162 97 61 259 72 364 303 440 401 316 304 53 246 455 381 497 373 
418 309 311 500 294 135 230 59 473 331 389 199 383 402 312 187 413 277 209 483 286 355 383 101 365 387 297 0 320 474 293 192 391 308 453 146 101 294 327 317 474 157 206 172 247 107 190 384 226 173 
299 208 409 361 298 460 225 391 256 495 364 256 394 461 63 102 106 115 103 139 382 76 247 294 405 200 351 95 0 290 283 425 295 198 334 155 446 500 331 336 463 81 406 218 181 366 231 234 178 52 
287 268 141 69 221 385 424 371 443 469 367 432 150 161 129 434 267 281 433 304 116 395 91 228 319 223 300 257 407 0 429 259 400 196 106 419 123 442 342 444 140 67 66 71 167 177 358 307 150 138 
446 160 412 97 202 139 366 375 390 122 488 74 88 143 220 144 61 293 292 109 443 382 333 215 160 206 342 224 463 199 0 312 165 309 223 212 217 313 77 91 409 150 285 433 188 378 359 489 145 151 
281 205 300 369 244 465 235 401 62 409 119 418 221 234 434 394 152 150 413 180 399 321 487 183 460 381 61 318 369 156 175 0 356 67 181 225 469 352 410 369 365 319 194 489 246 135 422 346 444 279 
259 123 177 286 316 66 453 403 77 270 479 391 152 334 408 283 265 376 342 382 451 413 407 352 401 152 193 79 448 136 308 413 0 210 191 406 232 207 358 135 442 334 113 332 436 153 239 426 369 322 
267 250 479 179 156 330 286 465 473 315 412 109 329 81 476 226 437 414 384 294 499 81 127 318 363 270 178 308 195 497 336 412 453 0 315 297 315 144 82 279 324 104 397 139 383 428 114 109 120 234 
199 364 440 230 198 257 299 418 141 106 112 137 393 230 296 414 233 110 57 265 95 331 319 443 176 409 126 240 468 197 181 373 267 120 0 102 415 83 107 332 175 370 150 469 262 330 265 382 62 81 
390 485 127 427 59 276 103 418 108 500 141 255 180 464 473 250 272 387 284 329 426 165 199 75 133 167 112 104 500 331 136 145 315 420 71 0 81 195 331 449 253 87 90 215 217 53 394 174 483 487 
164 311 412 279 216 438 118 90 256 173 89 86 466 391 352 385 168 383 286 450 87 245 487 334 410 410 338 303 83 76 290 197 93 201 182 260 0 345 251 300 100 130 95 344 95 436 195 430 103 284 
422 259 77 166 452 362 76 362 406 85 395 432 325 299 475 233 187 441 284 144 447 91 224 248 385 269 183 286 405 444 276 326 409 303 199 361 371 0 225 429 276 260 323 414 292 328 145 231 222 85 
221 316 239 262 491 437 353 466 120 138 127 270 364 159 385 374 308 245 451 239 173 227 450 203 347 448 237 442 385 409 234 105 432 423 318 178 359 170 0 143 185 466 427 161 85 86 497 165 344 448 
116 83 328 500 239 237 346 393 424 288 277 89 228 332 227 150 356 355 459 233 204 144 198 131 255 233 167 458 349 217 406 415 457 233 170 402 176 466 294 0 306 460 70 101 187 109 278 287 415 132 
453 147 287 303 51 124 57 235 241 222 290 164 127 411 121 66 80 473 192 496 474 448 212 494 256 349 309 484 343 224 116 295 77 109 304 79 183 311 471 130 0 483 260 244 316 170 71 88 407 251 
230 402 224 385 320 424 140 376 233 330 218 163 152 219 190 211 473 426 100 490 396 180 229 155 131 251 482 359 290 388 109 226 497 283 317 316 207 407 191 390 444 0 115 259 95 491 399 257 463 325 
63 209 427 401 388 289 482 138 270 340 134 365 400 311 117 389 127 383 95 241 281 191 184 102 400 229 93 55 192 262 86 206 177 219 313 271 458 294 116 435 340 200 0 299 446 461 366 335 88 455 
136 486 442 485 169 251 140 348 294 352 247 262 144 159 390 314 422 367 271 422 433 205 261 133 210 414 93 282 455 338 237 297 323 385 281 198 135 128 253 135 186 450 104 0 281 108 200 301 236 66 
71 157 450 434 368 82 143 281 332 132 235 377 319 483 406 410 470 104 496 304 307 337 441 463 391 428 70 90 228 256 107 456 119 56 389 437 295 239 425 333 321 366 209 346 0 104 115 255 281 169 
457 84 182 294 231 144 184 365 371 432 92 333 245 499 402 458 143 94 252 332 225 291 359 91 451 204 352 272 166 132 391 122 374 279 122 311 373 464 176 243 395 425 75 139 423 0 183 303 273 227 
54 104 403 295 170 200 452 324 51 223 196 341 320 476 421 98 97 438 177 60 320 370 161 245 151 457 374 284 259 146 218 470 408 120 472 77 270 423 107 478 353 254 74 172 229 445 0 428 483 383 
104 250 202 181 361 153 489 74 478 273 283 330 197 460 237 267 431 471 243 109 78 220 168 489 245 498 424 396 425 406 485 235 155 187 122 223 497 111 247 230 90 236 60 237 195 247 454 0 332 218 
403 392 453 122 59 441 73 56 364 420 187 476 404 129 338 297 201 60 50 262 464 230 58 199 240 245 345 194 405 176 362 307 274 70 136 491 461 159 253 80 285 391 262 396 226 99 399 377 0 316 
155 346 279 336 354 429 75 99 480 219 210 362 287 468 136 63 103 126 474 419 329 260 411 426 473 62 358 278 167 235 94 273 287 323 108 140 458 340 396 437 266 106 299 259 280 141 273 89 424 0 

1646 0 28
1646 1 11
1646 2 48
1646 3 26
1646 4 36
1646 5 9
1646 6 30
1646 7 33
1646 8 46
1646 9 42
1646 10 29
1646 11 22
1646 12 5
1646 13 7
1646 14 28
1646 15 8
1646 16 17
1646 17 24
1646 18 32
1646 19 46
1646 20 42
1646 21 11
1646 22 48
1646 23 35
1646 24 12
1646 25 36
1646 26 25
1646 27 3
1646 28 45
1646 29 44
1646 30 7
1646 31 29
1646 32 7
1646 33 6
1646 34 6
1646 35 43
1646 36 20
1646 37 36
1646 38 33
1646 39 23
1646 40 35
1646 41 18
1646 42 1
1646 43 40
1646 44 25
1646 45 35
1646 46 4
1646 47 48
1646 48 10
1646 49 37

