50 50 3

0 481 50 350 413 279 58 484 336 111 209 325 146 434 462 372 301 478 220 119 363 427 64 468 84 65 64 449 155 352 65 80 333 65 136 245 50 144 228 336 412 143 161 264 283 329 135 84 306 306 
153 0 376 439 375 99 473 146 321 177 251 172 192 281 455 415 367 406 415 217 340 251 335 190 118 99 423 397 391 457 409 403 317 284 341 191 90 69 494 117 197 244 239 95 231 401 460 304 62 131 
471 109 0 332 61 249 400 317 171 52 208 335 411 110 151 402 158 499 442 177 492 58 80 442 454 126 172 354 292 426 123 373 152 182 204 163 381 310 187 51 312 345 92 430 161 193 331 476 191 479 
153 389 243 0 183 330 196 466 208 257 258 133 86 130 442 218 492 312 98 57 449 306 76 500 349 456 160 248 493 343 146 471 446 485 420 335 71 322 57 229 285 265 69 321 345 461 489 92 272 293 
100 220 306 126 0 219 361 288 86 108 280 379 204 457 80 396 376 121 417 404 128 352 189 343 371 460 395 88 205 193 310 204 243 237 460 75 406 320 69 198 135 299 283 289 462 313 391 337 385 63 
448 219 366 136 62 0 443 302 163 481 457 306 291 161 256 234 327 488 346 147 57 495 232 306 484 227 475 297 118 67 388 131 465 106 203 100 325 146 353 194 333 309 207 330 176 413 63 454 156 360 
307 163 110 245 176 93 0 178 150 96 453 167 190 291 132 247 444 389 278 296 241 423 336 257 129 165 139 248 386 299 354 245 105 224 61 56 106 311 185 206 358 344 79 498 134 368 451 78 257 229 
80 204 358 366 411 193 482 0 257 147 367 55 207 318 318 381 85 324 437 346 215 349 410 59 135 164 143 453 321 378 416 500 165 120 113 481 237 256 218 444 353 291 450 60 315 267 147 350 297 291 
403 219 139 68 228 431 182 77 0 140 454 162 55 209 277 332 273 257 69 235 182 219 295 179 375 61 445 348 158 50 145 399 159 70 245 178 455 175 310 482 265 470 143 478 386 126 309 365 90 84 
99 222 461 100 351 335 111 51 183 0 220 259 485 325 368 54 69 496 459 402 62 196 373 238 497 106 123 122 122 438 162 156 488 90 323 87 148 158 356 149 498 75 358 238 350 226 449 126 428 163 
234 440 309 106 385 305 370 458 134 442 0 396 246 304 139 494 127 383 141 442 238 240 195 263 305 383 320 237 331 152 164 444 336 311 459 148 195 264 224 152 104 165 254 56 420 343 500 253 226 140 
194 414 331 339 384 342 428 410 78 258 268 0 192 408 310 209 366 164 354 336 339 213 390 454 417 397 129 260 396 332 192 487 232 312 73 277 195 365 204 311 393 168 78 291 75 94 451 148 209 304 
434 498 467 324 207 140 427 287 350 322 325 492 0 64 264 303 87 491 205 158 402 222 257 276 458 499 58 51 449 156 210 459 89 207 182 119 121 272 496 114 328 74 389 75 88 359 84 333 106 239 
197 458 168 405 233 125 403 241 126 107 103 287 65 0 143 200 404 419 271 175 415 335 209 439 431 234 233 289 269 272 345 214 420 58 88 324 449 163 433 396 240 490 450 233 261 92 139 165 461 117 
497 131 402 413 276 88 146 216 84 121 438 379 493 357 0 144 80 387 92 194 319 438 140 64 387 323 483 185 168 147 353 235 350 434 344 262 417 382 115 132 416 393 69 51 385 133 145 172 470 394 
72 496 331 162 266 425 191 248 316 309 101 168 251 402 102 0 94 370 225 426 191 307 98 84 326 306 175 409 157 297 135 50 75 130 87 187 102 462 84 301 278 100 352 152 301 253 411 345 330 135 
477 471 392 74 261 218 330 143 333 437 146 418 193 172 254 231 0 309 307 399 100 314 383 150 165 486 401 125 152 452 405 238 428 131 129 453 343 53 489 436 337 182 288 461 325 410 422 262 426 435 
161 476 248 250 332 363 442 232 438 94 183 342 282 317 180 361 269 0 229 121 258 371 408 146 158 124 421 68 496 183 444 430 50 175 177 250 457 247 192 188 184 236 77 233 224 344 363 291 320 91 
362 284 412 476 380 276 100 56 294 95 189 237 232 189 362 115 146 74 0 312 495 212 203 437 446 142 160 497 455 157 72 252 470 306 370 445 392 145 495 398 146 297 87 89 235 433 158 300 285 182 
319 279 101 228 422 497 320 288 249 274 396 271 232 365 76 308 65 174 159 0 267 72 255 63 316 295 455 455 159 461 240 291 486 225 342 213 147 95 483 385 294 463 487 272 194 351 54 208 367 179 
318 340 201 279 109 467 280 63 421 389 474 367 180 460 92 228 172 396 273 362 0 487 274 324 474 496 225 324 500 383 397 178 407 236 329 393 51 51 172 64 179 268 245 496 154 411 87 332 82 433 
312 150 420 85 425 393 80 149 423 286 238 76 415 352 469 450 244 471 208 122 241 0 337 96 436 332 200 346 370 239 135 58 257 235 184 292 159 283 78 465 413 70 203 195 435 261 163 141 211 340 
299 283 81 135 86 467 417 443 69 493 388 154 258 144 339 392 142 205 382 377 169 294 0 398 78 439 88 496 308 179 206 148 428 196 386 62 232 108 186 381 127 178 269 438 142 119 484 485 212 188 
122 88 63 366 192 299 60 231 294 318 360 207 172 495 353 264 56 291 323 399 171 400 284 0 390 94 376 460 77 116 378 215 188 172 435 53 315 233 270 496 234 295 355 391 417 349 450 181 112 240 
210 217 361 316 451 458 360 83 173 387 149 50 308 288 379 243 498 193 182 268 188 366 62 250 0 463 185 305 412 72 367 151 232 84 219 499 241 383 358 274 55 452 374 262 259 368 140 452 365 284 
341 339 178 206 107 378 376 450 183 287 228 256 145 167 497 70 372 445 403 229 218 408 387 298 376 0 146 372 222 304 444 212 144 489 341 57 96 425 383 252 314 169 430 70 471 96 273 491 418 217 
393 354 142 56 447 146 138 92 469 311 347 168 473 197 156 313 204 409 238 86 160 258 413 297 278 383 0 99 258 130 224 181 229 284 480 236 230 126 324 480 301 341 82 419 314 229 281 126 384 190 
70 176 56 486 88 59 470 178 316 227 465 246 359 193 480 338 135 416 170 166 395 177 457 183 302 270 119 0 83 103 453 430 330 335 192 315 130 409 285 465 224 218 429 420 283 328 155 121 414 277 
448 79 379 125 486 61 377 463 130 166 65 289 302 345 124 445 367 411 109 151 375 283 319 303 409 102 337 270 0 380 250 497 83 486 375 158 472 143 242 190 223 114 205 219 367 256 500 67 122 410 
126 223 284 115 249 293 230 301 129 450 387 330 202 420 71 284 285 493 377 233 182 306 297 93 231 370 300 230 387 0 372 139 463 302 373 284 50 372 464 301 452 169 394 488 78 313 58 312 304 258 
395 487 146 407 491 190 138 360 440 74 247 67 164 416 319 243 407 319 115 370 326 273 246 219 260 274 239 268 292 493 0 232 186 236 329 299 226 469 387 85 164 168 489 388 282 161 207 231 67 476 
52 387 58 275 132 434 241 112 172 216 354 372 398 490 107 433 289 490 157 382 74 271 500 270 366 488 381 72 426 398 254 0 428 491 262 410 330 196 357 392 74 72 246 396 177 442 209 316 437 198 
424 75 430 401 281 199 266 269 79 288 194 183 249 328 173 217 237 453 119 301 345 144 79 297 246 206 238 162 229 382 310 152 0 407 239 52 187 144 269 162 173 263 306 306 462 341 186 386 284 138 
455 84 189 305 114 436 258 477 381 370 205 262 179 63 375 125 66 268 426 492 381 99 254 393 111 423 233 454 308 224 92 469 258 0 231 274 78 374 482 262 254 351 417 222 236 431 96 67 203 314 
444 194 401 249 154 294 66 283 233 471 297 407 269 266 165 450 246 400 323 434 161 283 284 285 455 226 422 50 451 124 71 394 475 422 0 349 128 215 365 118 155 91 365 61 310 130 383 467 326 283 
496 259 394 279 249 178 233 182 99 441 132 380 218 232 110 139 80 189 61 151 257 166 193 328 384 209 409 267 175 441 500 171 407 393 156 0 362 278 95 250 83 486 88 170 203 270 230 500 56 125 
267 365 88 139 264 367 473 423 275 239 305 422 238 182 84 338 288 397 322 333 146 355 75 185 231 435 161 412 434 375 487 407 239 282 496 453 0 148 469 131 129 207 142 50 152 274 85 196 61 188 
468 101 491 78 126 175 260 60 494 378 201 368 120 107 313 352 103 472 450 71 102 78 435 195 286 293 175 321 439 187 215 406 238 205 435 314 87 0 401 80 80 278 231 154 348 289 417 200 342 388 
356 119 196 385 260 97 377 53 223 404 442 360 118 348 304 273 489 324 310 389 354 96 373 85 200 427 80 323 126 372 210 189 197 357 280 407 404 156 0 166 126 59 108 192 127 406 446 106 150 476 
123 489 330 169 117 121 76 494 358 349 327 436 59 466 132 122 245 245 232 351 362 65 360 420 207 193 81 360 249 181 335 322 376 371 198 199 198 224 192 0 55 72 225 441 81 190 279 360 141 231 
92 198 92 107 264 218 471 407 456 330 363 136 372 184 218 449 332 123 354 55 265 115 285 441 263 72 337 492 383 185 222 181 333 471 238 97 188 415 454 143 0 452 72 436 79 207 360 478 245 433 
87 458 405 153 242 101 366 264 144 113 353 279 493 484 112 463 428 366 358 343 75 207 50 98 350 79 255 209 263 206 349 301 370 253 404 111 60 476 82 154 88 0 141 140 80 125 202 250 259 67 
314 308 92 471 308 347 320 93 308 236 307 465 84 107 334 494 217 152 260 192 391 364 437 482 454 224 313 362 424 279 135 444 86 385 414 101 231 441 144 490 383 157 0 454 417 214 494 166 381 352 
376 279 449 446 216 187 156 390 206 224 69 435 66 463 228 401 132 486 131 72 336 327 405 444 487 77 157 481 400 245 88 482 474 488 184 189 174 497 78 330 220 97 472 0 236 266 199 343 349 184 
181 127 470 458 239 413 445 473 277 181 373 472 219 110 445 413 244 134 293 240 369 330 167 417 301 109 389 206 159 237 96 290 315 272 247 53 392 398 476 168 78 104 139 455 0 165 290 123 359 374 
367 306 450 196 179 122 203 238 461 359 347 198 161 343 219 383 90 429 274 194 404 392 223 215 237 384 330 478 457 395 107 79 407 263 225 85 335 134 481 296 199 83 444 310 377 0 162 193 173 90 
417 317 200 65 246 121 459 129 157 192 86 52 250 115 165 463 498 201 298 338 388 300 488 421 243 297 53 111 196 383 358 320 200 264 91 152 336 500 232 443 192 475 201 148 296 317 0 317 500 224 
321 338 111 120 81 238 69 84 242 130 231 124 194 257 481 165 298 133 451 297 315 149 195 496 57 293 498 80 110 498 254 381 91 71 452 122 259 227 363 207 308 300 282 208 56 262 323 0 304 101 
480 308 122 336 453 117 343 246 115 129 62 319 89 393 360 110 100 188 75 278 50 233 292 301 221 206 307 189 480 318 241 459 332 313 294 491 137 343 236 409 422 455 227 461 104 293 277 361 0 187 
303 345 187 242 136 194 413 500 208 101 479 232 292 193 63 312 194 53 399 243 447 63 165 401 447 332 455 239 316 316 132 325 160 476 66 454 170 185 453 328 236 187 266 235 86 279 253 230 489 0 

1497.5 0 46
1497.5 1 4
1497.5 2 10
1497.5 3 4
1497.5 4 42
1497.5 5 27
1497.5 6 15
1497.5 7 22
1497.5 8 0
1497.5 9 37
1497.5 10 15
1497.5 11 23
1497.5 12 6
1497.5 13 45
1497.5 14 19
1497.5 15 45
1497.5 16 7
1497.5 17 34
1497.5 18 44
1497.5 19 44
1497.5 20 38
1497.5 21 9
1497.5 22 34
1497.5 23 45
1497.5 24 43
1497.5 25 14
1497.5 26 4
1497.5 27 3
1497.5 28 9
1497.5 29 19
1497.5 30 18
1497.5 31 6
1497.5 32 28
1497.5 33 34
1497.5 34 15
1497.5 35 21
1497.5 36 11
1497.5 37 30
1497.5 38 48
1497.5 39 17
1497.5 40 23
1497.5 41 15
1497.5 42 40
1497.5 43 34
1497.5 44 11
1497.5 45 15
1497.5 46 30
1497.5 47 19
1497.5 48 0
1497.5 49 31

