50 50 4

0 161 434 432 146 183 108 63 266 324 115 109 410 492 287 407 340 259 463 147 113 302 397 473 241 315 130 160 99 440 451 415 307 140 102 160 273 367 173 245 190 445 305 307 436 91 213 483 57 382 
129 0 327 183 232 300 374 497 136 241 303 282 398 424 89 488 476 199 260 342 78 211 238 473 466 495 164 264 414 353 271 295 433 97 184 164 103 265 368 397 456 170 178 109 300 217 96 275 122 62 
116 150 0 223 304 122 396 55 444 366 419 296 343 214 435 390 348 99 200 112 173 303 274 500 431 333 299 355 135 280 427 354 346 77 284 356 356 179 361 299 251 487 302 93 407 236 189 254 492 339 
73 164 141 0 53 370 279 93 168 133 385 154 59 239 206 293 229 62 149 114 129 154 315 322 406 358 228 349 497 189 340 336 212 211 183 422 80 168 465 406 251 106 59 468 51 423 467 230 435 115 
294 270 427 108 0 92 88 416 270 387 412 409 434 454 327 144 344 456 381 462 176 493 420 232 259 143 233 181 109 413 322 382 413 91 308 471 340 346 142 317 233 54 432 373 214 466 467 264 421 103 
226 303 96 352 486 0 61 445 425 192 53 94 464 385 457 261 399 184 308 245 276 124 184 487 262 56 201 227 229 171 354 282 347 364 84 405 349 95 349 480 444 109 73 407 200 237 375 99 371 182 
50 353 463 391 340 224 0 153 247 158 332 368 218 320 422 81 111 326 136 156 382 116 100 441 346 213 347 82 87 152 159 426 152 463 388 493 302 319 145 255 427 183 122 351 210 250 383 271 76 469 
133 164 84 390 311 137 103 0 157 376 347 260 486 480 118 448 367 111 456 392 413 210 74 303 489 376 463 239 258 233 472 433 72 135 224 413 396 311 222 259 186 68 469 171 498 87 325 121 355 487 
219 474 403 244 276 392 119 445 0 337 327 384 308 466 407 149 189 319 495 450 491 253 136 265 429 464 470 222 496 297 283 482 466 256 385 209 239 483 278 183 319 311 67 333 277 180 432 172 205 182 
122 402 141 415 166 276 378 342 448 0 373 138 230 355 311 193 446 470 382 428 455 64 453 472 288 492 455 418 423 127 122 311 406 474 402 320 347 385 197 188 332 277 484 269 338 294 412 283 470 293 
417 180 63 125 359 302 116 313 219 489 0 146 499 55 51 472 163 321 74 498 225 420 86 452 159 305 289 403 216 278 128 215 194 259 228 269 117 480 91 136 406 79 233 160 291 441 131 404 262 363 
402 437 282 438 388 391 449 383 500 371 160 0 334 85 60 299 263 279 122 450 320 209 111 105 148 221 102 88 58 456 56 371 113 199 359 257 86 456 205 175 211 75 285 496 317 295 294 287 280 367 
443 306 282 53 117 136 431 169 381 439 332 388 0 66 151 86 131 359 330 87 270 455 248 52 447 450 319 241 244 105 228 317 498 240 98 257 308 391 187 183 271 333 221 365 349 323 402 186 388 438 
430 157 148 178 159 94 334 185 493 77 240 427 100 0 238 166 355 201 180 245 339 70 467 171 241 87 226 270 195 362 364 132 499 472 231 383 337 482 216 472 230 244 419 156 294 363 273 149 63 159 
100 352 179 273 229 127 311 405 103 456 474 418 88 472 0 145 476 354 432 213 69 160 394 470 78 500 471 147 479 326 160 138 376 219 474 149 398 100 410 59 361 121 239 278 159 210 373 341 270 60 
54 496 170 398 222 405 153 192 51 132 468 369 220 99 87 0 400 198 191 207 314 200 67 386 389 295 251 305 374 299 281 384 59 484 261 163 205 165 266 103 374 348 70 242 274 326 486 174 231 176 
331 251 83 104 136 178 105 94 190 429 99 177 68 108 160 279 0 221 315 151 437 368 231 492 144 179 265 421 164 145 358 497 182 108 286 443 402 415 498 446 104 182 251 231 201 309 98 186 236 119 
287 379 194 224 370 288 353 342 415 223 193 272 427 82 87 212 475 0 439 126 473 140 387 154 341 325 61 356 373 198 91 442 435 176 135 366 253 130 218 301 251 392 444 230 318 232 267 236 207 205 
313 386 295 406 490 342 230 51 197 309 199 445 458 340 327 299 205 79 0 135 130 330 337 228 481 273 252 212 490 438 125 401 457 461 195 363 451 243 299 208 390 108 113 90 272 159 367 70 71 397 
156 151 433 199 329 169 422 287 332 411 224 407 67 388 368 419 250 74 161 0 255 439 50 313 51 297 291 367 163 312 388 266 174 489 406 323 73 74 244 66 356 361 448 470 378 335 93 296 291 324 
407 496 262 163 65 470 410 306 336 279 117 431 496 241 175 401 63 199 425 464 0 422 488 324 369 457 201 203 256 447 444 79 353 440 291 466 455 467 131 260 58 361 84 439 112 482 114 219 496 470 
143 215 391 337 490 260 500 190 169 255 137 113 284 196 259 281 369 420 454 450 386 0 463 66 420 401 128 402 465 297 153 190 147 318 81 190 63 498 190 204 373 151 498 436 142 400 401 373 268 320 
327 425 206 496 197 332 396 276 233 117 279 92 257 132 117 495 480 130 248 169 491 121 0 477 488 263 118 388 164 198 362 190 231 493 346 226 190 385 328 416 324 395 401 367 359 240 190 109 219 270 
308 94 261 379 70 455 348 346 98 462 494 167 359 431 159 411 156 299 295 434 421 119 85 0 322 192 150 268 332 209 193 101 223 237 68 308 464 230 156 65 485 324 58 151 182 195 261 93 301 59 
94 442 431 163 233 459 305 333 226 136 248 369 395 422 312 169 229 482 349 335 498 334 159 262 0 435 498 408 402 90 415 412 135 112 98 455 295 56 260 334 439 102 82 63 447 454 325 323 182 62 
171 224 266 211 333 235 353 330 142 254 127 263 372 419 82 420 373 83 426 339 368 364 392 156 377 0 94 316 408 367 448 177 245 378 393 162 210 127 221 247 426 182 80 396 53 449 428 180 77 461 
312 367 84 383 465 397 259 265 212 374 132 367 257 83 244 149 195 161 227 367 114 359 255 144 254 258 0 299 388 388 326 105 200 399 346 82 119 243 498 335 161 127 173 234 334 206 185 190 107 296 
123 180 360 432 385 210 393 350 459 280 444 284 335 350 390 181 382 459 130 136 500 241 420 172 182 461 84 0 317 150 349 112 223 235 178 154 120 94 497 176 52 484 119 493 318 420 382 205 57 97 
285 350 96 233 270 219 365 437 460 181 86 308 450 259 494 334 119 320 378 323 446 136 306 64 128 330 190 217 0 486 405 264 270 254 310 209 230 235 73 166 195 204 202 209 360 167 202 193 237 228 
277 266 173 363 71 395 442 107 291 365 92 195 128 69 400 144 228 336 86 252 453 438 162 361 146 473 479 55 165 0 422 233 393 187 357 462 415 458 159 472 248 474 271 394 101 290 500 403 468 335 
439 426 494 376 88 355 228 60 89 233 382 461 417 481 354 480 199 475 437 308 202 184 282 423 284 89 419 283 442 387 0 325 136 312 318 218 106 172 397 323 211 129 412 378 252 392 438 231 90 168 
167 349 321 58 337 450 292 376 369 282 74 462 106 367 480 374 85 86 253 188 115 170 474 477 499 226 369 436 163 165 311 0 281 220 131 496 263 80 494 139 155 275 370 116 331 236 96 412 478 339 
164 165 404 284 346 381 489 278 456 181 391 327 442 378 254 72 373 467 309 123 312 171 348 181 237 386 124 490 297 101 84 167 0 424 195 157 269 282 146 253 237 277 143 270 425 228 230 447 307 197 
462 380 459 132 228 347 76 320 421 272 323 228 307 440 151 452 96 126 233 399 329 176 382 179 396 306 357 126 459 163 480 177 494 0 194 259 428 247 492 247 167 264 69 102 70 215 203 228 468 280 
411 123 315 293 455 444 395 468 300 227 426 170 206 102 163 107 68 297 304 59 250 178 273 476 230 500 190 383 227 364 369 344 437 391 0 343 148 334 238 115 341 415 491 461 328 300 330 385 318 333 
395 83 82 72 63 57 459 269 404 98 447 474 417 497 167 63 340 265 348 284 330 188 198 76 355 232 326 184 116 350 467 218 384 255 240 0 397 469 406 165 372 454 318 101 126 71 218 140 117 433 
438 351 262 332 255 289 186 438 321 76 260 171 249 428 54 454 375 157 422 280 479 500 440 53 100 65 281 476 155 348 408 92 405 377 130 366 0 372 266 59 192 499 477 69 247 160 73 200 241 387 
328 471 122 327 166 125 134 182 112 109 287 410 223 86 70 99 166 142 177 139 152 76 137 335 95 91 445 119 448 186 212 276 363 284 309 480 115 0 393 161 177 208 398 293 382 190 69 187 307 162 
315 152 471 341 239 305 386 487 249 211 435 141 130 210 455 364 469 434 186 118 94 313 483 198 313 364 95 332 258 352 200 72 210 377 119 155 388 211 0 142 137 373 76 435 209 443 389 279 411 322 
415 235 122 435 218 478 247 288 72 285 496 130 192 274 290 68 99 395 407 261 487 250 340 269 184 499 211 280 277 329 308 192 270 381 333 438 114 286 433 0 343 70 184 179 419 165 419 194 214 69 
307 425 263 263 264 482 397 262 400 383 490 228 191 388 448 278 220 142 342 456 281 184 232 415 313 358 79 438 51 244 213 308 375 182 70 139 164 173 107 270 0 263 96 448 404 190 151 181 116 243 
229 278 474 119 461 145 138 74 174 282 75 124 445 89 450 127 316 295 448 195 352 217 408 155 371 67 295 472 405 362 422 133 139 151 202 306 246 290 86 127 278 0 318 201 223 357 357 56 379 151 
454 281 454 377 395 108 247 413 109 425 73 421 346 157 267 204 65 279 400 62 72 477 290 340 385 463 404 448 469 282 99 178 269 52 54 371 317 458 283 376 383 62 0 53 435 169 477 138 185 462 
489 197 484 221 437 324 312 156 227 260 331 215 309 460 191 67 220 61 90 178 50 172 60 62 175 201 182 358 290 73 320 278 427 59 205 363 333 468 225 266 434 263 188 0 449 429 329 466 148 340 
262 483 96 384 249 108 266 401 447 123 190 470 149 174 396 159 85 466 442 259 397 415 192 159 102 140 87 137 312 393 427 73 375 229 408 124 287 173 231 234 453 371 410 102 0 251 306 211 286 478 
359 496 374 273 394 240 81 485 484 168 296 376 301 320 458 480 434 288 267 313 469 207 265 95 116 317 296 128 234 288 312 93 490 393 72 384 132 104 368 115 222 370 198 474 189 0 155 453 329 149 
426 348 117 339 113 162 406 136 164 240 77 402 52 120 148 151 349 482 233 403 105 54 125 425 409 305 321 270 464 149 369 146 204 436 435 267 304 340 109 174 287 343 76 496 413 381 0 146 262 362 
85 371 173 89 202 97 205 457 368 425 177 224 50 273 378 192 207 351 447 254 166 120 491 460 353 242 128 440 338 96 301 373 418 424 168 119 228 79 283 95 455 166 476 211 389 353 353 0 302 410 
55 55 76 333 252 242 392 444 320 332 488 123 339 360 491 470 235 316 197 264 305 449 425 421 425 135 65 484 195 318 394 200 323 176 483 282 368 131 225 394 413 213 467 251 279 457 220 220 0 480 
123 435 491 72 115 412 447 408 183 430 102 451 79 459 481 205 198 262 279 279 193 173 191 112 139 148 342 303 319 268 489 392 202 479 414 475 146 116 382 280 253 434 437 489 148 417 401 296 385 0 

764.5 0 8
764.5 1 34
764.5 2 37
764.5 3 19
764.5 4 24
764.5 5 6
764.5 6 37
764.5 7 13
764.5 8 30
764.5 9 22
764.5 10 6
764.5 11 2
764.5 12 25
764.5 13 5
764.5 14 37
764.5 15 42
764.5 16 36
764.5 17 30
764.5 18 8
764.5 19 14
764.5 20 4
764.5 21 8
764.5 22 35
764.5 23 38
764.5 24 5
764.5 25 0
764.5 26 25
764.5 27 30
764.5 28 32
764.5 29 34
764.5 30 11
764.5 31 40
764.5 32 20
764.5 33 48
764.5 34 16
764.5 35 44
764.5 36 10
764.5 37 4
764.5 38 8
764.5 39 40
764.5 40 26
764.5 41 19
764.5 42 47
764.5 43 7
764.5 44 25
764.5 45 41
764.5 46 0
764.5 47 17
764.5 48 27
764.5 49 13

