50 50 4

0 114 52 412 441 461 476 409 407 194 91 124 323 83 458 237 445 266 182 139 301 464 418 444 184 158 400 277 149 161 195 214 225 404 125 373 365 101 281 478 452 322 101 275 112 59 218 263 482 350 
352 0 489 69 269 433 203 133 88 186 232 199 88 396 131 442 228 454 62 486 234 490 437 262 298 418 324 307 135 293 495 191 352 483 210 327 171 120 411 416 463 349 115 50 452 196 199 179 356 211 
164 89 0 408 307 301 205 225 332 218 310 331 212 208 182 401 368 460 279 194 126 194 157 181 466 364 132 368 62 468 223 224 338 262 131 145 270 286 320 308 454 336 138 372 494 271 479 118 437 257 
469 62 158 0 125 400 123 196 483 442 208 206 164 382 495 133 219 346 353 211 165 160 371 207 455 449 201 225 428 476 368 391 444 136 499 276 487 122 422 225 63 129 137 384 218 131 467 143 427 75 
305 298 185 382 0 456 140 331 363 71 465 338 146 355 488 232 110 263 425 182 184 149 402 471 237 492 188 74 459 488 208 484 292 456 376 381 167 222 211 236 450 382 280 95 236 268 278 52 237 202 
184 128 58 292 98 0 452 491 443 476 449 430 183 188 429 346 63 309 219 442 226 406 392 107 185 437 500 159 421 52 347 330 393 425 338 392 229 496 382 171 471 86 100 361 224 235 206 445 494 131 
386 426 487 484 483 379 0 421 239 244 97 241 90 377 340 221 421 231 400 416 112 277 387 355 84 454 79 269 366 230 470 447 322 395 190 306 378 68 226 116 262 273 63 59 357 353 437 277 291 93 
193 109 320 286 415 354 239 0 444 330 104 380 299 257 201 193 397 457 277 171 389 99 140 162 112 149 225 172 292 452 413 335 144 472 362 136 142 422 325 292 251 135 171 500 343 323 400 446 279 383 
117 375 433 207 243 251 62 418 0 129 304 369 492 346 220 220 207 306 68 128 338 311 86 179 432 85 228 461 191 174 240 74 241 321 213 398 63 414 166 431 494 176 299 241 472 469 167 385 482 186 
220 319 203 256 204 134 291 383 95 0 189 56 492 213 247 312 376 351 81 496 467 462 245 349 260 193 321 436 66 205 173 409 131 198 111 337 352 403 335 234 204 474 240 402 393 193 213 475 494 451 
470 216 412 422 65 171 114 92 313 337 0 454 436 246 85 133 307 372 436 416 206 169 119 179 116 471 278 259 390 252 460 340 222 175 251 350 397 129 414 439 148 457 149 84 202 184 374 216 262 65 
131 419 392 201 304 458 171 82 423 61 284 0 382 107 212 264 309 61 160 388 181 306 486 138 405 276 497 295 357 212 56 372 294 181 263 445 192 427 322 431 350 89 421 231 147 340 445 406 107 312 
500 239 117 241 83 228 224 286 473 80 449 235 0 158 449 367 128 393 265 54 421 195 354 461 115 292 314 161 443 426 219 254 425 164 321 372 197 255 95 433 227 332 137 169 441 85 486 68 184 250 
279 105 151 340 272 423 131 292 84 280 217 253 485 0 141 367 61 219 270 267 472 409 200 303 497 319 450 288 60 468 423 260 454 234 117 293 212 491 130 454 281 360 170 240 344 468 106 356 186 82 
329 157 197 479 411 400 298 360 188 308 84 317 275 488 0 50 98 487 212 295 116 372 75 426 492 472 477 459 284 88 144 316 367 459 464 101 125 363 105 191 257 364 225 73 345 419 73 393 161 442 
395 227 313 176 360 304 148 92 469 382 130 320 198 203 278 0 368 254 353 437 310 250 194 380 426 424 431 100 448 79 419 145 424 145 165 100 211 419 198 460 144 286 89 414 190 449 398 57 203 457 
201 219 206 101 98 338 475 479 145 178 264 63 481 188 365 145 0 445 283 270 142 242 364 134 489 484 275 437 381 489 346 93 189 64 457 447 319 294 422 53 145 306 268 365 286 406 230 381 106 463 
151 405 411 221 489 399 205 263 336 292 252 388 92 147 403 499 94 0 428 499 222 432 144 234 406 459 471 67 395 107 123 113 415 478 475 136 466 373 291 436 415 82 187 59 331 491 412 329 291 95 
328 219 477 178 404 382 343 130 399 238 187 228 301 102 205 275 188 171 0 355 185 106 476 424 450 485 255 196 152 83 438 198 117 156 381 245 59 470 88 139 124 483 484 303 283 85 458 265 430 335 
326 114 147 57 244 303 249 449 450 351 483 387 255 99 249 136 51 466 312 0 296 311 386 278 294 188 60 85 353 482 221 187 63 492 285 71 236 294 270 184 243 327 373 336 82 179 85 375 180 257 
186 182 67 71 410 68 417 176 310 269 158 482 406 171 229 397 399 415 398 168 0 306 140 202 178 183 234 63 425 315 400 181 451 81 405 228 441 423 144 324 440 119 188 421 232 65 356 128 415 271 
476 289 283 323 441 411 456 174 425 380 195 80 267 352 112 171 80 259 94 381 82 0 484 451 220 160 182 236 466 467 357 443 199 145 225 472 86 343 183 417 474 269 112 53 486 414 115 156 200 81 
407 81 113 146 238 491 463 370 226 429 92 82 127 241 384 59 419 420 352 101 93 81 0 76 155 84 61 275 357 375 426 388 281 457 207 378 401 197 340 270 129 475 312 368 309 260 252 318 178 171 
376 437 214 407 463 75 197 231 301 260 105 226 354 92 389 61 176 289 415 223 265 495 197 0 283 362 212 493 113 236 378 442 111 70 155 224 239 388 128 420 188 338 231 120 399 274 215 410 156 210 
324 329 181 74 233 414 387 395 163 450 131 247 391 399 267 253 330 212 347 164 339 241 208 69 0 311 106 500 232 222 156 148 497 191 279 70 374 399 163 269 268 113 106 221 210 211 194 169 491 357 
466 361 195 206 69 421 223 125 421 405 298 283 259 50 424 488 70 298 143 184 273 361 454 85 82 0 370 246 433 490 444 289 455 304 190 368 79 111 90 155 238 202 403 471 411 403 150 399 179 154 
492 69 377 108 229 168 347 99 121 280 88 271 68 249 281 416 116 311 477 157 416 214 309 74 391 219 0 427 491 324 312 145 71 88 228 130 267 103 183 316 174 413 110 395 188 310 175 103 132 436 
286 239 107 450 254 131 340 180 264 86 454 76 388 476 114 323 312 87 376 201 354 256 114 170 357 459 186 0 482 268 269 174 53 214 438 453 175 69 499 305 283 291 465 65 179 196 336 208 458 374 
83 366 434 496 430 103 352 144 240 89 362 215 420 121 379 358 280 53 133 278 64 122 275 480 138 160 175 424 0 318 340 53 107 205 437 102 341 491 404 435 230 444 52 395 363 123 480 220 353 240 
59 337 254 132 318 233 220 429 115 350 246 405 354 304 316 290 356 156 487 467 297 423 166 55 73 479 128 53 406 0 187 243 415 230 203 497 498 387 423 426 452 273 172 112 333 182 134 329 244 240 
316 210 243 238 82 248 262 61 82 472 173 219 421 294 399 123 291 396 460 420 78 167 399 407 436 231 88 69 60 489 0 466 82 406 208 270 438 162 238 205 194 209 328 363 129 122 468 203 119 120 
369 489 355 243 388 261 385 325 55 161 335 494 126 367 155 492 344 93 360 81 248 54 448 76 123 76 355 298 436 180 124 0 61 168 429 461 262 189 101 87 401 212 128 394 496 202 500 243 252 299 
102 283 497 313 437 279 143 220 340 391 155 470 465 373 345 393 89 106 288 141 350 188 303 185 288 54 337 494 247 88 292 56 0 77 289 319 465 274 412 184 114 58 496 290 473 125 134 121 164 191 
115 255 247 253 265 382 248 269 218 241 223 463 484 229 491 479 498 211 252 166 345 72 174 340 313 354 171 397 181 286 294 247 247 0 248 206 462 129 404 438 54 145 160 467 128 95 213 313 92 374 
271 415 425 50 296 472 313 149 142 416 487 378 417 233 125 164 390 293 450 293 230 454 144 96 421 429 141 340 241 391 214 219 305 345 0 219 100 316 238 406 409 360 393 286 276 332 117 146 428 361 
96 428 297 500 71 344 176 451 191 467 398 81 387 323 93 231 492 350 498 229 256 162 296 355 154 278 393 222 375 321 289 177 248 85 383 0 269 135 59 426 277 232 80 308 325 353 351 262 345 201 
466 280 163 127 75 224 232 304 116 404 385 387 192 61 341 434 150 110 69 366 242 296 97 479 310 128 332 161 341 383 68 62 369 181 140 151 0 355 322 161 177 432 496 64 330 263 355 470 363 171 
489 229 120 491 483 98 57 318 136 168 158 469 393 377 94 73 467 195 134 495 306 468 182 301 482 218 270 93 188 132 421 383 67 491 130 257 296 0 137 74 382 462 389 107 354 265 151 133 232 296 
424 433 101 391 115 108 129 283 328 172 421 166 299 60 184 497 140 391 292 227 415 173 188 303 230 248 67 331 331 456 333 254 389 384 351 454 442 430 0 443 476 308 120 142 107 130 483 103 220 373 
345 153 494 224 291 52 161 489 276 198 75 232 482 486 327 365 336 487 63 266 429 489 73 499 130 337 128 319 390 54 191 441 157 391 372 154 149 483 349 0 376 180 374 314 161 359 347 233 402 333 
246 374 261 234 397 467 71 441 94 340 86 306 238 478 413 335 105 67 435 87 366 66 217 447 86 85 61 383 268 413 422 464 286 389 404 390 355 181 330 156 0 472 122 412 416 306 80 250 361 97 
184 398 170 407 322 323 443 113 334 81 331 454 453 50 239 342 404 335 403 85 371 58 263 444 176 178 249 207 378 317 461 269 421 337 382 242 159 81 61 444 112 0 98 397 272 98 342 320 209 177 
222 451 498 438 420 197 113 97 153 477 181 420 438 156 340 481 489 289 140 276 300 290 338 349 186 109 153 234 135 68 361 308 469 115 245 388 469 64 191 121 492 79 0 247 185 185 87 165 380 82 
462 155 88 251 200 143 143 466 247 328 101 265 395 359 441 216 310 328 185 324 226 463 71 255 210 413 146 454 285 233 486 453 338 73 204 244 167 297 210 120 331 468 335 0 226 326 275 392 342 310 
283 372 486 246 150 447 162 62 92 115 53 275 307 457 320 330 367 63 203 370 430 273 201 397 315 133 429 296 231 477 312 221 349 297 417 449 243 285 217 493 350 428 267 156 0 140 293 192 457 307 
102 326 443 325 233 340 346 72 475 142 254 452 404 425 56 408 97 211 357 332 134 105 388 61 323 494 151 322 392 314 128 444 140 278 476 79 324 321 102 298 169 62 456 280 437 0 462 394 240 172 
250 278 257 306 165 475 335 365 126 156 256 390 442 407 236 219 382 473 249 409 74 497 78 86 453 64 229 170 408 175 293 364 403 256 376 67 230 417 138 62 280 344 159 221 457 101 0 146 338 73 
345 247 97 97 482 340 256 252 68 377 366 193 376 229 302 338 312 319 274 228 163 494 214 214 152 141 170 410 444 459 434 495 412 237 92 149 284 54 107 58 137 423 409 219 358 210 56 0 169 236 
281 104 349 274 475 62 132 116 183 492 59 348 181 54 466 125 303 114 359 307 378 367 151 300 275 320 157 436 327 484 378 314 294 226 294 268 446 132 334 128 330 100 182 462 104 147 86 113 0 418 
151 126 295 468 227 94 450 498 408 385 80 391 469 100 184 194 100 159 139 182 443 424 462 493 105 423 303 202 215 122 326 316 199 120 491 132 371 440 336 279 80 122 169 499 172 60 399 222 169 0 

957 0 9
957 1 48
957 2 15
957 3 33
957 4 8
957 5 31
957 6 43
957 7 22
957 8 1
957 9 2
957 10 17
957 11 20
957 12 19
957 13 14
957 14 7
957 15 24
957 16 12
957 17 42
957 18 26
957 19 22
957 20 11
957 21 20
957 22 4
957 23 22
957 24 4
957 25 12
957 26 8
957 27 9
957 28 17
957 29 30
957 30 20
957 31 26
957 32 35
957 33 36
957 34 10
957 35 43
957 36 23
957 37 4
957 38 21
957 39 24
957 40 12
957 41 43
957 42 0
957 43 31
957 44 9
957 45 7
957 46 11
957 47 21
957 48 1
957 49 37

