50 50 3

0 233 303 138 347 259 427 116 344 276 342 392 272 374 83 67 107 275 106 149 420 376 51 255 452 317 110 219 462 321 52 217 53 305 305 106 271 231 173 321 213 465 212 191 94 452 208 359 434 265 
214 0 353 347 215 314 55 238 374 224 406 401 433 122 160 444 377 216 214 315 339 241 234 60 403 376 311 111 83 169 495 298 333 347 352 254 367 357 442 240 287 103 347 219 175 457 162 259 379 83 
280 218 0 274 464 435 384 339 245 445 373 121 439 377 160 492 228 365 358 291 62 304 77 116 150 246 448 313 115 206 191 148 436 115 372 400 256 255 445 208 406 317 279 100 401 389 91 335 460 155 
126 229 409 0 360 295 265 106 449 284 378 155 182 476 297 247 103 403 210 65 348 368 421 371 146 472 271 241 269 106 408 375 389 136 490 248 137 462 60 85 452 388 397 133 363 401 87 417 303 247 
432 357 114 108 0 228 417 79 205 364 55 468 271 136 356 113 125 311 200 293 321 443 245 416 339 328 485 239 365 157 249 111 295 105 382 354 490 298 139 195 369 144 369 346 230 225 410 62 242 316 
305 269 258 500 184 0 304 84 169 249 399 276 448 217 71 260 305 131 249 310 220 150 178 71 470 474 458 401 139 470 142 406 482 361 370 481 252 173 271 371 373 377 353 76 93 130 286 104 418 242 
364 138 342 248 366 311 0 222 323 211 311 500 303 423 481 371 293 461 122 172 232 199 251 108 258 278 358 339 270 168 463 462 483 307 304 437 172 114 158 202 483 176 201 492 98 181 362 97 141 434 
220 79 339 421 344 97 198 0 408 142 175 76 104 136 265 362 146 408 240 418 66 392 400 399 92 391 447 223 460 495 71 149 421 307 439 341 151 486 246 265 334 371 498 388 457 469 456 103 377 196 
471 149 87 126 498 130 223 200 0 59 182 401 80 282 321 338 220 162 195 412 358 410 245 435 164 339 147 132 295 200 459 197 377 107 234 209 311 70 383 462 287 64 118 317 52 390 361 222 258 262 
340 322 172 291 256 286 130 353 124 0 131 260 290 278 343 103 218 259 365 446 141 82 232 362 150 255 365 246 323 293 454 84 340 275 413 130 237 405 210 297 480 498 263 269 275 105 78 200 314 393 
145 161 425 83 230 282 495 94 478 73 0 93 432 108 383 413 227 220 357 132 380 153 318 134 366 293 115 177 321 265 198 214 116 65 345 356 245 126 107 496 311 130 89 449 395 178 361 122 348 217 
204 435 76 472 68 148 471 133 276 291 105 0 424 211 171 195 56 234 391 339 291 386 356 371 181 304 266 66 165 94 120 88 248 54 322 426 279 420 396 119 195 186 174 325 104 51 471 110 442 117 
155 232 209 462 310 341 265 282 113 136 326 183 0 382 280 395 203 205 380 329 307 449 475 199 329 55 253 87 232 69 479 299 382 418 215 343 227 262 314 215 325 157 491 214 245 270 108 154 181 439 
433 438 143 163 343 423 169 96 460 107 115 194 113 0 447 318 278 496 251 490 66 416 314 380 162 478 124 382 293 228 269 231 367 206 80 481 256 453 356 302 168 413 123 69 476 277 337 460 479 88 
449 495 454 469 374 116 203 204 204 446 138 424 383 456 0 336 413 436 91 122 498 99 240 410 173 466 142 156 303 101 134 341 257 129 50 225 209 323 378 364 234 79 208 364 168 163 406 81 305 448 
360 302 253 306 419 132 272 267 238 74 74 323 121 281 158 0 328 457 317 151 90 387 335 120 95 198 445 415 103 232 427 257 91 435 217 348 109 299 326 326 244 350 351 66 177 131 174 455 294 197 
312 335 84 353 161 336 257 105 457 67 495 383 481 85 318 197 0 139 133 203 415 410 397 471 260 413 147 97 293 309 342 440 327 383 230 180 250 272 143 61 229 160 55 111 141 91 135 495 180 219 
197 302 335 300 272 301 419 126 104 211 385 152 358 211 485 87 97 0 441 66 191 453 245 301 458 62 148 255 355 143 142 280 497 394 114 297 165 121 215 241 175 133 332 278 441 250 262 234 297 410 
250 194 362 445 202 319 214 300 281 68 149 373 298 146 266 118 393 137 0 189 314 329 314 397 367 91 337 116 60 278 120 420 478 264 488 179 416 306 343 423 293 117 71 165 365 374 381 189 473 225 
328 287 260 348 183 126 390 227 400 156 455 470 282 188 233 269 317 356 281 0 366 485 74 433 55 396 53 380 484 192 108 208 470 345 418 318 235 494 414 412 393 276 122 118 264 260 58 483 284 364 
470 149 348 494 289 109 390 292 195 129 435 254 287 160 98 204 184 490 404 304 0 401 53 79 473 121 293 440 129 482 223 199 452 78 497 201 317 313 297 109 458 376 250 211 162 116 467 72 251 456 
183 54 113 186 291 292 257 290 231 93 272 404 242 430 433 446 337 249 258 341 64 0 215 216 471 133 85 87 306 314 288 468 447 499 80 132 496 323 96 286 53 139 264 164 87 400 96 483 236 51 
240 76 273 162 450 243 452 241 280 464 54 274 431 452 273 462 290 268 491 336 260 494 0 181 230 364 219 129 166 408 72 168 355 98 147 223 254 340 174 445 120 137 206 100 274 157 323 235 153 298 
432 440 264 182 327 445 496 252 73 162 160 302 487 221 351 133 394 311 179 274 463 456 117 0 168 56 341 275 329 283 378 333 214 73 97 346 107 492 342 309 271 210 419 73 196 346 130 486 239 147 
164 463 109 120 79 227 333 127 208 368 360 86 201 73 316 455 126 373 202 418 182 179 334 307 0 202 480 360 489 221 98 136 335 268 402 161 53 129 200 130 287 68 440 79 219 220 102 380 52 181 
81 420 313 210 460 327 119 439 186 314 366 441 156 407 208 58 68 212 137 218 292 130 443 439 367 0 161 365 419 247 367 99 278 493 119 195 452 152 264 146 495 77 462 435 391 368 350 399 142 61 
242 67 59 322 460 204 395 328 68 313 74 141 119 59 133 188 204 84 497 174 387 491 201 348 181 298 0 216 481 196 308 248 388 325 258 417 492 412 311 319 187 331 343 278 400 352 118 294 55 152 
290 179 490 280 87 93 167 91 259 148 238 274 346 332 305 310 455 296 429 473 114 322 303 164 99 409 466 0 374 202 228 233 442 113 222 428 357 472 94 399 231 399 343 211 452 174 466 468 336 469 
396 308 82 424 110 403 230 225 369 103 377 303 286 74 122 214 208 186 186 459 84 123 358 133 284 65 257 456 0 483 92 424 135 106 213 58 373 115 238 97 190 292 424 199 284 448 272 449 362 408 
134 321 198 414 178 281 404 400 244 359 382 494 490 467 99 202 232 423 267 176 470 164 418 150 313 409 304 84 357 0 166 198 197 437 346 110 321 333 464 220 77 78 308 70 67 482 326 219 213 248 
193 339 218 307 464 318 326 372 328 361 435 444 265 131 380 318 398 407 150 117 126 384 145 141 404 163 122 230 88 492 0 184 438 86 108 451 256 132 277 127 411 344 268 354 108 105 441 376 453 347 
233 69 180 116 372 271 227 485 99 163 279 90 297 217 126 112 167 333 194 394 166 104 444 141 165 52 196 105 134 356 402 0 317 375 288 140 246 58 73 437 107 186 216 354 189 139 187 251 256 470 
152 357 342 206 300 433 77 58 336 132 143 191 241 166 272 479 463 225 244 486 161 301 378 83 362 67 172 499 475 135 224 126 0 198 65 490 204 205 66 420 491 356 62 388 303 385 159 281 104 334 
475 89 202 483 418 235 100 191 114 98 372 406 272 449 310 287 194 220 198 417 139 395 479 358 282 281 243 392 269 53 432 450 92 0 133 432 216 319 482 113 139 286 436 251 57 140 60 51 491 230 
199 407 320 94 142 177 82 373 126 180 141 129 112 91 379 195 229 301 220 418 365 65 203 56 266 211 353 483 212 343 420 117 456 239 0 368 97 122 401 421 406 287 268 241 349 309 326 495 489 127 
214 162 198 230 315 204 202 232 56 185 150 105 104 218 60 500 292 108 328 399 235 233 186 453 181 485 469 457 235 213 83 156 325 231 336 0 139 141 244 78 354 379 178 409 189 346 420 188 345 234 
467 243 419 406 135 371 293 120 339 250 61 51 490 167 326 428 453 172 68 404 200 129 282 328 488 422 381 407 316 432 140 282 381 265 395 467 0 136 187 293 181 143 304 390 133 422 422 60 130 93 
285 484 450 364 266 485 352 394 121 465 209 52 312 198 383 283 92 105 369 436 348 257 79 152 146 162 73 67 379 153 318 163 137 474 234 109 458 0 292 453 78 463 368 287 274 65 377 57 314 432 
132 250 280 95 279 382 191 147 161 416 476 264 440 345 107 413 78 373 371 76 81 155 490 400 393 470 415 269 233 229 407 72 185 186 117 414 274 466 0 60 385 381 242 356 320 293 413 232 322 493 
309 104 73 415 93 423 63 63 94 489 453 480 395 475 164 288 92 284 61 57 50 397 144 449 252 170 241 371 108 269 363 368 324 387 489 123 65 258 136 0 316 453 296 295 347 270 165 134 68 155 
146 282 155 249 376 103 451 252 295 77 311 270 391 385 93 484 373 167 255 337 460 71 289 255 72 342 232 395 427 250 500 279 483 362 478 114 415 184 317 416 0 211 334 393 308 218 436 291 297 309 
253 133 269 274 128 230 52 420 412 397 102 369 153 331 107 465 64 171 135 198 194 258 116 478 150 374 195 292 165 198 101 368 281 320 348 359 256 106 486 375 210 0 87 450 313 125 56 484 139 384 
118 495 78 82 110 55 182 434 408 425 305 105 476 379 93 51 433 158 464 490 143 338 199 181 287 218 256 500 201 101 384 476 95 412 58 362 173 190 296 80 321 100 0 343 52 186 386 260 118 250 
224 107 344 268 463 231 262 180 193 261 87 244 144 63 497 262 71 358 386 418 153 172 446 411 465 448 96 106 208 164 307 138 222 357 356 391 87 117 71 230 85 108 180 0 179 328 176 392 105 485 
277 474 344 155 175 254 120 122 300 383 487 171 396 124 99 252 187 440 496 461 217 432 496 483 112 175 310 238 273 366 429 256 95 273 361 220 477 187 499 484 70 486 154 172 0 316 410 375 453 349 
126 414 273 58 409 255 120 290 271 64 269 343 444 475 144 216 336 70 192 229 69 382 456 261 242 128 76 151 209 236 451 285 149 430 293 264 184 363 261 161 378 480 455 321 455 0 98 243 497 119 
385 432 345 474 388 105 215 466 131 317 381 317 474 165 172 403 409 143 293 478 354 404 111 89 358 138 250 163 331 246 232 423 178 76 396 272 338 110 444 175 133 324 443 106 439 321 0 215 103 170 
458 81 474 362 142 270 426 231 470 88 268 216 477 190 100 259 85 322 96 353 472 222 436 295 371 493 233 398 414 287 68 372 74 248 440 373 468 121 310 438 160 78 360 343 218 166 309 0 461 194 
111 313 165 490 248 410 360 447 349 465 361 135 239 232 366 437 378 239 161 449 255 305 315 283 371 158 208 487 417 168 387 234 431 51 224 178 167 290 125 466 254 436 308 443 374 380 136 251 0 118 
454 199 80 258 221 313 128 329 471 321 452 345 207 185 275 415 115 160 81 356 442 253 109 133 267 259 213 147 101 414 422 54 319 452 262 490 472 96 74 198 367 232 494 73 124 268 438 189 134 0 

1542 0 23
1542 1 32
1542 2 13
1542 3 25
1542 4 39
1542 5 25
1542 6 4
1542 7 35
1542 8 33
1542 9 11
1542 10 32
1542 11 19
1542 12 40
1542 13 8
1542 14 23
1542 15 27
1542 16 35
1542 17 41
1542 18 37
1542 19 25
1542 20 45
1542 21 8
1542 22 5
1542 23 30
1542 24 34
1542 25 18
1542 26 33
1542 27 39
1542 28 14
1542 29 22
1542 30 7
1542 31 37
1542 32 10
1542 33 26
1542 34 18
1542 35 5
1542 36 2
1542 37 22
1542 38 45
1542 39 36
1542 40 38
1542 41 28
1542 42 6
1542 43 35
1542 44 36
1542 45 34
1542 46 13
1542 47 27
1542 48 32
1542 49 1

