50 50 3

0 175 75 269 203 234 405 455 288 220 423 455 70 200 478 280 198 291 410 460 333 284 393 101 140 162 146 338 256 332 335 336 213 360 104 366 94 216 77 332 142 450 493 163 150 471 393 54 468 58 
464 0 301 500 112 108 139 432 204 183 187 486 468 230 199 83 284 271 127 206 298 165 299 248 365 168 348 91 60 352 58 276 71 65 275 340 123 364 271 485 497 165 470 220 345 375 253 335 146 87 
248 394 0 409 497 141 273 371 195 314 381 253 323 363 274 94 137 114 375 207 91 359 410 206 84 129 50 410 333 92 55 370 290 155 278 493 454 258 363 148 71 450 352 100 313 332 145 156 152 226 
314 194 84 0 430 106 118 59 314 478 98 356 239 174 145 101 158 344 54 366 206 359 388 362 417 194 174 249 496 488 107 221 57 458 255 437 271 80 446 84 57 494 390 454 374 241 261 483 84 265 
104 447 123 198 0 308 247 343 189 446 338 383 259 266 390 424 471 326 194 50 272 228 265 472 324 425 102 271 185 84 61 156 138 458 436 494 472 182 336 367 334 380 249 93 145 138 223 323 171 367 
79 393 94 50 120 0 124 425 172 345 316 413 356 422 258 313 114 251 491 246 293 114 80 379 313 330 475 158 259 53 279 125 82 378 169 83 204 243 214 327 294 237 446 149 158 203 412 429 160 158 
175 403 222 412 282 242 0 448 463 350 206 222 335 488 254 212 156 494 366 105 415 399 105 151 345 204 466 254 115 395 365 430 276 267 152 394 255 344 341 424 400 253 145 234 240 106 152 102 306 468 
364 220 123 419 77 418 122 0 494 171 394 144 486 79 370 460 181 263 421 231 310 345 130 269 196 70 215 252 172 267 265 347 337 191 420 462 219 337 83 212 214 183 62 407 212 382 366 100 351 493 
281 367 337 118 342 240 138 56 0 198 468 480 413 314 316 104 233 277 273 276 66 191 440 406 203 346 324 291 418 374 348 411 362 421 454 186 262 193 481 268 342 448 247 254 261 269 64 200 496 287 
426 268 184 366 380 93 418 203 90 0 336 284 388 453 145 308 406 281 69 306 468 494 147 416 240 107 176 459 122 83 210 115 459 184 457 80 63 500 449 217 297 491 451 184 443 302 199 104 289 425 
360 256 419 213 171 158 271 54 324 99 0 87 484 371 252 168 327 283 388 83 438 104 86 428 261 220 126 269 125 180 264 50 247 471 419 410 348 283 387 108 106 436 352 90 63 104 415 96 93 302 
336 481 113 372 408 80 299 240 300 374 126 0 63 374 323 240 499 440 295 282 326 109 338 469 412 134 238 222 499 284 265 57 120 452 120 198 115 357 447 305 156 321 137 377 401 167 323 400 106 324 
181 138 384 469 313 295 310 50 223 308 492 194 0 315 111 145 141 466 210 449 413 221 311 233 308 394 133 425 217 483 237 247 370 82 130 95 345 131 355 102 304 369 93 204 391 361 299 482 326 215 
186 238 386 448 177 194 97 261 325 471 450 62 218 0 320 94 298 365 145 380 426 197 390 294 447 94 184 307 343 166 340 58 58 284 150 212 412 294 260 379 326 230 328 338 398 354 138 403 425 233 
282 350 137 378 351 83 422 485 97 472 357 387 236 366 0 377 336 77 288 337 287 166 162 224 201 450 121 261 294 230 393 477 462 242 113 96 299 354 468 284 401 439 140 494 381 456 370 217 240 158 
53 477 481 372 200 388 321 479 149 321 208 492 297 377 440 0 117 423 239 421 146 229 77 292 319 70 172 482 390 95 221 254 305 197 235 176 104 329 447 289 428 474 203 175 271 286 322 94 415 267 
465 268 446 492 59 471 268 388 452 157 434 172 118 238 76 303 0 365 337 338 67 332 473 492 241 147 469 478 175 62 148 148 233 366 300 431 131 271 198 470 429 61 159 308 129 347 90 382 418 377 
427 192 415 399 183 155 496 358 339 378 370 194 232 102 59 483 239 0 348 460 387 317 388 398 426 195 478 479 235 115 153 318 492 295 439 390 428 301 142 492 139 226 361 490 408 169 256 146 358 103 
105 451 126 444 104 258 345 288 236 287 110 339 104 101 133 250 198 267 0 50 497 258 346 429 325 336 92 200 91 189 264 351 244 421 427 394 476 184 239 263 370 476 323 416 286 131 255 242 486 229 
242 238 193 88 166 225 374 208 375 171 347 346 472 298 266 154 191 241 288 0 136 211 364 318 484 486 311 321 241 52 306 176 245 494 319 283 366 494 363 74 125 240 127 421 418 375 186 71 273 378 
65 359 295 379 177 278 365 438 306 312 440 111 438 391 312 463 380 177 457 242 0 408 81 188 486 452 105 116 344 126 339 221 141 405 466 227 288 451 298 432 256 109 127 73 253 469 335 215 348 219 
171 297 126 409 435 111 360 491 385 204 323 223 131 171 334 304 348 121 461 145 52 0 423 204 130 202 163 98 244 328 152 413 450 399 489 114 334 307 425 324 191 335 353 120 172 474 405 182 321 232 
349 416 235 271 326 71 180 195 326 374 474 428 286 179 327 481 243 367 287 374 397 184 0 415 249 255 87 223 366 426 494 97 275 166 489 252 198 59 382 344 335 255 73 470 247 202 296 228 395 162 
221 269 265 356 183 464 317 427 186 182 353 387 436 334 259 425 85 407 190 174 457 476 135 0 480 445 333 181 447 60 283 315 231 51 79 293 184 493 109 318 386 448 170 272 384 210 237 64 245 350 
204 125 307 179 211 493 330 250 381 483 260 163 297 197 371 82 197 261 75 256 78 167 204 405 0 145 294 114 332 308 310 181 218 141 194 104 58 187 384 258 274 123 224 387 370 372 464 403 275 224 
184 481 253 301 391 157 396 391 222 434 405 238 114 123 85 259 384 94 396 267 302 376 96 477 469 0 417 104 432 75 329 155 416 65 114 216 407 429 318 53 357 251 409 94 71 238 336 280 121 380 
382 94 182 257 141 365 225 264 419 156 289 454 469 204 469 82 126 131 217 150 135 73 351 250 324 372 0 438 160 359 58 490 240 309 378 204 400 242 135 163 367 242 402 76 417 312 252 205 388 333 
373 488 174 396 94 374 220 173 67 330 238 282 75 428 91 404 338 441 352 424 311 426 372 419 452 288 231 0 203 199 325 243 71 69 367 174 320 448 100 443 221 136 180 454 161 315 495 271 359 191 
123 282 452 499 360 371 206 147 308 116 53 132 309 281 151 382 405 422 329 455 120 50 90 458 210 409 479 204 0 179 337 101 459 119 260 213 185 130 370 283 144 436 493 226 244 273 84 125 178 212 
161 339 489 368 136 446 77 495 424 438 380 468 245 339 293 455 51 428 84 127 417 178 62 409 111 463 182 352 295 0 66 63 162 111 258 480 197 204 263 398 334 200 485 57 395 323 300 350 80 228 
140 158 351 476 377 260 293 340 148 144 341 371 364 453 432 121 432 336 482 401 440 72 100 424 79 201 453 86 257 484 0 264 104 141 321 286 468 287 78 63 385 379 354 462 242 306 394 69 444 436 
258 344 375 280 150 299 309 58 251 101 472 234 71 75 81 343 311 256 129 95 269 221 424 123 182 372 135 75 392 79 461 0 149 129 92 135 230 97 150 238 298 202 416 239 223 442 477 65 459 232 
145 54 208 72 184 281 204 56 122 230 154 151 397 460 231 195 301 167 242 401 111 247 102 477 436 483 174 168 498 133 351 349 0 344 58 371 478 496 282 240 117 462 100 426 114 266 363 260 66 480 
208 418 90 405 226 273 96 208 398 215 413 481 272 468 80 487 95 264 482 327 455 305 495 261 230 315 478 92 281 494 278 440 167 0 74 344 100 298 391 465 195 312 133 382 83 101 168 69 353 382 
257 179 336 61 380 97 449 194 281 247 426 481 232 121 148 256 415 405 53 61 369 405 79 453 493 112 260 160 338 112 493 94 241 84 0 313 120 338 468 471 118 421 396 99 152 467 404 359 138 308 
118 356 383 230 386 335 222 204 301 89 249 363 288 293 310 322 312 136 367 486 107 191 407 209 240 265 383 350 330 227 364 399 82 247 128 0 174 288 56 85 89 302 284 402 89 283 419 118 302 54 
435 287 111 125 400 271 72 372 153 128 201 86 443 99 118 396 384 450 390 391 241 185 192 475 294 439 257 212 56 265 216 441 52 278 272 158 0 255 50 480 114 129 181 150 278 437 425 173 321 130 
269 418 321 405 316 295 198 254 259 360 260 474 282 407 232 266 386 97 471 386 283 291 221 414 147 449 107 279 328 378 359 97 295 180 208 110 181 0 356 71 146 422 281 327 203 395 58 420 280 312 
146 372 95 144 93 215 241 492 272 470 320 356 329 123 357 215 281 418 102 343 195 199 471 426 476 173 76 240 299 306 52 396 178 304 490 221 469 437 0 419 448 163 445 303 442 67 160 363 54 284 
415 103 429 113 73 110 88 404 137 486 202 149 488 304 484 291 500 411 466 437 86 413 99 481 423 247 255 82 316 466 72 230 69 207 50 92 267 295 446 0 110 280 355 417 474 158 400 471 158 67 
437 301 103 105 350 83 478 303 495 266 118 461 495 54 480 201 54 278 175 300 431 442 79 285 358 53 149 465 230 257 482 166 264 84 429 320 324 162 122 319 0 135 397 279 129 402 465 488 406 242 
162 412 379 103 198 370 168 408 470 132 137 433 113 254 197 354 389 467 384 50 296 202 135 192 187 422 300 151 409 206 100 277 324 185 86 472 55 204 379 475 286 0 223 407 105 427 310 409 71 277 
293 71 279 201 364 421 95 285 221 403 400 133 453 176 163 345 212 135 350 367 220 80 359 393 193 415 75 454 79 96 437 322 325 215 230 188 342 275 423 269 177 78 0 352 337 204 222 181 122 307 
237 439 477 267 54 126 166 419 151 119 448 405 262 477 229 427 206 367 269 431 496 488 314 73 96 150 434 268 488 55 281 224 201 464 197 205 89 314 123 398 139 70 302 0 352 253 481 485 409 103 
253 95 305 448 360 328 250 216 261 224 411 473 455 134 173 174 489 328 214 58 401 318 354 178 119 205 381 306 190 497 115 149 298 370 303 364 404 259 80 164 433 441 136 143 0 281 467 268 476 294 
188 240 402 456 94 79 281 249 166 293 145 369 358 452 167 434 254 481 337 464 267 207 152 207 500 246 195 466 220 377 260 358 117 161 69 161 397 56 116 269 299 419 138 363 370 0 462 296 330 442 
132 500 209 496 152 122 495 104 474 461 274 351 427 338 174 294 357 285 397 363 107 165 368 476 460 230 101 421 476 138 119 314 137 278 309 446 106 59 256 80 470 236 137 152 73 261 0 396 380 496 
292 449 309 164 316 285 123 496 92 251 227 180 320 247 475 304 262 176 360 272 383 390 241 118 477 344 349 237 446 228 439 238 177 248 108 199 239 388 195 488 138 128 168 164 326 349 418 0 294 475 
278 65 113 167 464 389 351 63 237 294 459 171 233 403 54 187 461 204 132 105 105 119 193 183 444 64 215 499 432 460 474 416 475 293 290 194 181 140 207 124 384 373 246 323 275 250 216 443 0 160 
298 498 215 124 397 349 67 411 270 66 343 229 246 258 411 245 498 104 133 344 469 207 435 341 159 257 322 116 424 264 226 428 468 392 51 365 447 276 275 423 499 324 152 451 289 269 195 493 79 0 

1482.5 0 2
1482.5 1 30
1482.5 2 40
1482.5 3 48
1482.5 4 6
1482.5 5 6
1482.5 6 3
1482.5 7 32
1482.5 8 34
1482.5 9 32
1482.5 10 3
1482.5 11 15
1482.5 12 30
1482.5 13 27
1482.5 14 39
1482.5 15 0
1482.5 16 20
1482.5 17 40
1482.5 18 1
1482.5 19 33
1482.5 20 29
1482.5 21 30
1482.5 22 14
1482.5 23 14
1482.5 24 20
1482.5 25 39
1482.5 26 21
1482.5 27 19
1482.5 28 40
1482.5 29 10
1482.5 30 32
1482.5 31 47
1482.5 32 40
1482.5 33 28
1482.5 34 2
1482.5 35 2
1482.5 36 39
1482.5 37 6
1482.5 38 35
1482.5 39 24
1482.5 40 43
1482.5 41 43
1482.5 42 44
1482.5 43 24
1482.5 44 21
1482.5 45 39
1482.5 46 24
1482.5 47 48
1482.5 48 35
1482.5 49 30

