50 50 3

0 499 290 399 392 82 176 166 396 163 310 124 498 406 388 160 455 490 332 384 293 272 95 56 231 328 404 255 378 431 362 326 185 151 431 76 390 106 193 285 219 453 359 217 358 246 83 69 442 121 
159 0 234 99 205 448 280 239 107 241 117 488 102 149 172 410 79 199 299 135 98 290 60 50 355 227 115 307 467 134 248 87 243 433 136 398 136 366 344 193 314 411 387 122 59 265 239 88 170 488 
380 218 0 485 390 219 339 324 284 146 290 368 344 328 317 276 414 215 118 487 265 261 56 175 147 128 391 363 317 429 483 61 64 201 496 404 126 334 227 360 430 224 227 481 51 494 463 415 415 81 
157 386 292 0 163 60 390 449 401 459 472 85 197 483 99 348 234 210 424 275 143 490 411 317 423 391 318 173 354 440 294 385 303 180 176 173 190 272 121 298 230 92 89 134 282 139 432 222 55 112 
447 355 308 358 0 172 231 248 196 354 101 342 147 192 145 277 319 475 418 297 95 422 478 344 461 111 125 306 249 298 311 67 451 166 326 308 495 263 263 190 116 70 239 213 213 90 441 482 64 114 
278 109 242 462 159 0 202 279 442 459 235 446 476 459 396 348 491 411 342 253 173 239 319 193 428 239 356 468 386 93 238 206 78 53 398 246 162 99 232 103 57 417 499 240 131 151 87 122 61 380 
81 184 118 107 83 252 0 296 146 426 388 396 163 93 424 166 441 377 485 490 108 88 254 231 293 444 312 394 237 140 405 116 379 295 391 436 85 349 438 181 274 325 76 387 124 207 259 64 290 244 
260 348 489 220 78 281 370 0 96 175 107 394 286 380 272 81 478 414 323 326 351 454 100 382 236 193 456 149 159 226 389 353 192 443 341 119 227 328 439 274 453 252 374 446 132 145 233 316 58 55 
141 115 459 398 203 401 91 365 0 257 200 297 145 259 439 88 306 57 265 133 203 245 293 405 118 238 243 420 421 58 184 426 357 456 140 254 158 247 51 473 454 201 476 306 166 415 100 422 178 71 
55 87 267 298 443 91 242 392 218 0 162 157 108 294 464 64 140 424 172 93 426 352 254 333 327 59 450 448 109 371 333 130 132 370 103 136 68 352 328 411 69 196 274 127 196 444 141 493 367 471 
86 499 78 290 332 111 55 488 266 114 0 114 98 401 197 418 455 283 193 306 318 310 81 464 83 365 367 233 213 359 306 183 151 305 418 147 343 235 152 330 451 216 394 255 324 297 380 278 287 72 
290 104 332 321 274 121 185 347 304 348 206 0 109 237 307 364 361 405 413 96 263 242 497 186 343 459 460 139 338 237 376 360 233 186 398 53 167 469 395 464 272 243 376 87 186 390 158 498 50 70 
93 263 263 296 399 105 254 358 401 298 301 484 0 364 484 376 261 243 493 436 138 213 414 87 88 452 223 428 109 220 184 129 470 398 342 266 52 153 226 361 261 231 368 244 94 108 326 62 301 75 
448 389 238 362 182 483 313 356 167 372 282 301 207 0 252 198 256 224 201 115 156 268 326 337 342 276 138 400 102 150 408 127 97 52 71 409 185 260 428 491 377 55 272 385 213 230 289 419 404 440 
240 60 414 66 103 463 499 191 118 100 291 476 384 95 0 479 161 210 370 372 138 116 455 350 338 339 62 275 128 187 178 274 134 395 395 150 205 357 148 346 181 406 344 157 496 389 342 364 98 418 
442 393 484 396 243 77 442 462 302 276 356 187 256 440 288 0 150 89 443 213 394 496 345 55 339 208 258 434 256 121 238 173 62 131 156 164 324 183 105 492 192 87 347 329 294 286 116 150 81 266 
314 182 261 365 187 306 279 395 446 485 222 183 364 234 264 470 0 105 294 359 367 493 50 405 339 85 198 332 152 298 119 124 318 251 335 389 145 347 167 246 292 358 419 425 221 359 396 190 414 396 
256 281 388 463 392 227 499 89 265 357 93 334 431 362 292 472 250 0 143 318 124 339 109 432 464 240 153 79 135 500 199 238 255 186 125 218 77 58 423 323 273 279 367 314 209 435 105 180 391 198 
448 465 243 263 397 414 209 256 443 51 255 348 239 217 485 314 141 268 0 79 63 298 302 292 371 322 207 305 133 337 402 281 491 123 231 460 470 144 168 432 293 169 186 347 114 353 87 135 200 306 
164 213 103 172 211 180 445 368 435 77 411 92 65 157 165 246 116 341 96 0 442 272 95 317 165 148 138 224 186 223 375 198 337 87 458 459 456 137 159 323 278 187 441 320 202 97 436 154 371 483 
407 68 255 208 335 126 306 423 300 442 145 174 139 188 419 96 354 374 390 463 0 403 167 149 343 438 57 147 129 368 468 318 274 486 279 432 76 355 238 206 155 386 57 486 232 196 160 485 256 240 
375 218 143 492 318 192 185 81 289 471 400 463 289 173 204 67 312 231 129 256 143 0 441 141 150 182 323 52 293 308 258 483 182 183 332 380 207 231 272 238 470 242 137 189 237 468 343 462 486 280 
90 241 373 481 88 230 162 362 439 161 376 404 351 264 86 389 350 243 119 121 431 296 0 70 275 435 257 449 484 218 434 264 258 381 343 445 419 72 314 487 218 181 118 121 482 332 157 127 389 350 
196 460 487 198 480 261 132 237 209 323 161 349 86 126 229 135 70 148 158 90 134 326 222 0 203 153 410 241 260 487 129 109 390 296 302 87 275 63 377 218 429 199 330 485 442 406 213 76 182 67 
391 430 359 423 358 268 75 267 459 285 461 295 100 106 297 353 350 71 122 226 447 257 131 483 0 241 72 144 161 99 276 178 196 412 487 119 269 254 144 243 420 380 203 421 186 466 217 245 315 445 
73 248 147 281 329 129 472 108 223 132 364 206 468 59 117 210 128 337 415 430 79 90 65 439 217 0 201 160 140 153 425 84 176 379 182 407 208 468 135 473 191 424 336 103 391 101 170 101 387 213 
222 316 449 469 331 387 392 238 497 482 341 178 272 468 56 404 130 421 128 215 393 269 346 435 322 236 0 243 198 494 129 362 422 395 310 146 432 404 488 376 156 469 217 284 241 391 498 351 471 418 
429 393 311 404 238 452 432 180 194 337 381 273 405 302 374 421 399 61 324 386 388 187 111 104 421 58 201 0 418 115 171 92 495 270 353 154 458 60 86 138 205 129 469 184 484 477 265 404 375 276 
435 468 370 121 285 180 248 293 331 373 358 209 415 108 429 474 213 387 484 456 231 395 291 406 286 274 382 50 0 384 464 483 318 187 353 145 178 483 344 421 70 216 485 229 130 300 364 103 219 250 
293 381 187 395 171 299 180 395 181 387 485 351 369 303 244 428 398 372 167 448 499 187 163 483 122 450 489 436 259 0 207 393 259 87 79 153 415 329 283 65 216 169 50 273 244 303 467 172 407 338 
496 355 336 182 224 74 461 381 63 396 139 220 288 348 465 74 207 379 109 440 395 275 315 395 498 59 404 220 388 66 0 57 383 371 343 271 302 367 231 389 136 126 478 307 121 82 271 145 239 356 
204 386 250 185 200 351 389 209 254 108 96 271 115 185 348 164 406 356 237 136 244 324 420 222 337 491 461 314 135 406 169 0 496 291 370 180 198 220 275 357 181 333 160 402 154 295 456 475 408 312 
211 494 55 241 413 434 77 159 150 97 244 56 217 446 53 293 125 201 219 106 265 350 389 375 458 249 376 414 223 490 432 141 0 484 437 88 152 127 323 262 227 370 212 233 86 158 444 85 440 144 
255 497 359 311 141 440 269 341 316 389 270 305 320 361 495 463 156 354 89 429 322 267 298 484 206 91 141 149 126 81 244 331 284 0 309 142 375 249 117 422 271 456 192 282 482 259 484 444 365 337 
484 293 158 457 298 348 162 339 196 469 415 434 419 246 217 227 94 91 182 161 220 159 116 362 392 97 327 131 247 192 418 230 191 282 0 393 439 336 55 277 482 230 399 415 148 351 131 81 395 380 
214 55 99 323 328 167 421 131 444 51 328 135 175 265 484 163 157 422 450 369 406 431 98 60 346 403 361 183 435 255 62 355 260 318 384 0 294 435 61 375 379 269 202 220 395 417 203 264 281 332 
213 149 237 351 405 454 196 307 314 85 448 68 305 58 485 122 393 278 57 160 359 142 379 60 312 273 184 466 488 415 297 407 63 240 257 418 0 193 159 432 213 195 379 231 450 388 422 278 487 406 
285 146 264 133 231 481 396 455 164 117 198 78 364 311 299 310 68 423 209 384 354 372 78 233 309 234 327 437 463 69 342 454 372 312 87 102 292 0 189 263 407 256 411 191 326 429 440 135 447 363 
50 86 216 128 322 155 387 262 188 79 224 207 371 385 78 182 178 131 180 73 344 86 279 462 228 104 390 374 396 92 236 396 128 159 474 156 471 116 0 369 159 145 299 316 222 183 101 110 67 182 
240 90 232 277 319 193 211 129 289 84 231 331 478 126 166 343 306 272 69 128 140 178 430 390 201 151 279 252 211 297 140 158 93 322 385 119 222 302 198 0 461 92 380 292 276 212 164 325 225 386 
345 59 233 473 440 122 380 297 107 338 459 354 428 323 154 457 414 223 178 215 371 138 464 457 136 240 376 250 271 307 343 115 316 75 295 255 354 174 259 411 0 463 424 472 146 246 125 102 159 298 
230 324 375 75 494 88 161 440 414 362 211 220 204 276 242 436 70 204 289 402 413 199 120 336 170 216 81 452 269 190 456 205 220 331 230 213 369 98 360 489 410 0 70 415 320 52 156 255 73 310 
494 181 222 399 251 57 276 417 295 227 392 435 390 97 361 220 484 281 295 81 140 283 197 160 197 223 162 59 428 392 320 177 72 248 283 273 463 265 397 257 198 288 0 399 87 91 259 257 282 490 
51 69 129 491 217 446 394 146 315 404 281 413 223 408 436 177 397 415 139 161 67 347 310 62 245 347 310 210 311 91 200 68 111 486 59 485 188 403 130 209 62 361 121 0 235 476 263 119 128 178 
208 240 402 261 256 414 212 309 224 373 119 472 279 138 82 471 354 273 365 256 110 73 476 421 145 210 152 358 486 231 242 194 177 144 161 383 57 324 191 438 403 261 410 388 0 105 198 358 409 422 
223 371 482 453 346 158 97 263 468 406 248 198 147 148 325 241 260 207 456 290 104 149 399 71 58 286 126 414 350 241 335 279 112 72 232 164 387 279 377 354 391 332 51 489 186 0 82 436 152 446 
147 392 50 247 290 71 462 282 355 375 339 95 416 117 364 194 55 479 81 285 111 141 175 149 350 370 286 382 62 388 84 159 487 84 112 483 312 74 472 373 155 310 419 71 377 489 0 422 383 223 
453 374 492 301 255 140 150 332 132 482 344 227 65 209 213 306 272 402 325 296 373 197 157 182 322 385 266 67 307 355 240 466 228 231 266 189 78 366 471 367 104 70 93 119 230 463 132 0 452 365 
407 454 237 310 110 126 339 446 342 356 252 196 302 217 130 484 190 476 268 55 447 134 109 223 178 386 403 140 224 354 211 337 63 155 353 124 231 191 276 72 497 234 425 299 157 261 489 297 0 236 
463 303 389 96 118 112 431 210 221 278 384 75 439 427 295 93 280 125 481 421 351 52 174 84 183 179 399 150 374 195 93 336 204 432 138 480 250 69 189 422 53 280 203 442 206 204 242 436 280 0 

971.19 0 42
971.19 1 20
971.19 2 0
971.19 3 23
971.19 4 47
971.19 5 25
971.19 6 10
971.19 7 46
971.19 8 30
971.19 9 44
971.19 10 7
971.19 11 34
971.19 12 6
971.19 13 29
971.19 14 10
971.19 15 16
971.19 16 34
971.19 17 5
971.19 18 13
971.19 19 15
971.19 20 38
971.19 21 0
971.19 22 24
971.19 23 28
971.19 24 3
971.19 25 29
971.19 26 0
971.19 27 28
971.19 28 10
971.19 29 46
971.19 30 17
971.19 31 3
971.19 32 22
971.19 33 23
971.19 34 31
971.19 35 20
971.19 36 4
971.19 37 42
971.19 38 22
971.19 39 34
971.19 40 42
971.19 41 29
971.19 42 19
971.19 43 48
971.19 44 14
971.19 45 34
971.19 46 15
971.19 47 0
971.19 48 44
971.19 49 33

