50 50 4

0 175 392 357 220 365 446 190 274 321 384 171 377 116 484 196 467 251 184 119 173 236 149 320 420 269 359 269 421 177 387 380 58 278 443 228 349 389 125 122 209 459 451 293 281 434 195 454 391 330 
73 0 63 272 172 89 191 148 154 166 68 281 52 398 496 487 97 224 335 436 299 164 144 464 114 387 244 254 289 405 144 118 428 364 340 306 404 237 404 57 110 422 496 112 76 491 306 123 421 347 
58 426 0 461 359 145 74 453 96 278 241 451 128 65 378 443 111 183 346 54 294 109 114 215 311 177 448 58 189 277 185 486 492 111 203 107 206 227 59 459 212 457 409 290 228 286 232 289 176 284 
293 420 100 0 358 341 117 241 496 125 136 272 261 121 471 78 274 77 234 208 293 400 126 456 308 122 183 94 305 178 427 295 177 102 101 485 393 169 432 144 244 67 123 211 346 93 239 326 327 180 
484 326 79 316 0 281 337 389 170 137 400 298 63 194 181 322 246 373 215 365 304 65 315 78 138 477 374 388 215 406 214 345 146 490 374 412 477 418 300 146 54 199 150 275 100 282 96 52 154 468 
123 164 484 388 399 0 328 364 272 216 286 385 380 337 481 126 211 392 102 335 399 406 339 97 262 113 354 250 367 356 110 334 429 225 317 73 330 145 387 309 67 379 193 153 216 173 229 133 64 489 
418 169 150 256 424 118 0 76 277 319 393 340 379 226 268 310 250 291 140 101 385 399 325 263 91 428 185 421 157 268 191 352 185 311 208 148 234 276 174 217 94 273 56 180 205 275 196 161 272 286 
419 156 391 243 126 188 171 0 261 108 485 236 457 336 371 267 250 225 451 476 105 167 70 328 381 407 240 155 102 351 133 95 270 240 436 463 72 331 133 490 145 324 225 101 159 303 318 359 234 475 
91 290 349 318 324 229 224 63 0 90 276 121 173 321 341 119 464 59 141 294 350 338 145 173 269 197 490 278 465 348 463 196 145 252 495 413 282 223 136 52 470 119 123 142 146 170 212 109 179 59 
109 479 347 205 152 116 352 141 344 0 72 195 62 218 498 471 419 410 253 348 253 255 317 322 84 410 418 204 328 234 333 337 500 312 391 204 170 213 262 468 263 492 369 276 416 366 246 91 483 205 
389 235 166 413 56 200 78 180 354 356 0 364 187 192 120 205 289 481 81 452 243 255 215 441 123 441 112 196 393 153 178 98 493 363 214 161 125 365 189 255 425 495 326 111 393 396 473 182 376 53 
133 325 258 54 472 88 445 84 234 94 187 0 362 349 386 431 269 497 55 133 392 467 265 386 499 326 279 150 299 167 233 58 457 57 267 462 236 305 162 270 489 206 163 106 54 256 243 274 459 455 
113 351 421 328 236 176 361 221 276 159 94 459 0 167 51 223 140 463 409 395 124 385 139 281 254 402 492 460 144 265 419 305 85 269 433 363 211 108 223 139 90 88 183 500 413 184 429 52 146 93 
154 428 428 450 208 181 108 199 348 409 171 266 214 0 206 241 146 275 158 411 449 247 451 243 381 206 362 271 134 121 124 177 225 51 311 381 416 199 439 114 497 348 442 469 268 147 416 364 373 73 
274 77 478 224 477 114 137 339 335 221 410 409 105 341 0 166 122 221 81 478 367 353 230 214 294 198 432 148 320 51 471 344 275 254 77 205 230 141 292 68 182 220 428 298 482 268 414 310 196 446 
288 62 298 468 433 298 166 120 396 192 121 122 486 102 326 0 62 464 56 360 256 281 493 182 209 290 370 183 203 179 329 355 417 341 359 385 480 157 257 99 259 399 170 332 141 429 157 360 393 370 
220 355 151 419 487 66 208 112 199 117 241 479 423 158 75 281 0 249 55 144 212 104 354 110 432 185 408 360 499 475 252 369 194 313 226 112 299 242 477 361 391 93 309 125 222 417 358 210 372 363 
304 83 173 364 350 311 255 258 378 254 232 336 329 132 149 54 401 0 398 246 377 466 136 176 481 212 349 153 69 58 475 138 68 57 468 383 113 486 137 321 363 341 259 198 376 97 297 380 448 402 
125 80 123 419 414 103 130 262 206 356 477 180 200 495 394 374 133 457 0 359 221 485 221 268 450 126 144 498 373 230 445 274 306 232 103 224 145 156 60 113 312 122 89 198 479 290 298 352 130 462 
211 301 446 138 275 395 214 125 148 294 306 93 67 318 275 121 248 126 434 0 258 189 453 330 435 150 308 431 155 366 60 116 76 67 268 372 293 369 292 124 468 85 136 267 103 160 248 381 358 324 
70 115 219 473 151 153 330 165 83 435 482 94 257 264 111 475 135 110 343 378 0 392 66 413 478 283 222 138 481 309 446 60 330 268 229 302 369 332 131 485 366 272 466 166 479 229 227 453 71 495 
52 155 386 68 67 119 302 447 207 489 255 360 500 84 127 228 93 446 60 174 186 0 132 397 358 248 375 294 181 84 315 382 86 420 267 311 193 337 112 139 250 308 101 109 307 135 393 485 178 95 
251 59 231 89 162 89 494 243 333 175 277 354 56 69 480 481 331 172 73 149 262 273 0 407 313 89 213 154 432 405 490 477 155 255 415 195 367 210 188 109 249 69 93 102 283 112 81 470 393 410 
493 493 378 265 399 190 60 319 51 443 223 247 175 84 452 89 436 318 456 124 133 204 350 0 176 463 339 446 250 308 338 160 56 86 488 479 192 385 489 461 142 431 390 339 313 424 290 352 360 314 
64 190 397 218 246 280 181 292 225 137 99 269 247 313 62 442 291 204 326 279 371 418 417 260 0 463 229 390 252 287 456 65 301 352 168 226 98 398 113 340 329 200 145 98 154 408 110 95 405 264 
127 391 341 251 307 307 213 242 196 415 235 152 186 243 454 304 175 258 409 238 304 237 144 400 285 0 248 63 345 500 175 315 126 65 362 327 78 168 490 477 315 160 418 173 296 160 333 100 492 298 
459 436 101 195 80 207 187 485 428 238 485 102 260 317 117 121 144 352 240 340 328 261 451 245 140 453 0 112 423 52 310 427 217 246 479 119 276 392 463 467 319 200 207 127 410 475 401 482 325 252 
428 371 286 188 321 238 278 274 300 407 483 109 90 407 61 275 232 287 166 194 461 192 100 167 476 461 348 0 377 198 172 335 125 494 328 470 70 65 454 50 71 116 240 337 156 353 349 381 84 342 
254 435 302 152 485 176 127 201 474 454 349 353 496 180 346 323 149 122 338 309 330 359 376 276 402 482 128 250 0 119 369 92 323 303 100 425 494 226 258 195 200 419 250 52 414 137 104 443 443 383 
280 252 419 345 127 194 246 315 272 203 140 347 452 169 356 51 300 350 228 58 251 134 427 207 343 96 294 153 489 0 237 242 475 195 161 319 272 305 271 293 284 424 140 130 131 259 193 133 59 249 
67 274 450 358 200 363 200 453 157 59 441 100 458 415 245 118 440 223 130 210 222 120 341 312 407 422 71 99 261 287 0 298 278 267 454 135 173 317 492 125 180 257 65 230 215 186 181 283 125 354 
119 492 75 189 88 338 303 217 115 352 184 108 357 413 325 310 254 448 333 246 279 463 453 50 399 167 186 79 157 468 139 0 226 215 165 122 254 209 375 177 481 433 311 295 289 430 119 306 184 273 
138 136 258 308 295 258 413 169 150 443 483 117 288 415 282 403 487 242 318 117 369 298 50 387 299 496 316 124 301 206 103 390 0 499 311 404 294 68 316 169 375 465 151 442 253 65 431 362 259 172 
180 326 248 184 82 341 434 78 363 57 329 69 111 425 67 128 84 67 354 351 393 228 71 494 377 274 266 307 343 475 185 473 56 0 139 363 89 430 52 324 293 267 152 68 84 284 292 162 318 66 
466 375 409 401 397 159 277 377 375 83 219 105 425 398 111 64 261 357 200 470 180 443 236 283 217 270 273 460 139 90 232 311 416 140 0 211 312 249 438 188 330 227 114 385 359 462 447 373 429 59 
72 399 190 222 341 179 389 111 402 104 407 198 286 217 113 133 379 131 332 72 477 162 457 90 497 315 51 199 187 187 209 416 85 105 344 0 376 234 440 193 342 494 99 490 487 267 310 119 352 147 
157 374 123 269 330 370 473 144 372 378 488 265 293 160 300 348 454 382 288 393 75 336 143 124 326 129 97 342 198 399 439 61 480 62 488 65 0 382 460 367 460 93 354 224 337 220 230 391 174 112 
386 66 137 221 159 418 497 445 222 94 349 327 484 361 306 496 348 78 133 63 395 300 106 455 474 149 175 411 247 299 473 132 71 316 303 388 440 0 56 332 161 100 181 195 83 492 207 285 339 235 
369 108 129 375 371 291 348 471 416 465 217 421 437 55 442 252 308 85 399 314 368 59 121 499 204 154 246 362 390 291 303 465 349 139 339 219 380 393 0 396 51 358 319 422 50 324 119 460 339 155 
358 359 473 123 430 227 485 291 423 102 387 213 355 351 268 444 396 437 79 495 333 80 108 151 452 109 182 278 68 471 383 132 329 355 205 466 288 189 256 0 210 241 142 129 303 199 347 453 301 283 
483 295 322 62 110 180 221 169 312 449 394 489 331 476 317 392 387 489 179 76 244 95 474 92 174 483 241 471 436 492 460 418 494 282 186 103 412 357 429 430 0 305 322 418 135 53 441 233 390 430 
362 172 380 163 353 423 287 335 370 464 477 118 424 394 318 205 80 371 323 387 55 252 399 83 376 240 293 72 424 182 452 492 61 88 155 120 217 392 161 86 356 0 138 154 279 238 422 190 475 499 
219 118 53 177 467 293 52 206 85 74 129 425 233 328 192 478 433 262 194 324 373 230 386 217 91 371 406 219 60 380 218 436 204 428 112 170 428 321 83 463 102 162 0 387 285 440 78 262 128 497 
406 403 370 342 495 293 383 366 198 309 132 285 477 68 439 160 337 316 87 158 349 257 210 217 143 201 364 379 169 442 375 281 100 451 329 95 244 212 167 148 227 249 139 0 203 474 285 69 67 100 
314 175 155 70 91 322 370 449 392 455 324 334 86 104 384 487 383 185 437 301 302 292 478 258 381 387 438 372 163 455 178 183 336 283 410 133 312 486 81 203 441 111 487 477 0 165 127 219 255 469 
363 262 478 154 447 235 241 89 379 113 202 334 241 91 376 231 451 460 493 437 247 402 133 309 145 316 180 429 485 385 397 347 354 374 207 300 315 399 339 194 462 248 234 409 496 0 109 346 447 68 
94 139 473 447 429 281 91 244 411 226 435 52 122 282 356 203 439 362 468 93 407 161 261 361 345 170 357 161 466 59 386 267 148 358 213 76 138 461 477 256 186 411 258 465 399 320 0 167 94 181 
135 137 87 453 349 155 54 225 462 165 397 471 50 163 325 115 326 107 410 493 83 165 385 200 129 350 99 399 467 143 286 308 230 80 261 285 185 472 460 146 136 357 323 343 470 354 164 0 296 411 
74 495 200 189 380 350 476 229 399 374 402 248 367 210 429 397 177 420 81 148 380 384 441 236 413 490 205 266 361 207 383 385 202 289 280 288 345 255 467 451 336 124 198 409 284 333 305 167 0 253 
92 472 132 426 168 74 94 365 436 310 225 143 399 316 51 187 95 496 482 57 462 432 99 292 130 458 76 169 262 400 372 304 128 210 436 246 234 480 317 170 496 492 470 394 63 227 287 109 222 0 

1469 0 32
1469 1 2
1469 2 27
1469 3 28
1469 4 2
1469 5 11
1469 6 2
1469 7 47
1469 8 46
1469 9 20
1469 10 45
1469 11 25
1469 12 25
1469 13 18
1469 14 45
1469 15 35
1469 16 40
1469 17 16
1469 18 15
1469 19 35
1469 20 9
1469 21 35
1469 22 36
1469 23 8
1469 24 35
1469 25 8
1469 26 24
1469 27 43
1469 28 24
1469 29 33
1469 30 17
1469 31 7
1469 32 35
1469 33 44
1469 34 40
1469 35 42
1469 36 6
1469 37 47
1469 38 40
1469 39 9
1469 40 19
1469 41 42
1469 42 39
1469 43 44
1469 44 15
1469 45 35
1469 46 35
1469 47 6
1469 48 7
1469 49 6

