50 50 4

0 496 63 328 445 165 126 195 166 83 494 57 321 442 346 184 199 226 172 324 255 387 72 311 93 125 163 78 176 56 278 397 52 498 224 203 162 301 348 279 90 98 493 117 490 338 458 188 63 129 
218 0 268 466 241 285 265 72 399 294 198 161 278 94 370 275 269 73 143 276 127 372 316 175 120 383 371 408 340 265 177 176 434 151 141 381 387 113 403 492 113 308 359 341 108 229 322 83 459 415 
309 85 0 494 124 418 113 213 288 228 260 53 355 386 193 213 233 73 99 296 182 297 359 440 155 406 499 90 227 81 499 142 97 291 342 378 208 405 91 446 132 57 205 438 393 348 150 125 127 406 
128 260 409 0 193 406 270 99 404 67 483 192 65 124 446 306 416 323 220 77 120 166 159 127 77 303 470 376 159 302 453 271 380 419 386 72 325 156 328 228 173 311 126 395 141 71 408 264 101 127 
291 171 450 156 0 249 478 410 425 109 275 226 61 497 312 431 382 91 255 244 369 189 123 386 473 225 478 250 132 241 57 416 238 179 366 100 134 343 460 58 402 442 235 169 194 253 306 75 294 267 
477 163 163 306 499 0 342 481 232 91 319 179 306 235 367 435 100 418 68 149 133 283 257 281 224 376 425 428 389 451 221 155 183 90 475 195 296 316 176 478 114 201 157 370 386 230 304 192 354 78 
291 194 311 498 425 242 0 130 350 169 469 56 96 330 189 137 305 334 383 327 216 116 391 368 223 260 460 404 270 152 464 54 149 157 72 354 82 264 190 382 139 365 388 185 194 76 479 205 116 361 
483 490 428 129 113 357 96 0 72 467 72 381 431 77 237 87 306 90 119 69 437 451 365 301 94 500 201 327 479 357 394 95 95 383 229 381 446 293 427 224 259 450 105 189 233 499 434 489 88 52 
264 231 210 335 482 254 334 182 0 81 68 245 181 321 497 270 256 378 422 499 60 145 258 216 407 153 155 405 86 350 199 296 320 380 456 154 361 416 195 250 203 213 201 334 240 198 310 447 282 231 
201 499 327 165 422 440 269 76 101 0 61 377 250 307 403 130 469 57 197 385 202 153 294 121 305 128 68 209 144 465 197 326 372 195 359 488 323 298 256 350 349 267 433 306 281 335 142 249 342 289 
340 250 149 134 78 160 419 96 319 62 0 267 222 338 138 367 403 125 190 408 87 246 256 61 178 61 292 219 360 491 268 356 87 468 455 378 496 114 296 91 139 64 64 311 109 153 384 462 435 280 
369 473 476 332 484 360 99 275 286 410 472 0 53 265 265 227 219 142 223 490 388 471 128 159 242 389 218 345 272 179 279 259 255 251 234 86 441 301 135 422 86 251 150 89 466 365 266 391 458 195 
380 101 373 214 210 114 102 134 165 81 471 394 0 290 225 352 230 468 292 481 309 421 273 60 70 312 232 141 285 123 98 186 209 357 265 374 273 85 426 358 200 213 328 301 453 52 152 183 226 150 
370 485 70 143 495 297 161 434 389 152 56 193 289 0 215 500 260 88 480 296 221 337 446 384 164 246 93 373 104 433 305 205 58 289 432 151 491 436 263 424 324 121 186 223 116 107 430 327 353 409 
329 73 245 274 163 115 227 413 194 488 101 449 399 110 0 237 331 211 434 473 180 113 52 252 249 225 74 307 154 351 159 269 179 389 464 160 258 285 93 378 429 80 429 377 430 489 321 467 200 461 
195 86 74 197 495 273 372 69 79 233 126 395 452 463 490 0 172 122 248 163 372 125 92 402 53 175 87 493 202 260 399 163 405 191 187 308 186 410 387 412 196 119 488 90 277 450 80 155 278 485 
269 149 109 67 258 319 192 51 67 345 469 416 458 373 314 144 0 181 450 53 67 117 406 343 311 447 326 468 233 188 245 217 407 101 483 180 65 301 322 66 319 373 485 441 330 114 254 180 452 410 
391 225 477 296 274 288 449 99 255 181 237 206 104 350 257 86 480 0 272 94 58 496 119 381 236 59 418 300 264 97 251 380 438 426 113 234 199 351 182 456 312 70 399 224 331 456 188 124 191 166 
168 406 161 237 287 348 453 204 354 216 458 105 303 396 237 366 336 143 0 423 224 305 441 244 410 164 282 365 58 356 263 175 474 168 493 417 405 96 369 315 401 292 273 212 94 375 155 410 210 455 
332 384 259 479 335 169 142 116 240 358 422 453 483 151 328 231 67 232 278 0 386 254 385 177 233 96 221 107 408 337 474 363 375 113 121 353 398 447 202 220 394 59 348 102 248 449 380 429 222 319 
206 108 72 90 442 255 343 370 68 251 206 492 113 81 104 391 140 209 94 292 0 135 438 301 434 490 499 138 126 184 311 395 340 125 173 137 66 378 430 386 152 387 299 143 450 86 404 97 176 112 
141 175 198 285 426 338 481 181 426 106 315 236 207 361 67 330 204 84 414 341 176 0 65 227 425 158 177 461 269 431 344 331 278 469 235 62 150 72 493 281 449 306 302 391 463 370 409 293 73 199 
206 364 325 429 298 457 293 425 417 61 111 260 343 339 228 284 351 329 307 99 316 462 0 111 325 108 281 401 223 280 180 372 192 251 404 120 499 360 364 179 483 375 240 450 424 78 384 208 135 419 
221 391 235 389 453 266 447 440 373 377 219 52 248 361 253 358 432 251 217 295 380 407 169 0 326 356 300 354 239 458 195 158 385 86 99 273 245 71 426 184 394 302 109 152 257 420 356 114 351 313 
489 352 400 395 228 225 457 478 79 195 435 431 59 75 223 315 298 418 336 223 308 436 476 367 0 88 232 287 394 52 344 413 491 196 312 141 374 488 97 351 273 450 492 203 215 66 377 481 70 50 
316 243 65 252 425 382 497 363 375 146 366 426 58 112 328 321 411 201 308 214 258 287 370 456 440 0 85 228 72 65 248 280 87 197 295 496 122 383 492 191 465 137 56 390 353 326 217 173 443 124 
187 156 88 424 477 250 119 268 428 349 490 175 128 283 78 129 279 357 462 477 499 182 321 261 71 173 0 293 445 52 235 275 396 98 313 75 74 62 144 499 196 199 244 77 484 477 106 112 462 413 
281 439 167 413 466 379 191 138 171 135 347 357 117 242 405 136 267 185 356 361 390 51 267 133 79 250 109 0 342 313 71 461 93 216 128 212 181 457 353 476 334 195 322 397 262 63 57 348 280 399 
203 347 288 412 113 127 197 70 187 489 333 415 449 132 130 283 294 468 446 354 443 280 499 264 176 467 484 391 0 314 470 289 224 316 77 342 136 361 489 156 498 233 195 168 388 484 455 171 484 422 
116 337 120 102 91 90 436 57 73 326 78 493 114 459 65 348 300 358 416 495 220 413 227 121 288 114 104 242 442 0 294 371 265 338 441 317 379 482 252 143 261 284 171 254 105 336 476 159 342 333 
74 336 52 194 269 123 432 89 384 380 482 177 250 453 221 191 269 307 379 228 400 139 218 277 343 273 319 74 383 160 0 357 163 446 359 307 421 188 445 460 71 325 197 406 74 149 333 422 125 139 
300 303 245 390 471 472 439 451 290 464 89 156 320 202 101 386 216 228 73 160 188 302 435 335 414 216 191 246 137 266 336 0 388 68 80 277 245 259 422 195 255 385 234 362 205 143 169 297 309 348 
320 419 486 328 110 76 241 483 217 438 119 189 480 213 414 59 196 159 268 118 60 230 453 452 91 364 94 210 160 109 264 431 0 234 456 465 50 483 206 483 406 143 102 302 329 265 215 338 168 324 
313 236 91 493 188 493 290 259 293 206 369 108 421 55 292 376 471 293 114 176 482 227 476 83 479 304 55 193 348 173 224 160 115 0 265 359 460 464 148 218 463 305 87 70 432 299 68 307 269 67 
372 151 500 98 333 289 76 136 50 426 191 380 149 57 445 364 367 405 327 221 329 496 232 122 272 163 372 291 177 140 64 499 449 63 0 303 281 59 85 124 59 461 265 146 110 272 90 180 345 201 
214 66 237 209 455 309 432 118 180 429 245 478 443 450 182 213 459 413 429 250 487 438 210 251 83 477 230 331 157 74 238 321 297 425 480 0 252 234 167 76 120 95 478 304 489 183 436 408 141 349 
336 341 91 480 257 500 270 234 229 100 341 253 288 161 50 420 347 252 360 465 278 430 59 255 441 254 388 132 161 235 431 203 282 229 183 489 0 228 159 222 407 209 269 159 203 380 366 329 227 117 
188 398 101 118 407 62 265 368 156 347 235 341 485 389 329 213 278 318 391 387 246 53 302 466 369 211 101 235 491 278 58 178 382 110 453 496 329 0 217 363 436 271 97 483 255 192 312 174 176 336 
64 62 81 274 70 497 142 232 98 327 429 82 336 106 415 152 266 410 431 189 479 122 410 282 105 164 425 123 288 100 409 58 320 440 489 340 193 131 0 278 241 164 206 273 206 470 394 308 235 59 
446 374 488 67 491 270 329 361 401 158 356 451 66 364 477 213 353 73 356 190 301 303 60 458 282 217 427 176 231 368 392 383 448 380 157 438 356 436 299 0 256 301 154 413 317 224 146 236 283 169 
91 179 420 344 190 133 126 357 266 459 294 133 350 177 288 436 284 225 291 426 230 253 226 90 373 250 472 469 436 254 137 234 384 263 284 280 347 116 343 112 0 74 136 403 131 470 190 66 253 121 
64 386 302 474 318 342 346 67 313 70 210 274 364 394 364 127 384 143 424 451 192 242 475 278 144 105 248 284 329 207 356 99 299 364 72 117 412 125 341 432 145 0 50 205 460 150 275 86 485 124 
216 435 266 408 165 494 52 428 448 493 256 362 104 305 160 418 83 434 330 158 275 261 461 482 172 176 339 153 419 323 227 134 464 443 248 128 192 250 55 140 450 468 0 208 53 479 74 422 62 459 
458 377 233 218 337 421 96 463 259 199 381 81 376 221 251 74 420 330 216 376 91 62 325 59 220 85 488 245 457 256 410 414 133 349 338 420 269 140 139 479 496 226 266 0 371 154 224 151 73 53 
317 155 301 86 187 66 463 222 54 207 385 467 323 54 99 171 98 470 391 188 315 125 183 491 97 260 144 271 361 374 481 384 236 489 420 373 54 383 301 265 296 185 232 119 0 396 281 447 444 457 
93 338 478 375 227 469 423 437 319 400 53 400 381 143 135 369 63 214 129 152 465 345 398 356 76 223 251 63 377 401 471 420 445 448 295 171 172 424 314 198 323 73 97 410 166 0 389 485 179 102 
114 281 273 409 386 128 191 315 85 204 191 192 381 318 136 85 112 464 207 486 277 111 64 300 365 425 172 253 409 302 61 473 289 284 137 381 118 278 403 360 433 300 258 69 117 100 0 104 386 63 
469 371 497 79 142 52 395 66 175 354 181 183 122 361 422 112 448 59 181 226 412 247 365 211 456 384 486 55 439 371 276 407 449 272 192 90 275 293 313 156 354 444 289 426 304 417 488 0 252 426 
375 184 93 122 499 462 284 138 447 289 283 317 271 396 265 494 88 61 475 87 324 130 391 268 125 316 278 492 304 236 418 178 370 217 250 124 178 484 420 124 480 202 392 457 98 363 450 136 0 375 
180 173 198 467 64 172 91 86 157 83 340 343 207 469 420 374 425 494 52 165 413 126 351 322 224 307 370 87 464 212 168 350 91 316 317 312 195 358 349 302 147 188 351 60 363 270 385 288 471 0 

724.25 0 33
724.25 1 24
724.25 2 12
724.25 3 48
724.25 4 0
724.25 5 39
724.25 6 32
724.25 7 8
724.25 8 30
724.25 9 21
724.25 10 44
724.25 11 7
724.25 12 19
724.25 13 37
724.25 14 23
724.25 15 39
724.25 16 28
724.25 17 36
724.25 18 34
724.25 19 16
724.25 20 19
724.25 21 22
724.25 22 15
724.25 23 7
724.25 24 22
724.25 25 14
724.25 26 30
724.25 27 16
724.25 28 16
724.25 29 10
724.25 30 6
724.25 31 0
724.25 32 34
724.25 33 19
724.25 34 5
724.25 35 39
724.25 36 14
724.25 37 38
724.25 38 4
724.25 39 45
724.25 40 9
724.25 41 48
724.25 42 3
724.25 43 33
724.25 44 36
724.25 45 31
724.25 46 28
724.25 47 20
724.25 48 19
724.25 49 14

