50 50 4

0 359 409 100 345 370 345 402 368 387 51 147 287 176 370 498 77 170 109 189 424 343 173 173 236 351 350 250 113 317 191 457 175 306 57 227 175 352 128 494 445 337 140 231 219 216 435 453 92 495 
141 0 466 337 472 345 279 322 194 235 141 217 133 98 98 389 312 275 64 370 110 264 314 153 354 251 322 276 186 481 318 387 122 283 430 93 334 415 121 478 149 420 194 232 224 449 328 486 224 342 
355 284 0 312 375 143 372 332 171 147 468 151 415 110 223 404 490 473 237 404 301 421 260 427 321 198 150 269 476 135 443 73 196 433 335 277 282 206 108 403 59 283 54 424 343 434 83 89 163 477 
199 414 397 0 165 96 424 314 196 193 496 488 342 276 390 482 317 166 263 230 224 166 239 457 377 370 300 310 159 95 179 136 244 92 239 360 345 163 380 491 62 131 234 110 357 123 91 381 239 61 
110 414 384 299 0 370 260 375 376 276 485 177 406 120 372 204 309 438 500 178 73 246 190 154 431 251 218 53 499 98 243 266 158 363 149 163 439 115 489 71 342 473 198 454 92 276 157 107 213 363 
443 443 109 132 97 0 490 89 472 249 295 69 442 60 177 60 160 497 450 225 485 471 273 457 168 226 255 151 90 69 70 403 462 464 218 300 267 207 340 238 407 341 257 104 351 140 115 217 136 271 
393 121 448 372 284 115 0 305 490 423 345 58 444 454 226 407 172 476 173 85 71 361 198 362 324 460 213 414 281 380 500 51 479 327 449 107 111 270 362 307 193 413 71 136 122 247 249 451 222 372 
487 451 439 391 312 262 350 0 231 175 130 318 381 338 52 208 286 109 476 263 177 282 406 89 303 248 369 256 203 319 184 74 61 134 219 403 153 431 459 334 312 296 358 399 133 361 313 126 420 288 
339 304 276 451 99 285 198 418 0 491 351 444 175 131 455 466 56 113 118 193 72 159 455 74 467 353 157 83 166 233 210 160 278 464 387 228 62 171 132 187 369 433 130 494 270 84 215 483 148 491 
175 377 149 336 401 322 189 264 112 0 61 204 272 378 432 235 264 160 454 142 242 140 461 382 220 210 358 462 131 341 316 121 466 399 220 302 299 249 197 269 311 415 423 289 292 355 474 263 465 183 
111 413 481 278 294 200 438 152 368 68 0 443 183 347 164 81 273 416 86 472 319 306 489 233 435 277 232 289 457 201 460 347 262 129 327 246 373 477 183 231 345 408 380 234 254 495 266 478 166 58 
205 436 70 401 375 456 384 106 451 341 464 0 167 187 432 246 464 177 118 196 66 300 247 425 179 188 385 380 160 118 497 168 481 188 189 381 62 351 264 326 301 311 289 418 204 221 163 374 348 439 
277 365 445 230 496 330 368 136 210 478 412 413 0 146 148 100 492 235 319 342 205 144 142 467 384 267 377 311 136 251 365 74 234 436 225 414 187 55 282 274 422 259 392 90 111 490 347 102 224 165 
150 379 260 243 101 350 460 429 367 95 386 231 327 0 119 167 258 483 304 470 471 284 391 437 175 187 254 371 484 307 301 149 407 180 115 356 438 171 71 122 488 324 458 425 357 283 298 114 473 309 
84 443 92 181 135 425 319 340 51 302 353 303 157 466 0 189 429 322 126 99 99 199 293 373 363 425 229 146 222 294 118 481 328 267 280 459 353 204 484 192 412 493 251 214 356 216 353 285 244 186 
90 294 91 90 166 404 465 102 256 186 102 80 374 136 298 0 153 301 150 63 285 499 425 277 249 139 339 171 198 330 366 90 371 159 131 167 482 242 131 290 448 474 342 479 347 184 483 450 436 339 
463 427 93 388 410 499 233 248 169 137 78 485 178 155 350 466 0 272 88 207 353 328 362 82 377 96 380 60 78 85 202 367 255 128 166 142 488 164 81 236 283 168 264 475 296 369 324 262 347 362 
175 406 397 487 438 273 82 73 490 317 109 192 390 314 270 55 162 0 258 169 400 200 403 67 170 377 70 245 407 489 91 476 370 447 372 357 384 351 145 164 340 169 223 238 58 243 459 64 111 423 
390 461 122 499 234 449 131 461 193 489 205 234 464 75 180 91 138 270 0 392 233 384 438 108 313 176 117 262 341 338 323 263 227 490 91 433 224 490 63 184 182 258 96 366 428 121 252 469 209 228 
116 148 112 54 207 131 180 274 344 471 318 166 440 251 363 481 183 86 226 0 197 427 358 405 473 430 333 300 388 57 459 115 124 107 384 128 471 222 465 244 65 191 268 388 337 469 250 73 152 493 
249 299 176 313 410 355 449 242 155 336 457 113 157 80 377 248 365 347 420 85 0 297 191 433 271 78 269 240 486 292 342 478 247 347 153 59 256 215 214 205 320 256 161 139 119 398 223 317 262 276 
443 297 280 133 229 50 162 204 240 147 446 81 331 399 378 191 164 341 356 328 496 0 175 83 363 471 152 260 193 176 228 420 118 231 199 202 410 406 314 320 146 167 472 384 448 370 469 345 484 309 
200 311 60 81 100 129 259 409 339 402 84 273 77 153 454 433 305 363 339 325 389 191 0 198 360 74 352 229 493 197 419 301 103 436 67 135 486 146 344 394 191 452 429 414 236 288 367 375 299 436 
420 123 324 110 271 183 135 122 118 127 476 487 135 79 422 359 164 163 456 214 264 353 372 0 399 267 314 186 340 189 435 276 108 264 99 169 485 440 461 313 264 87 289 251 379 318 379 238 188 493 
400 108 463 252 186 361 225 451 497 65 139 187 291 197 401 96 72 141 242 483 160 457 277 399 0 414 362 423 499 99 317 247 205 131 209 164 268 69 339 218 65 354 63 202 351 417 309 398 440 400 
139 178 60 302 405 165 215 267 295 214 72 318 167 228 400 327 342 374 346 387 298 118 241 311 270 0 91 227 286 195 166 185 492 295 402 293 406 274 215 172 275 135 402 92 252 129 198 78 177 71 
131 270 319 199 461 129 175 259 63 411 404 179 303 395 180 204 395 293 184 316 415 409 401 316 452 359 0 151 149 144 485 378 225 255 403 374 422 483 499 180 252 410 291 137 212 185 268 122 286 60 
257 101 181 372 208 204 323 67 61 179 368 497 263 92 458 165 416 379 354 170 266 105 286 56 193 204 398 0 167 277 184 177 240 442 64 111 150 218 141 374 230 477 241 433 239 283 390 110 405 475 
415 281 240 226 67 246 369 221 144 486 204 485 369 394 426 140 212 282 64 59 155 244 242 346 383 187 335 272 0 247 446 454 368 227 193 94 451 146 169 171 447 155 326 431 230 426 112 320 344 345 
335 353 206 285 301 259 375 438 93 353 392 246 306 259 179 450 59 129 302 179 457 248 491 282 385 427 415 447 247 0 258 498 288 318 204 279 118 413 153 263 212 457 154 408 469 119 293 174 129 128 
426 465 85 173 455 73 57 137 194 211 90 403 208 328 427 362 314 251 481 173 464 193 336 324 307 305 394 100 429 229 0 385 355 400 420 234 110 200 449 197 344 159 238 453 73 272 379 142 85 130 
122 416 300 265 251 124 279 262 224 329 191 159 420 252 58 96 192 118 246 140 265 296 456 453 456 236 432 334 328 223 170 0 400 138 177 372 96 251 150 308 181 185 205 290 104 163 298 150 306 122 
102 152 93 349 315 253 304 50 184 344 328 357 221 434 446 348 305 492 305 405 55 436 296 211 225 351 324 229 451 336 57 53 0 195 100 108 460 303 362 216 193 412 250 50 132 183 202 430 195 400 
234 99 405 376 102 115 307 403 146 486 353 432 249 112 333 300 170 292 309 238 214 453 150 414 209 232 97 361 369 242 467 102 498 0 371 429 99 193 442 452 289 428 61 427 383 330 260 389 207 258 
198 395 423 357 251 92 272 434 139 339 58 87 305 317 292 175 452 341 318 394 500 313 321 267 447 410 303 413 299 460 170 203 355 299 0 59 105 98 488 245 187 326 253 432 130 70 223 462 472 270 
280 365 476 299 392 449 245 302 252 157 307 211 485 460 65 490 225 328 87 212 72 432 488 483 363 117 52 292 78 230 61 64 95 488 70 0 193 436 265 201 394 129 458 105 113 417 120 102 141 154 
140 303 177 71 497 159 140 320 368 382 105 97 393 119 349 136 139 249 279 111 400 172 190 358 434 253 481 54 61 122 365 358 131 492 135 335 0 357 225 154 431 106 209 235 206 486 83 499 124 282 
484 392 182 156 81 246 89 491 226 300 52 54 165 116 343 363 202 177 427 377 281 357 190 441 91 102 426 332 100 256 320 84 148 208 397 386 404 0 192 377 337 443 135 341 314 201 183 383 109 310 
309 193 298 373 333 238 170 385 370 452 191 332 479 225 430 186 328 72 90 471 399 377 169 240 424 433 147 107 71 207 123 87 350 371 410 389 315 286 0 480 391 445 170 223 423 102 359 108 380 381 
355 350 486 438 469 225 362 157 79 175 386 236 455 423 292 82 88 180 103 80 159 445 475 486 374 397 87 439 212 418 320 66 474 61 211 199 237 279 62 0 266 404 398 208 114 76 450 353 114 336 
407 145 201 107 326 186 431 430 224 125 141 348 395 364 321 407 74 226 350 303 239 322 413 343 236 234 370 392 86 190 227 443 285 378 256 318 63 393 247 237 0 469 338 291 119 408 112 232 433 288 
81 442 233 109 111 76 295 295 396 393 87 292 119 481 284 447 236 101 217 336 298 160 304 342 402 373 249 220 105 181 214 343 330 398 159 391 180 160 392 282 53 0 429 73 122 165 307 276 108 358 
199 394 362 309 404 203 417 276 403 136 331 290 301 381 119 405 490 216 84 149 314 316 152 450 339 432 321 353 414 135 210 112 479 72 127 382 432 495 365 334 130 402 0 331 381 282 156 285 478 79 
75 127 343 341 436 499 387 123 320 239 487 405 399 305 140 177 383 228 316 377 92 149 457 201 186 94 433 293 85 411 322 111 244 371 402 386 370 288 460 396 233 202 56 0 339 458 146 222 340 81 
488 216 330 344 379 481 480 423 170 272 459 80 93 276 481 415 384 122 491 172 81 142 111 441 148 400 398 452 122 444 483 109 366 68 403 244 500 383 374 169 361 88 406 161 0 314 142 282 197 214 
272 75 453 364 137 393 218 487 497 169 108 196 358 375 61 377 277 255 132 366 128 458 227 373 363 338 186 211 119 334 131 97 359 83 167 202 182 335 189 385 455 454 80 312 328 0 91 395 312 53 
477 177 338 434 110 211 52 154 347 213 430 387 51 233 453 84 350 154 424 185 500 308 346 454 339 364 488 136 259 55 139 442 390 184 376 450 345 134 311 398 54 447 285 55 180 237 0 89 236 97 
219 371 97 478 423 257 72 287 451 158 252 457 455 193 346 138 275 51 189 360 312 86 364 259 77 369 145 471 164 331 68 334 409 322 67 331 285 89 324 235 404 282 191 358 182 243 446 0 407 245 
341 266 56 378 336 472 405 411 116 376 282 154 150 115 62 422 339 99 413 378 374 147 281 362 496 346 494 238 291 401 433 339 373 196 216 416 374 327 82 441 202 314 301 58 135 313 186 424 0 362 
98 57 442 196 289 304 398 341 53 135 338 160 275 176 484 421 342 155 294 169 187 441 77 452 241 86 86 260 429 217 122 478 224 63 380 219 73 277 59 77 118 348 187 343 474 377 263 316 238 0 

947.43 0 26
947.43 1 40
947.43 2 30
947.43 3 41
947.43 4 37
947.43 5 43
947.43 6 11
947.43 7 30
947.43 8 3
947.43 9 13
947.43 10 47
947.43 11 20
947.43 12 23
947.43 13 1
947.43 14 7
947.43 15 40
947.43 16 34
947.43 17 37
947.43 18 28
947.43 19 35
947.43 20 28
947.43 21 43
947.43 22 12
947.43 23 39
947.43 24 15
947.43 25 35
947.43 26 11
947.43 27 32
947.43 28 45
947.43 29 23
947.43 30 34
947.43 31 22
947.43 32 19
947.43 33 15
947.43 34 15
947.43 35 8
947.43 36 14
947.43 37 31
947.43 38 39
947.43 39 17
947.43 40 0
947.43 41 42
947.43 42 38
947.43 43 24
947.43 44 42
947.43 45 1
947.43 46 15
947.43 47 27
947.43 48 43
947.43 49 48

