50 50 3

0 489 192 58 426 432 114 219 105 435 290 55 481 73 134 65 263 261 127 102 137 382 439 127 246 485 492 246 242 390 204 290 378 102 55 303 240 326 228 51 261 468 56 448 491 141 220 253 352 297 
306 0 195 385 451 479 130 191 470 326 140 359 236 136 444 495 141 453 234 418 181 442 385 355 449 332 346 296 258 305 354 54 317 255 145 475 233 225 165 409 50 462 267 443 98 417 437 189 370 377 
313 257 0 319 197 111 474 236 163 269 444 419 329 205 442 83 300 172 473 476 495 381 232 456 354 382 53 271 74 400 347 402 212 103 427 360 164 156 95 278 375 489 403 410 400 100 443 200 223 171 
382 217 51 0 113 172 355 201 383 332 226 282 178 334 444 231 260 303 102 366 104 330 447 300 439 356 199 489 54 105 211 175 437 378 383 257 257 444 408 139 276 340 371 160 173 70 342 139 324 150 
455 134 430 157 0 140 368 219 290 356 430 101 274 311 489 358 193 452 114 344 115 203 119 406 280 436 78 301 484 168 331 133 329 171 269 193 262 136 362 258 199 292 309 179 309 53 487 453 455 101 
296 277 461 121 182 0 448 263 417 248 247 291 285 330 327 406 99 470 167 392 331 375 297 329 391 426 138 394 413 297 105 220 299 332 387 126 464 90 339 136 495 85 378 279 122 204 185 171 380 58 
269 417 140 66 246 481 0 442 90 130 110 93 185 487 342 467 130 174 186 170 463 273 165 255 357 150 327 267 492 204 146 50 423 62 347 439 465 83 137 261 163 404 304 299 147 352 265 227 476 158 
103 195 137 425 400 444 75 0 433 417 66 136 269 273 58 488 119 204 209 152 498 420 266 401 431 271 498 489 242 431 465 350 241 366 437 165 265 136 190 197 259 414 490 478 186 498 466 463 408 174 
321 405 300 293 306 230 63 59 0 219 463 441 390 312 388 255 456 52 226 298 400 373 57 313 118 485 205 115 206 374 230 330 195 134 130 438 146 66 208 156 442 170 303 331 188 190 85 350 192 468 
148 91 96 155 110 164 346 266 437 0 52 139 166 88 491 250 375 185 347 392 99 209 333 219 218 371 113 358 162 414 256 130 61 54 176 373 114 291 218 86 227 427 383 343 466 373 299 340 264 352 
438 313 60 478 482 228 348 302 292 460 0 215 499 89 226 259 216 305 323 457 473 116 390 156 449 439 121 77 237 167 292 89 105 104 99 82 293 485 380 94 276 95 259 274 135 191 239 301 446 62 
464 174 335 109 280 490 498 107 273 234 225 0 64 480 487 326 286 275 325 270 361 369 496 406 334 477 491 231 215 498 383 434 217 263 475 483 494 464 480 307 444 421 238 214 400 224 490 185 205 70 
405 65 389 157 178 429 340 375 366 54 129 248 0 195 296 462 169 486 211 340 465 224 283 141 413 447 492 343 193 176 499 213 288 270 309 151 398 444 441 273 310 201 108 264 102 110 432 429 95 142 
268 60 317 257 151 436 410 349 278 309 232 276 473 0 226 253 488 327 357 431 474 129 447 174 394 211 434 455 142 362 500 442 336 266 465 92 124 400 208 423 384 468 361 367 196 86 119 390 119 426 
320 92 262 474 424 155 184 357 109 483 218 316 180 260 0 81 351 302 362 250 216 492 341 183 352 207 85 145 276 425 214 201 452 464 169 425 143 275 315 450 90 53 374 356 184 133 144 485 141 456 
442 63 203 282 197 55 439 439 357 421 364 277 328 71 240 0 448 446 333 429 467 489 225 470 118 81 360 408 382 345 499 93 493 62 247 481 416 459 175 110 71 302 424 298 129 201 245 283 146 77 
211 319 273 387 289 341 174 148 249 262 199 454 305 398 222 258 0 378 137 423 259 405 444 60 84 242 140 236 437 373 88 220 291 358 443 384 146 491 57 244 446 269 150 399 280 498 121 489 132 415 
411 341 319 111 352 354 303 198 296 446 277 334 165 67 191 315 401 0 287 61 164 238 457 139 94 111 126 91 182 321 380 304 438 221 329 499 279 389 301 427 184 453 203 469 118 428 366 139 84 360 
150 406 97 313 495 348 374 327 389 263 147 269 66 85 196 101 83 425 0 197 91 107 331 494 260 55 318 394 128 163 429 438 263 334 241 282 84 88 156 362 427 369 215 402 141 457 304 399 491 435 
95 288 492 133 488 459 345 62 352 423 175 487 360 145 320 100 377 111 138 0 483 179 272 107 100 380 198 57 184 97 254 118 349 492 317 432 235 275 277 247 126 199 129 113 266 224 139 72 307 407 
368 497 85 139 310 136 225 459 143 115 262 103 391 110 94 207 249 486 432 476 0 233 264 381 68 83 146 449 380 376 255 286 243 458 78 88 268 371 263 433 220 329 194 273 426 461 317 132 416 58 
270 391 241 240 479 466 274 331 414 153 206 169 145 399 333 173 437 100 250 407 483 0 420 235 383 192 367 100 215 449 466 224 425 113 171 164 91 137 388 372 50 247 78 376 99 183 209 429 120 466 
179 233 449 98 174 87 448 491 137 162 439 310 92 363 373 214 233 414 57 121 285 264 0 74 69 140 330 203 55 259 480 471 144 212 175 192 336 213 346 326 56 459 471 316 257 89 188 421 272 101 
184 99 93 399 331 112 245 160 265 250 125 451 427 219 162 102 118 204 472 414 236 234 372 0 413 50 336 452 395 463 431 203 147 480 246 496 66 64 240 384 487 196 459 437 122 178 306 381 246 460 
108 159 403 293 238 315 293 73 267 187 486 197 96 339 383 292 334 156 63 280 490 500 182 448 0 192 255 332 448 342 77 164 401 394 66 193 338 331 192 117 304 85 102 207 132 392 90 130 432 403 
143 419 392 349 100 339 492 61 171 439 110 405 102 461 54 325 360 342 156 51 409 410 86 218 117 0 375 316 364 456 454 266 305 372 364 154 179 202 145 397 79 83 213 191 343 173 195 167 239 488 
480 240 152 390 484 320 213 358 135 283 69 296 255 325 167 118 185 52 477 280 156 56 69 319 404 118 0 199 98 236 388 292 422 335 395 311 318 214 230 382 56 219 158 302 424 189 175 248 324 385 
225 103 491 438 329 309 341 398 458 145 340 102 388 261 387 282 279 411 202 459 499 208 385 156 216 64 295 0 342 263 118 433 194 378 423 338 207 438 385 104 396 480 394 204 367 361 90 148 139 207 
57 98 205 215 189 312 138 203 313 186 416 382 118 316 466 491 153 172 428 488 433 79 468 82 233 90 394 480 0 396 483 186 403 287 342 324 426 360 412 129 172 97 251 260 165 67 226 362 170 104 
497 365 244 75 88 276 466 128 376 201 474 359 338 376 352 386 200 485 245 318 113 123 366 70 334 237 87 266 99 0 415 76 95 486 270 327 73 253 499 358 128 200 332 193 244 414 496 336 320 236 
287 138 299 360 210 75 400 153 320 372 202 441 399 454 426 168 488 449 127 486 306 206 392 344 105 135 465 100 421 491 0 286 207 335 291 274 495 73 173 148 343 252 56 283 150 217 208 475 204 363 
102 396 375 465 288 219 69 129 390 327 257 380 319 170 215 317 150 416 340 481 270 182 232 277 171 332 200 329 62 354 398 0 321 456 272 285 450 197 61 286 86 338 493 417 156 369 338 179 470 253 
469 450 474 357 181 457 478 219 156 62 438 216 410 259 171 182 250 328 329 261 113 366 98 105 489 412 180 326 90 149 78 266 0 305 258 122 192 214 100 361 320 112 55 486 473 264 364 361 464 191 
396 225 254 468 480 65 456 147 402 488 188 51 273 404 62 481 232 205 195 282 272 221 101 277 207 280 247 277 140 211 418 486 142 0 378 454 121 149 165 219 50 153 113 258 132 223 271 112 405 182 
464 394 404 185 445 388 342 431 134 325 70 51 449 262 143 326 422 422 181 294 140 388 397 410 146 479 132 123 297 243 462 261 136 121 0 396 287 459 444 217 93 268 444 301 216 413 395 248 90 316 
379 334 162 266 437 278 118 171 116 398 419 309 359 179 152 431 281 145 145 224 69 395 442 463 196 364 131 90 111 172 112 196 212 224 168 0 149 452 444 270 67 97 395 82 407 280 184 93 60 280 
188 234 299 290 382 468 436 452 306 476 269 184 87 171 346 468 290 201 175 440 178 399 487 72 431 149 303 322 399 313 308 87 254 313 327 342 0 280 469 294 292 444 269 426 237 391 479 411 387 386 
292 326 63 190 68 86 120 168 95 148 66 358 406 310 318 218 343 367 205 311 160 203 461 379 129 404 476 314 314 362 199 105 187 213 452 413 456 0 279 80 50 377 303 114 283 113 383 207 162 456 
118 424 115 272 384 200 107 495 383 371 308 244 276 120 138 195 71 50 150 300 287 357 384 89 422 373 359 60 79 472 466 355 151 287 126 241 193 183 0 235 75 260 250 270 242 320 358 388 97 114 
244 104 351 101 438 390 229 310 456 446 95 427 411 400 77 404 476 475 96 365 210 122 331 410 98 280 436 162 167 483 226 117 293 283 375 230 172 103 490 0 334 499 85 467 165 435 494 68 167 225 
322 238 385 150 69 50 198 299 436 66 172 174 242 446 418 475 321 147 353 130 344 394 336 135 360 451 69 110 226 393 285 498 131 169 147 357 169 51 155 311 0 67 484 435 466 429 108 196 249 413 
499 86 256 392 372 341 459 322 116 68 254 216 303 251 297 178 104 360 297 105 221 314 329 204 248 294 339 63 440 295 426 195 331 388 293 202 435 251 230 50 269 0 435 423 71 392 426 199 447 285 
202 51 456 466 331 366 421 331 205 434 271 450 115 416 280 453 208 188 387 410 368 143 385 302 66 407 194 198 312 347 434 221 348 389 186 385 255 313 423 166 453 193 0 115 67 108 345 226 473 483 
112 138 106 413 474 115 185 136 259 333 154 105 266 325 159 362 218 251 323 481 173 439 434 72 260 207 337 104 384 309 293 446 154 105 114 334 170 249 420 135 289 280 397 0 261 105 263 122 273 464 
151 460 343 89 393 365 299 100 408 109 434 216 108 135 76 164 407 360 491 362 486 126 150 266 473 362 321 235 434 300 405 292 259 454 87 152 318 337 409 432 152 98 355 418 0 390 381 288 296 241 
278 158 226 110 258 198 290 326 469 475 467 475 136 258 234 89 295 92 114 338 207 496 197 255 350 114 144 231 108 147 178 92 255 110 153 219 259 393 252 434 123 218 409 209 426 0 142 249 427 391 
69 265 97 64 412 58 365 232 152 302 290 456 430 332 417 246 191 343 455 290 94 145 364 262 53 72 394 352 478 320 449 497 84 496 268 202 53 339 140 362 140 380 318 276 419 441 0 472 316 283 
183 106 327 485 420 88 244 198 432 302 383 252 250 135 493 245 353 195 455 398 492 72 488 372 96 470 497 488 198 68 270 87 124 97 71 250 342 265 399 274 66 488 232 266 122 431 217 0 182 332 
378 79 324 400 274 402 447 243 154 190 391 172 410 428 247 457 449 203 55 420 308 486 436 295 217 408 368 354 331 256 186 208 285 460 315 58 117 468 252 221 157 349 343 66 484 296 230 188 0 450 
235 108 257 427 250 259 143 158 333 203 195 88 339 354 323 54 375 88 121 342 497 292 449 101 342 221 84 137 157 223 293 342 281 257 268 481 466 117 345 54 271 491 92 316 100 121 321 181 159 0 

735.75 0 5
735.75 1 21
735.75 2 39
735.75 3 4
735.75 4 2
735.75 5 30
735.75 6 28
735.75 7 0
735.75 8 5
735.75 9 4
735.75 10 11
735.75 11 5
735.75 12 24
735.75 13 14
735.75 14 36
735.75 15 18
735.75 16 37
735.75 17 38
735.75 18 39
735.75 19 36
735.75 20 11
735.75 21 22
735.75 22 28
735.75 23 34
735.75 24 0
735.75 25 21
735.75 26 8
735.75 27 31
735.75 28 29
735.75 29 34
735.75 30 48
735.75 31 34
735.75 32 11
735.75 33 38
735.75 34 37
735.75 35 18
735.75 36 24
735.75 37 21
735.75 38 24
735.75 39 30
735.75 40 26
735.75 41 35
735.75 42 40
735.75 43 6
735.75 44 0
735.75 45 28
735.75 46 29
735.75 47 42
735.75 48 17
735.75 49 24

