50 50 4

0 398 360 72 460 199 478 204 170 405 136 216 101 352 253 196 143 240 265 76 431 138 97 90 311 289 66 192 175 337 408 484 441 268 263 400 417 240 310 293 352 396 459 159 454 418 305 304 364 277 
330 0 295 365 133 335 382 128 351 281 253 395 188 444 335 162 206 442 286 152 458 78 454 110 244 112 63 161 124 317 476 351 353 270 422 192 104 303 271 161 290 230 262 185 173 304 297 85 452 82 
188 409 0 318 141 225 61 411 446 379 485 469 354 91 78 123 463 220 384 472 197 252 469 378 220 153 257 474 400 293 181 189 187 297 213 485 472 224 395 417 102 135 142 163 383 170 443 345 340 83 
73 244 285 0 492 328 211 144 84 392 250 83 72 145 427 75 308 412 498 238 62 170 498 148 262 160 237 382 102 82 429 342 312 172 126 303 206 495 153 447 386 109 237 164 205 163 190 219 74 187 
164 87 63 161 0 392 276 478 128 364 286 367 499 128 385 377 411 394 82 405 253 480 497 313 216 161 224 85 301 149 110 438 263 354 207 374 452 189 107 286 53 344 360 258 178 244 135 88 138 167 
200 341 353 196 360 0 275 63 83 311 314 183 127 458 396 431 165 477 382 304 83 167 63 133 477 272 468 428 113 263 65 230 413 112 290 315 423 64 329 456 81 349 345 158 307 448 88 422 424 176 
432 213 50 202 53 233 0 424 471 160 487 233 382 423 352 445 419 167 123 434 202 285 221 50 130 330 307 77 124 435 207 251 123 126 251 275 129 190 198 100 301 391 490 389 69 342 89 439 215 162 
128 367 398 299 123 234 128 0 137 468 410 71 174 160 144 250 117 125 86 257 480 343 264 370 332 153 146 173 192 84 94 61 369 411 409 167 241 349 453 328 316 362 105 196 228 200 152 295 275 188 
258 255 481 229 331 69 332 183 0 399 230 424 444 241 292 110 356 166 301 411 325 335 433 393 391 128 120 297 438 121 278 125 85 239 313 264 70 332 302 410 437 239 334 380 186 125 441 493 241 448 
159 272 283 92 164 173 377 441 420 0 314 268 404 146 304 143 409 274 163 447 76 72 383 265 112 470 157 188 166 356 135 113 466 358 102 57 228 432 384 169 107 405 387 462 50 397 104 165 171 424 
318 404 202 200 375 265 376 482 159 492 0 338 244 312 303 308 120 66 487 52 156 362 109 60 455 277 267 352 331 382 229 254 199 132 163 106 457 378 432 194 487 180 482 437 198 491 245 268 56 438 
270 370 299 86 136 460 313 354 311 351 235 0 246 311 141 328 424 197 491 57 335 185 494 221 373 187 369 364 382 137 126 319 113 446 324 356 82 283 376 386 301 226 327 253 487 418 81 167 321 278 
174 156 169 168 83 493 61 403 356 393 246 432 0 418 309 134 448 372 166 230 247 258 237 423 84 441 165 209 228 282 480 212 407 342 332 281 376 80 292 485 142 391 230 280 308 245 364 462 116 480 
191 313 444 135 442 235 282 314 394 216 95 129 378 0 208 178 416 439 260 446 437 451 87 327 180 318 341 131 388 302 198 124 200 217 67 492 366 252 273 179 352 439 224 188 72 383 316 439 77 282 
384 465 232 178 498 118 202 339 199 89 347 347 163 497 0 271 181 488 136 139 467 472 442 161 402 129 184 491 151 122 68 383 212 239 321 340 443 389 248 488 87 288 335 141 401 87 118 288 282 411 
134 248 382 75 116 283 361 250 274 462 322 499 100 240 444 0 371 80 386 466 278 374 259 272 415 350 380 452 418 167 440 84 251 395 416 483 461 406 343 210 179 60 238 384 317 428 327 394 458 212 
359 443 292 325 421 206 174 300 365 299 174 304 333 131 198 456 0 114 365 361 163 74 246 381 262 129 404 190 406 298 354 324 363 52 323 187 424 235 68 223 99 73 103 110 112 185 465 67 456 330 
134 118 354 330 205 323 409 109 463 70 113 72 101 426 75 374 320 0 449 108 338 378 365 117 432 425 179 116 145 404 71 425 488 346 486 318 51 308 433 317 477 210 380 499 261 61 73 341 331 228 
399 375 106 470 442 488 394 328 310 246 231 87 170 425 383 362 449 140 0 169 382 407 145 298 493 144 265 54 374 105 91 102 210 417 158 180 114 352 280 392 161 476 329 405 146 254 287 458 202 134 
334 290 247 185 87 240 486 302 451 360 113 492 412 274 164 276 404 229 334 0 183 327 201 159 156 105 462 360 342 175 268 182 215 58 380 351 302 119 336 311 69 195 130 267 313 354 382 295 464 317 
128 354 143 279 219 249 334 180 315 383 61 290 64 227 298 394 77 306 219 363 0 323 238 265 404 456 284 257 93 79 428 360 157 281 453 143 450 409 427 129 430 65 347 219 80 73 223 180 307 480 
350 377 302 294 141 412 456 131 376 499 367 303 114 231 83 67 324 483 182 457 318 0 111 473 164 488 259 188 210 389 445 396 445 77 405 239 168 316 194 457 191 193 323 444 257 53 477 481 327 459 
369 491 276 187 463 147 174 428 492 334 72 192 230 468 220 134 206 94 400 350 50 298 0 249 324 241 213 83 425 400 117 139 269 107 122 406 276 219 79 203 210 119 432 352 55 399 71 139 104 116 
246 161 323 494 116 146 441 486 387 365 386 454 455 361 267 76 473 493 245 258 402 161 327 0 333 463 333 232 241 178 493 307 374 360 129 123 183 433 64 168 75 135 260 479 89 120 245 322 92 444 
273 300 101 384 127 384 103 166 322 294 294 71 307 375 137 142 204 270 74 218 389 99 60 355 0 284 306 426 235 128 468 178 351 475 436 442 308 76 495 424 348 288 424 125 94 54 420 186 209 189 
418 377 284 223 143 139 214 400 64 399 478 238 284 84 419 219 476 226 245 470 356 300 464 280 131 0 57 284 50 401 199 190 74 76 180 454 376 476 167 275 246 273 252 435 56 494 109 432 469 286 
177 195 348 183 158 334 264 373 118 472 480 474 368 53 500 498 213 376 474 331 357 219 103 109 360 316 0 309 420 247 277 412 130 422 259 263 287 93 234 159 368 412 138 341 279 348 97 483 60 179 
456 97 486 382 150 301 241 172 109 367 370 93 278 450 221 244 420 458 287 360 116 361 271 411 408 256 465 0 455 238 476 133 194 279 326 282 136 126 473 258 393 96 127 436 80 284 156 274 410 321 
267 269 387 334 246 54 242 452 469 403 396 200 243 89 430 68 77 65 351 50 273 450 303 107 385 89 341 248 0 314 250 68 287 225 161 328 177 165 69 128 134 422 474 491 371 270 420 389 297 435 
240 53 415 396 62 472 281 102 312 235 122 268 460 115 443 120 393 119 443 168 404 283 297 133 273 167 109 193 56 0 113 334 453 323 248 348 336 219 335 388 237 276 216 455 235 281 153 306 174 222 
455 499 332 237 295 172 460 169 231 359 382 50 193 90 324 391 144 366 317 430 253 53 412 175 215 147 406 318 159 286 0 247 113 492 285 300 286 407 466 161 345 325 493 345 468 82 375 114 177 240 
137 313 199 348 224 324 62 321 437 330 186 222 283 249 213 68 255 206 425 221 317 476 496 310 321 219 98 402 490 225 142 0 127 488 498 425 212 322 437 239 258 473 376 186 256 124 106 274 86 469 
405 257 492 381 459 57 408 177 106 309 166 281 157 243 476 155 374 187 427 66 132 391 490 458 283 452 289 95 225 325 270 336 0 81 262 216 490 269 330 373 81 139 489 313 246 439 495 107 68 388 
484 85 470 130 74 428 120 476 216 165 407 491 386 449 71 354 165 267 122 445 139 154 290 334 173 243 272 374 300 291 261 491 82 0 230 327 106 157 397 288 323 269 401 313 361 349 90 214 220 307 
493 372 152 353 161 437 232 354 415 105 361 205 316 351 237 497 177 500 153 281 494 183 500 150 202 360 206 450 280 376 463 272 247 115 0 332 115 51 63 175 416 119 486 328 141 336 271 137 220 478 
448 451 227 337 450 328 489 65 240 438 295 115 401 273 69 222 104 341 430 325 466 101 150 452 135 241 494 357 85 213 90 239 370 474 75 0 75 301 270 90 491 415 91 313 71 71 88 243 332 379 
172 156 344 223 256 51 309 204 252 372 446 171 168 184 492 141 209 66 149 185 314 346 99 355 158 120 376 403 313 208 281 191 70 332 121 484 0 333 136 187 84 458 132 206 332 473 404 423 388 420 
278 72 440 124 122 295 232 399 377 135 419 291 122 109 312 404 387 51 237 473 188 478 186 477 390 468 449 500 147 336 420 375 114 359 449 186 360 0 388 292 444 229 210 234 301 476 252 412 363 253 
355 91 147 332 228 330 429 195 278 428 499 320 103 374 385 169 78 277 235 416 68 178 351 435 119 359 411 321 270 480 281 124 70 134 162 455 415 90 0 357 399 225 355 426 485 435 310 153 464 293 
339 135 312 223 437 453 292 295 119 320 64 98 307 345 326 391 457 280 61 254 343 167 185 198 92 169 132 352 273 302 144 318 388 162 247 324 115 490 118 0 391 65 339 196 322 183 472 419 346 458 
187 99 301 304 234 205 346 110 287 404 333 89 254 357 183 367 103 457 188 299 281 285 314 326 431 342 459 402 261 60 116 398 110 367 201 50 278 253 110 64 0 156 149 310 116 212 443 189 266 155 
327 271 386 112 85 418 493 377 376 151 344 387 217 241 203 290 148 410 67 107 227 288 420 326 305 487 489 454 175 461 109 209 231 201 478 473 119 470 106 201 327 0 400 294 250 348 203 246 202 113 
470 260 290 465 386 322 269 372 66 222 498 233 488 206 415 396 183 143 221 359 199 372 393 306 373 142 360 282 95 268 101 64 234 97 479 120 370 454 442 142 176 439 0 326 370 144 447 265 484 89 
192 343 446 271 235 458 143 83 317 131 128 291 183 143 476 230 328 95 306 282 487 399 164 182 224 240 483 170 212 467 209 354 309 361 124 250 318 424 283 341 55 118 132 0 188 418 107 124 245 359 
381 233 345 279 103 477 453 294 460 122 456 182 488 65 197 349 140 397 373 270 386 421 275 454 52 169 371 316 451 116 174 331 55 225 109 109 409 268 353 124 96 64 256 83 0 79 403 138 376 55 
218 146 391 138 127 345 347 454 215 162 404 488 493 441 494 424 256 102 332 474 161 162 276 382 368 309 411 477 154 494 482 322 346 373 410 179 424 256 132 138 368 242 126 116 389 0 326 490 144 378 
78 324 245 190 99 126 58 115 243 241 219 443 223 491 288 302 400 418 225 362 256 69 436 205 145 51 93 177 247 395 261 275 425 456 416 231 288 180 52 482 371 221 424 300 211 419 0 308 317 336 
483 178 298 52 113 453 354 321 253 238 67 354 449 293 485 161 415 422 399 301 424 136 378 144 267 178 61 185 192 84 227 175 419 475 384 238 184 444 58 143 181 76 203 337 75 394 448 0 196 316 
346 447 239 189 324 90 406 208 308 90 351 343 267 232 261 448 322 450 338 472 214 431 360 240 340 196 472 234 143 167 500 195 320 445 334 351 485 446 58 293 486 115 342 459 53 102 163 325 0 258 
451 297 423 138 156 369 428 58 97 368 151 421 367 52 241 312 93 91 52 489 306 295 231 128 136 189 131 396 58 407 153 460 410 282 304 65 358 438 73 405 306 381 325 172 139 272 190 182 69 0 

739.5 0 29
739.5 1 2
739.5 2 42
739.5 3 20
739.5 4 21
739.5 5 19
739.5 6 39
739.5 7 30
739.5 8 13
739.5 9 33
739.5 10 7
739.5 11 21
739.5 12 0
739.5 13 1
739.5 14 9
739.5 15 19
739.5 16 35
739.5 17 34
739.5 18 36
739.5 19 17
739.5 20 47
739.5 21 32
739.5 22 47
739.5 23 48
739.5 24 0
739.5 25 9
739.5 26 37
739.5 27 17
739.5 28 46
739.5 29 13
739.5 30 9
739.5 31 32
739.5 32 14
739.5 33 2
739.5 34 3
739.5 35 40
739.5 36 26
739.5 37 42
739.5 38 27
739.5 39 45
739.5 40 31
739.5 41 34
739.5 42 17
739.5 43 36
739.5 44 40
739.5 45 27
739.5 46 6
739.5 47 26
739.5 48 17
739.5 49 47

