50 50 3

0 158 365 310 473 229 122 483 248 85 477 485 312 314 254 283 179 193 278 258 59 371 362 188 179 55 250 180 344 281 482 59 145 103 319 117 282 147 99 480 182 76 220 444 96 424 227 432 323 211 
396 0 88 288 257 226 417 262 427 304 313 414 285 78 58 94 104 125 326 201 382 61 334 164 438 484 417 117 210 348 391 127 451 185 365 207 362 489 176 495 292 439 408 283 467 172 328 70 247 360 
429 335 0 128 262 449 65 452 365 133 369 420 230 446 370 365 67 283 226 55 409 220 53 103 334 493 277 456 320 297 410 387 225 244 465 193 400 236 145 264 319 464 390 255 165 259 120 182 493 52 
394 157 430 0 153 211 263 146 438 426 172 441 335 58 373 285 229 272 184 416 123 155 234 293 251 440 409 461 266 297 209 268 398 72 197 50 233 167 146 377 92 269 74 133 277 153 124 457 375 466 
128 449 327 312 0 448 77 458 356 244 223 360 403 198 257 182 101 257 121 218 354 449 467 122 229 306 105 332 381 268 206 346 346 361 172 365 309 199 78 371 394 459 437 52 156 193 184 207 157 256 
132 461 411 305 289 0 139 111 100 177 442 319 89 494 371 401 165 442 416 314 471 493 414 429 430 173 291 329 307 204 436 269 493 152 386 298 147 475 115 198 358 56 467 398 256 93 54 371 486 420 
391 212 168 61 347 304 0 184 137 340 197 498 275 417 491 134 302 495 231 484 109 379 341 322 101 445 77 352 449 398 337 124 495 255 243 55 101 253 189 188 92 337 185 74 460 382 158 468 376 95 
207 435 425 255 256 232 199 0 283 83 148 387 126 429 382 331 171 387 382 131 283 276 173 119 412 404 285 500 268 252 376 314 410 310 445 164 66 383 69 55 417 167 393 249 96 274 80 424 160 168 
261 149 395 141 218 62 495 209 0 61 263 412 387 283 77 197 227 398 420 109 417 425 232 291 317 432 93 297 462 223 164 336 435 263 230 75 188 449 69 347 461 489 465 103 271 492 250 448 145 376 
264 62 301 446 59 324 133 102 121 0 94 275 235 137 416 204 317 441 342 266 217 189 433 205 153 486 183 352 443 337 447 318 100 215 325 253 224 149 336 276 427 137 258 161 224 173 71 247 321 364 
463 488 52 151 399 362 137 81 420 79 0 369 367 347 175 81 172 134 463 478 421 238 404 264 202 271 194 326 292 391 146 155 110 340 364 211 238 433 298 477 352 83 101 425 137 226 213 466 67 175 
443 438 119 346 408 272 323 101 304 114 442 0 400 427 51 446 497 420 390 429 424 366 488 458 417 168 94 350 331 59 367 212 208 60 282 260 418 260 82 469 63 353 166 169 279 375 114 483 294 210 
167 217 76 154 174 199 273 425 255 310 190 328 0 473 348 338 461 314 462 220 346 186 233 406 303 108 184 177 379 373 421 88 491 344 321 144 469 471 123 149 225 384 290 53 356 344 97 316 158 266 
242 210 402 181 115 411 239 250 294 117 329 214 362 0 319 58 183 414 233 360 243 332 84 126 328 294 188 172 98 210 280 314 402 440 422 82 55 333 478 462 126 301 290 498 163 316 262 296 229 201 
155 178 483 396 255 311 397 149 189 201 310 419 465 211 0 114 142 451 326 181 428 494 258 229 491 462 98 306 430 100 241 130 412 369 319 307 123 336 410 223 475 110 239 149 281 400 214 130 106 246 
261 485 240 225 420 437 186 468 242 115 67 433 402 429 301 0 221 442 131 56 352 60 238 168 249 337 156 355 257 236 412 454 447 396 400 172 315 336 64 282 77 337 55 216 238 434 467 165 375 304 
379 433 314 116 308 62 403 414 368 160 149 279 320 302 381 426 0 180 195 261 195 183 495 238 188 210 426 328 383 298 409 187 176 342 451 242 149 220 144 269 87 461 124 72 487 376 403 412 263 304 
172 164 193 373 352 87 289 484 365 172 281 273 65 163 321 222 355 0 176 392 206 395 185 373 469 414 360 101 72 271 314 82 150 428 225 229 486 469 469 225 89 140 213 69 362 326 340 83 181 467 
182 337 117 73 416 86 438 275 137 216 497 157 249 353 291 424 81 276 0 149 500 451 188 346 370 207 414 196 254 448 327 427 336 370 494 359 285 79 52 267 373 219 263 480 174 322 477 304 353 252 
403 109 410 91 161 279 455 75 425 208 229 458 341 64 83 335 129 75 120 0 339 292 200 264 261 179 388 82 363 191 141 114 94 200 230 342 312 216 296 337 347 211 65 61 51 286 94 92 365 326 
163 410 117 313 173 328 198 60 116 60 202 208 332 453 114 268 294 132 190 296 0 175 488 457 190 499 215 182 299 257 254 125 126 163 399 389 494 434 294 53 500 60 412 414 342 364 479 317 364 110 
457 160 236 444 323 132 198 488 472 204 452 225 486 77 94 384 173 87 317 417 91 0 73 427 209 437 476 280 415 292 143 476 455 460 418 399 283 256 303 477 227 457 184 402 198 212 447 82 91 484 
105 214 281 128 140 441 65 322 427 186 320 69 161 275 236 285 380 225 492 389 201 218 0 102 92 327 250 461 273 282 51 463 94 215 451 172 61 147 394 90 73 80 360 299 398 341 485 183 427 209 
381 316 117 305 368 159 131 117 119 110 106 327 73 357 492 230 479 259 327 129 299 350 159 0 366 148 56 413 133 396 340 499 276 155 115 81 229 224 369 52 293 430 315 119 209 171 317 389 357 283 
215 436 81 271 301 153 125 307 66 415 410 356 414 392 217 479 423 152 203 292 361 202 428 176 0 479 136 53 51 475 360 284 396 51 72 166 302 175 241 316 398 156 225 460 276 116 176 254 246 485 
163 244 346 72 171 472 257 464 231 258 194 91 249 89 299 271 412 308 152 152 123 50 465 54 460 0 240 327 343 201 279 327 314 229 379 92 106 106 299 69 288 57 213 329 463 459 334 440 370 141 
91 473 421 298 193 181 258 140 215 307 291 444 340 311 173 219 354 229 275 152 456 62 366 375 97 84 0 334 382 474 203 229 65 382 357 69 75 488 277 372 202 290 369 353 130 386 232 55 239 167 
280 98 122 500 170 448 96 205 281 184 178 190 120 400 72 427 420 304 414 403 382 323 400 250 175 480 135 0 357 241 81 474 227 129 303 226 456 250 480 160 237 370 496 133 440 151 155 366 277 165 
487 180 497 309 286 246 190 472 88 497 212 119 226 389 198 479 322 360 435 301 471 378 377 222 462 317 323 323 0 389 307 439 131 193 435 146 429 388 286 400 426 489 111 495 215 206 399 400 478 258 
91 278 228 419 155 156 380 178 186 410 273 443 348 355 135 282 451 63 169 237 169 301 432 230 295 146 386 193 253 0 364 402 294 348 336 212 209 199 299 337 335 208 317 277 262 171 118 494 121 131 
370 64 250 170 447 186 172 299 278 315 51 348 423 51 196 466 421 355 164 219 399 205 133 422 432 345 92 256 94 370 0 93 170 385 293 498 87 185 169 336 413 190 94 261 320 302 163 285 222 224 
155 147 329 310 230 250 448 281 292 203 82 369 246 202 460 245 406 497 380 74 88 499 422 339 466 241 141 128 232 313 59 0 93 167 338 353 347 295 300 335 293 209 367 161 405 275 120 356 181 323 
442 205 362 440 333 407 162 280 498 447 462 67 456 54 184 50 113 237 295 119 71 87 278 144 199 389 370 476 244 50 299 185 0 412 367 332 452 273 200 231 478 146 400 495 309 404 385 309 224 328 
103 500 106 140 278 200 496 373 276 472 324 276 477 215 395 343 497 346 322 403 76 299 500 426 500 308 86 384 323 467 419 376 466 0 475 222 450 381 425 323 157 152 353 139 128 67 484 177 271 85 
449 173 319 248 172 451 247 186 243 338 459 209 256 90 175 437 470 331 317 150 360 424 252 212 63 86 230 253 213 207 496 368 330 314 0 115 209 471 69 101 214 113 60 373 75 307 254 462 483 85 
278 132 151 409 90 314 178 126 250 137 496 407 132 364 236 152 185 151 123 411 203 287 474 420 366 499 226 120 216 416 362 445 498 463 353 0 295 483 481 371 232 117 123 345 407 437 81 58 328 182 
338 239 91 124 419 461 441 174 394 267 340 309 335 284 62 53 343 307 487 79 178 425 354 458 270 260 150 57 475 428 396 313 373 438 143 292 0 398 290 416 291 263 255 306 97 246 319 101 295 125 
294 325 460 218 178 417 194 144 66 201 118 201 97 137 73 241 231 71 138 227 193 136 441 155 392 488 107 417 295 352 249 88 176 208 464 304 332 0 157 154 104 309 223 462 112 310 242 303 247 263 
147 425 163 233 121 475 332 108 81 455 110 383 203 355 59 362 318 69 400 426 381 454 441 103 416 52 119 157 61 73 126 158 204 446 342 275 420 380 0 89 451 334 149 334 488 455 99 105 272 325 
455 404 205 164 100 465 286 309 291 149 320 70 226 429 224 171 477 449 91 112 244 248 396 344 288 139 54 93 194 483 369 355 387 280 226 193 452 462 453 0 449 111 479 469 494 407 399 371 139 103 
168 201 297 367 304 140 361 149 351 405 50 334 480 111 427 466 287 119 417 456 278 121 273 257 89 266 370 194 343 216 247 218 123 495 84 377 341 151 233 192 0 55 233 476 485 294 158 207 288 227 
123 243 212 402 466 419 197 231 495 342 280 210 88 448 284 82 238 367 130 340 99 272 101 489 454 86 490 111 243 277 495 72 470 206 180 435 331 328 372 326 169 0 358 486 414 306 476 203 494 99 
283 89 355 261 141 344 421 384 333 482 333 316 232 111 285 389 242 426 219 276 297 495 395 154 237 64 166 419 217 367 468 450 406 323 417 497 373 337 136 205 74 419 0 227 257 237 462 352 429 387 
70 204 390 272 305 250 215 75 123 133 243 440 101 399 345 130 316 98 453 359 391 364 384 310 90 347 253 258 198 181 351 218 91 447 196 102 196 361 127 476 201 76 415 0 459 426 467 88 448 64 
247 62 161 317 152 421 357 449 380 114 146 267 171 71 308 117 424 116 263 492 401 239 192 183 360 150 108 326 395 262 96 141 275 208 408 377 335 471 82 215 291 385 432 412 0 406 447 479 86 269 
448 77 376 393 219 59 253 75 324 285 420 86 332 267 67 246 381 150 80 107 182 245 348 67 384 466 179 330 200 215 98 147 242 425 247 167 190 206 192 464 441 318 500 479 291 0 273 224 378 374 
462 435 262 206 489 486 89 210 165 125 360 86 381 214 486 61 167 152 201 323 51 164 470 75 371 205 317 143 135 194 223 96 336 436 460 80 421 499 241 292 331 100 329 211 471 314 0 429 137 172 
129 166 173 450 343 199 320 498 222 170 132 122 343 386 408 485 345 439 162 99 386 404 380 436 439 297 163 459 225 457 338 60 123 217 461 416 122 487 169 294 156 251 367 450 343 481 190 0 187 419 
302 237 304 413 116 447 351 120 316 66 51 272 354 62 345 70 229 467 143 215 135 387 322 93 460 478 386 441 167 73 115 176 467 126 88 82 279 389 359 94 405 361 72 258 129 124 486 308 0 90 
128 229 383 465 257 182 425 234 67 121 108 297 186 234 263 262 479 52 491 123 117 291 479 428 314 443 263 388 428 277 184 262 457 66 227 213 198 358 154 423 429 419 426 114 359 396 83 337 154 0 

739.5 0 7
739.5 1 26
739.5 2 30
739.5 3 8
739.5 4 6
739.5 5 34
739.5 6 29
739.5 7 20
739.5 8 33
739.5 9 14
739.5 10 20
739.5 11 14
739.5 12 38
739.5 13 35
739.5 14 11
739.5 15 33
739.5 16 17
739.5 17 29
739.5 18 42
739.5 19 37
739.5 20 16
739.5 21 44
739.5 22 20
739.5 23 46
739.5 24 28
739.5 25 34
739.5 26 17
739.5 27 29
739.5 28 45
739.5 29 45
739.5 30 32
739.5 31 4
739.5 32 28
739.5 33 18
739.5 34 17
739.5 35 39
739.5 36 3
739.5 37 46
739.5 38 10
739.5 39 37
739.5 40 16
739.5 41 36
739.5 42 7
739.5 43 10
739.5 44 22
739.5 45 23
739.5 46 48
739.5 47 39
739.5 48 3
739.5 49 42

