50 50 3

0 396 153 416 165 165 244 253 201 66 472 158 346 359 67 137 461 445 169 115 357 177 310 186 309 129 224 278 339 264 248 119 159 351 486 481 466 436 233 373 208 411 481 54 476 498 348 436 199 468 
51 0 55 351 67 398 160 353 121 144 399 335 343 468 200 400 209 180 122 351 119 445 59 480 426 63 455 179 117 391 328 291 148 334 142 372 438 252 224 59 102 122 344 395 297 251 51 212 381 123 
63 451 0 67 72 186 199 292 141 329 359 238 156 357 92 196 449 414 134 407 137 143 459 417 193 110 420 150 111 131 238 184 144 395 408 373 80 107 164 378 142 230 115 248 86 364 151 241 277 235 
147 365 84 0 312 488 434 128 407 84 189 488 479 79 339 373 438 211 403 251 82 488 343 262 309 297 54 173 398 245 400 339 342 471 373 360 458 63 439 364 304 334 108 282 364 397 154 57 314 263 
465 346 250 307 0 314 59 310 318 182 208 62 81 253 110 259 333 177 216 346 115 287 149 399 101 381 469 204 241 476 468 454 440 70 204 453 334 213 263 359 101 177 127 339 380 188 97 212 71 471 
264 136 257 363 241 0 308 450 210 462 190 392 185 144 332 205 54 491 246 424 460 311 231 343 388 69 223 282 117 141 303 87 112 145 50 425 93 64 131 253 232 271 144 367 121 182 279 332 380 231 
462 339 492 192 182 135 0 212 111 124 486 409 133 279 471 229 279 152 272 500 440 231 231 210 81 97 489 421 82 76 300 263 489 345 461 180 233 303 342 50 377 327 166 460 312 136 395 90 445 373 
89 384 310 477 301 342 74 0 496 262 313 71 268 76 266 112 243 397 52 252 445 52 128 479 168 295 290 462 396 87 162 476 333 497 285 310 53 333 90 499 94 353 276 68 135 249 338 85 145 340 
287 296 98 122 481 217 367 478 0 385 469 64 497 444 103 249 436 363 252 268 159 457 69 219 440 87 60 188 131 95 490 421 89 285 470 161 473 393 234 450 277 409 220 480 353 273 229 288 343 431 
262 452 144 281 377 83 75 388 221 0 156 189 210 77 435 201 253 95 380 352 486 329 128 395 499 314 454 272 493 448 321 180 209 479 274 197 356 63 222 450 234 328 345 150 111 280 57 70 81 388 
372 67 216 206 168 422 471 121 400 463 0 68 220 349 434 198 329 130 260 342 58 209 75 337 261 382 154 491 390 175 71 277 497 295 199 203 413 120 173 240 470 342 465 396 191 155 301 470 235 60 
312 244 427 93 287 187 426 391 384 71 65 0 161 298 62 163 203 215 75 481 94 473 206 386 437 102 283 91 353 460 484 119 271 434 496 70 427 389 202 317 272 223 89 140 227 101 253 381 473 278 
361 66 457 66 158 150 325 392 398 177 351 381 0 247 328 70 449 104 447 338 257 264 316 430 59 406 157 110 158 488 289 143 104 305 99 327 169 199 152 267 97 486 117 184 439 151 205 144 206 358 
432 169 328 247 98 337 360 205 153 468 399 392 110 0 209 403 160 487 72 65 345 289 319 86 113 454 232 421 365 326 333 429 257 452 257 210 50 300 69 412 404 488 67 295 304 433 198 170 175 427 
186 470 215 211 263 485 371 445 406 442 270 238 371 233 0 397 127 393 153 377 169 64 487 363 288 282 166 221 186 494 346 112 386 72 277 96 285 262 418 436 374 359 205 318 229 388 214 62 487 317 
146 362 88 132 224 82 120 97 460 256 90 62 318 426 84 0 95 228 75 63 145 217 143 211 372 411 146 466 332 366 208 148 218 70 393 300 451 426 127 498 385 333 87 397 151 219 187 403 398 419 
172 249 135 472 166 213 382 470 385 213 335 93 68 52 320 411 0 58 270 92 135 268 184 175 61 80 276 438 425 385 91 343 263 497 185 234 163 348 322 132 440 242 173 483 260 175 302 377 390 278 
176 476 496 310 150 264 96 132 201 471 223 242 70 436 238 412 376 0 107 466 197 396 405 389 68 387 355 400 395 439 290 173 321 265 375 130 121 138 383 410 496 354 132 444 130 274 182 492 356 446 
457 52 342 118 148 116 211 209 467 313 354 256 436 174 227 66 461 298 0 362 344 414 357 404 496 301 240 476 189 438 331 134 150 89 182 218 394 456 380 103 422 192 163 384 334 495 110 350 455 114 
211 54 478 68 164 229 75 110 411 214 498 241 298 148 280 187 316 174 142 0 195 434 270 93 303 153 377 297 420 434 459 240 144 219 424 369 334 152 394 394 62 107 148 460 112 246 446 456 268 326 
304 170 259 73 213 62 383 297 65 58 230 474 248 80 400 378 400 440 480 500 0 89 248 314 187 414 132 383 359 87 151 185 97 271 150 327 190 162 209 437 385 424 166 114 378 197 464 255 303 403 
234 58 443 188 322 129 101 404 219 166 197 320 301 244 297 402 70 437 270 436 130 0 361 359 246 426 236 149 389 441 402 499 381 167 441 275 439 276 82 99 445 199 246 471 206 197 474 314 424 411 
84 360 491 395 425 443 320 368 92 416 64 200 414 152 317 110 377 463 336 166 61 281 0 71 464 251 434 367 432 248 291 342 282 357 88 383 281 237 410 148 486 81 370 393 445 472 416 54 104 378 
96 427 145 327 448 316 285 382 182 216 129 179 264 117 486 58 206 474 245 115 328 438 146 0 197 330 297 168 245 57 430 330 104 356 425 137 60 447 128 392 336 294 227 465 264 50 207 272 206 180 
224 479 458 161 124 155 197 128 480 392 135 409 221 396 265 353 484 275 55 111 373 341 112 306 0 62 326 306 219 305 462 349 235 440 306 346 271 167 249 349 147 140 190 55 68 293 477 127 276 458 
339 93 86 180 155 342 192 188 354 361 199 72 416 384 218 221 436 439 339 184 494 192 481 391 197 0 255 183 381 332 165 94 171 208 131 57 70 179 406 208 484 473 357 262 388 447 430 315 382 125 
360 65 325 51 252 422 406 458 104 286 289 426 86 166 134 167 380 361 53 285 68 243 257 131 455 351 0 284 384 166 165 215 232 387 491 234 138 412 139 95 223 131 91 148 167 414 439 492 294 299 
251 285 73 444 249 361 398 99 144 488 422 259 203 154 352 400 338 441 311 183 242 240 471 490 95 344 404 0 484 91 404 283 292 395 62 235 143 374 132 193 468 327 321 434 480 425 492 135 469 188 
396 358 381 343 328 126 388 379 236 371 420 139 360 212 485 129 397 127 453 236 477 176 62 298 316 248 429 308 0 333 154 446 435 462 326 277 497 159 371 131 345 449 50 435 64 212 175 143 316 459 
95 258 192 429 270 196 244 224 331 51 56 435 448 197 153 480 181 149 138 51 437 434 450 437 124 221 356 249 314 0 171 414 360 379 105 288 355 458 238 78 289 240 291 223 187 438 326 373 118 181 
462 327 117 151 483 261 225 203 116 180 468 444 300 83 78 112 77 139 69 265 374 64 455 164 238 348 308 270 221 133 0 158 389 410 432 246 392 399 177 95 221 63 62 164 313 302 399 131 329 244 
151 93 117 165 255 438 109 309 453 86 236 85 401 124 445 332 76 92 231 203 137 402 216 356 273 236 157 378 317 192 122 0 174 443 396 497 197 90 105 456 493 348 192 284 248 473 228 80 500 270 
468 409 114 125 332 420 104 67 284 433 90 426 261 215 124 363 211 271 159 473 434 151 321 125 385 275 304 319 61 59 296 479 0 419 360 311 457 486 365 474 269 53 63 402 264 228 476 334 145 454 
443 118 387 94 145 218 185 370 472 211 382 238 457 116 156 316 377 112 301 449 292 277 452 61 178 423 447 360 256 91 313 198 366 0 406 449 217 123 341 87 302 51 175 490 458 448 352 273 81 170 
280 480 412 56 431 423 391 109 369 251 315 167 63 464 483 420 168 200 249 459 444 50 460 325 490 417 272 97 189 303 217 176 489 128 0 182 176 258 73 235 333 274 50 450 494 220 189 169 338 95 
369 297 245 125 256 276 322 380 498 369 275 57 86 401 252 371 83 378 128 313 320 168 86 76 324 286 246 219 162 290 471 237 293 215 312 0 500 441 133 135 195 209 360 409 245 261 160 115 50 245 
401 313 64 68 105 297 342 341 249 61 453 489 482 396 282 404 208 488 100 498 122 245 206 432 153 401 399 471 223 399 215 123 211 436 348 266 0 232 189 314 431 407 266 175 145 162 163 499 76 150 
98 73 429 50 437 361 153 93 259 330 266 158 251 95 75 186 393 292 124 82 105 261 195 77 387 290 396 500 288 178 357 93 202 285 93 345 352 0 403 388 318 440 154 182 190 406 207 327 299 205 
157 87 260 369 232 495 462 229 146 217 223 275 280 266 183 65 65 478 123 175 365 391 114 225 72 461 131 437 287 136 141 151 173 108 470 111 309 187 0 497 405 110 220 179 341 192 68 112 415 496 
185 89 117 283 360 499 61 320 129 448 314 422 296 415 301 110 140 119 369 484 115 480 93 285 366 384 428 384 446 342 380 131 137 203 120 203 201 131 473 0 488 79 493 409 81 163 417 141 253 486 
216 236 100 402 487 92 267 370 470 358 316 67 444 153 361 146 223 63 297 60 242 284 89 442 400 327 104 316 174 64 301 96 250 107 449 236 149 422 313 325 0 279 335 98 222 194 409 74 123 178 
322 133 127 312 380 68 211 206 122 233 331 136 240 377 93 298 81 486 153 454 298 429 232 339 477 161 483 142 185 105 477 213 189 103 232 68 121 149 224 401 333 0 261 243 72 345 286 76 376 479 
180 329 483 108 268 322 291 135 304 383 477 116 116 190 255 169 372 480 448 471 203 348 59 171 297 82 466 83 315 97 268 445 377 250 259 351 278 50 436 289 139 412 0 355 205 308 316 81 179 295 
479 357 204 82 366 325 329 154 497 118 420 94 336 364 177 293 123 478 277 330 169 65 419 287 370 331 95 392 362 431 186 340 494 341 128 360 372 407 220 369 476 346 169 0 67 417 296 310 246 480 
294 75 355 309 200 141 386 481 186 277 98 117 170 144 317 461 222 383 88 129 103 407 311 399 282 328 71 77 345 267 263 345 499 117 153 199 209 489 386 101 473 191 375 142 0 285 192 309 214 74 
347 293 127 461 310 233 242 344 461 477 395 228 239 239 226 63 99 131 222 87 468 480 266 158 355 358 149 497 373 313 277 220 312 111 180 328 50 128 172 461 104 273 188 50 463 0 121 63 61 202 
442 305 376 421 278 240 482 342 340 234 215 359 462 385 171 72 271 205 72 349 327 239 404 307 378 160 269 205 173 487 357 114 498 233 241 275 179 223 117 225 163 489 84 124 373 412 0 353 350 116 
375 198 150 321 308 407 198 418 382 353 297 124 416 117 121 355 309 103 485 238 377 209 351 365 450 182 444 361 485 293 184 116 197 284 387 212 397 291 336 278 350 133 352 265 200 179 120 0 215 439 
311 159 71 226 217 386 176 349 85 243 333 84 377 155 439 367 492 150 263 489 436 491 338 275 98 103 426 435 380 347 129 397 457 151 122 173 487 248 472 279 442 60 313 318 373 251 185 364 0 107 
154 109 494 352 397 475 400 206 400 90 292 247 170 188 410 271 261 82 464 215 260 242 363 270 262 388 142 463 279 213 70 383 272 270 234 375 244 341 81 351 137 79 304 257 218 213 234 185 245 0 

760.25 0 11
760.25 1 41
760.25 2 44
760.25 3 45
760.25 4 12
760.25 5 26
760.25 6 22
760.25 7 35
760.25 8 15
760.25 9 4
760.25 10 1
760.25 11 22
760.25 12 32
760.25 13 21
760.25 14 16
760.25 15 32
760.25 16 20
760.25 17 10
760.25 18 37
760.25 19 12
760.25 20 34
760.25 21 8
760.25 22 23
760.25 23 48
760.25 24 19
760.25 25 8
760.25 26 13
760.25 27 43
760.25 28 8
760.25 29 44
760.25 30 11
760.25 31 19
760.25 32 36
760.25 33 11
760.25 34 16
760.25 35 4
760.25 36 43
760.25 37 43
760.25 38 44
760.25 39 9
760.25 40 3
760.25 41 45
760.25 42 31
760.25 43 35
760.25 44 18
760.25 45 47
760.25 46 23
760.25 47 43
760.25 48 13
760.25 49 12

