50 50 3

0 255 316 391 112 112 417 214 408 399 207 455 340 132 127 211 472 158 453 403 64 197 201 120 267 466 104 307 149 122 219 139 83 485 480 146 96 152 66 455 50 430 165 96 62 449 258 240 314 417 
142 0 328 114 293 154 331 465 208 137 321 488 306 410 277 498 145 373 93 248 146 254 455 75 125 51 294 74 466 241 338 382 333 372 446 333 232 483 53 146 119 324 340 132 440 117 129 292 196 379 
246 292 0 340 200 74 415 408 74 439 373 265 483 255 305 110 407 344 292 390 347 389 459 378 435 297 317 51 132 315 198 462 60 196 57 418 427 422 325 452 361 198 216 99 403 227 160 309 70 402 
198 124 497 0 364 452 432 367 475 189 450 290 337 167 300 240 174 217 166 95 493 324 162 397 247 212 299 424 78 314 445 430 219 68 183 82 226 114 155 200 253 104 440 297 221 447 487 345 370 359 
147 118 183 259 0 465 136 177 470 59 205 284 210 342 453 228 475 241 160 295 346 311 254 157 457 50 84 403 243 380 480 309 233 97 198 198 62 284 326 482 293 237 472 454 78 180 388 259 371 255 
53 424 65 465 287 0 472 221 321 131 415 407 317 430 139 364 127 288 132 117 320 321 116 56 292 276 85 423 371 50 500 125 54 179 140 469 416 318 189 237 155 310 350 422 446 440 493 279 434 124 
346 253 395 413 259 394 0 395 50 72 265 51 71 340 262 408 430 437 79 455 332 473 316 349 323 238 294 262 230 73 195 60 125 398 406 244 363 299 139 120 77 354 328 98 194 89 212 330 232 242 
491 63 214 307 362 487 251 0 363 455 187 386 149 197 217 253 102 412 323 107 50 393 134 110 220 390 461 466 101 291 197 500 488 210 421 294 279 407 495 141 362 181 233 217 329 400 177 137 311 450 
402 67 342 242 128 61 131 88 0 233 390 85 380 145 73 296 65 73 281 179 275 372 491 162 104 414 197 211 90 285 472 490 393 246 87 134 80 305 423 118 488 68 361 367 370 140 370 386 163 150 
64 388 473 261 50 283 381 197 200 0 422 188 172 167 287 124 205 372 154 216 50 429 204 275 289 277 144 135 146 236 249 247 457 343 426 424 99 415 305 454 115 433 141 444 306 379 67 217 457 171 
384 213 306 87 438 95 314 288 387 411 0 475 135 364 431 185 289 355 234 203 366 187 475 298 486 418 103 120 435 271 283 312 154 446 118 398 139 370 211 377 256 328 107 342 191 245 233 186 99 417 
96 171 311 70 419 296 439 228 366 129 205 0 148 392 65 300 460 413 389 329 331 472 84 365 79 132 263 274 315 399 79 439 201 200 249 222 325 495 367 52 116 446 415 421 337 430 220 52 99 315 
331 136 493 122 451 71 411 213 51 433 112 80 0 371 263 437 326 191 261 76 57 471 349 454 141 269 497 70 195 500 326 216 330 412 208 158 363 230 69 75 438 208 344 469 285 314 161 110 455 373 
136 219 99 435 172 190 410 168 417 104 374 243 477 0 204 154 184 68 223 120 294 456 58 452 55 233 236 319 344 296 481 423 138 406 472 279 284 368 188 158 285 449 483 478 425 393 338 109 411 268 
179 205 223 394 363 435 126 306 254 421 308 441 99 397 0 346 71 175 129 389 70 444 380 469 426 113 394 318 158 453 229 376 338 140 305 232 209 239 64 465 199 191 273 346 241 376 398 262 257 477 
357 277 421 237 246 102 300 139 371 408 298 306 490 342 396 0 294 280 311 240 295 276 145 192 499 442 383 130 339 351 337 72 208 114 199 151 66 251 157 362 121 65 159 133 261 207 235 262 194 497 
452 195 272 96 337 477 244 220 106 83 70 149 105 435 213 461 0 85 229 211 193 90 490 415 406 122 382 320 308 143 464 60 301 365 282 104 201 465 298 127 70 331 148 169 142 289 89 102 325 475 
471 224 272 216 345 384 288 226 203 302 76 373 68 327 237 300 381 0 389 264 179 466 491 216 320 367 65 109 162 117 140 136 294 70 114 460 121 449 455 53 151 463 79 231 482 113 174 488 200 62 
252 329 235 449 252 261 71 267 76 183 90 373 477 91 149 90 50 427 0 489 211 431 347 174 216 284 155 486 408 142 186 177 100 221 118 256 423 329 277 396 112 167 193 191 350 234 291 390 234 217 
135 396 354 188 276 277 422 381 262 329 229 154 456 487 326 73 242 455 109 0 225 351 378 98 494 68 398 227 65 495 167 440 129 269 293 267 495 276 395 375 489 223 311 142 386 297 174 165 245 129 
224 420 186 101 225 386 327 122 112 342 116 436 281 402 205 281 375 199 56 269 0 281 251 199 298 100 84 94 224 406 496 59 130 415 195 388 346 80 214 419 349 263 241 492 494 350 196 274 224 101 
488 200 88 238 349 336 288 139 380 219 495 375 228 331 497 130 426 98 367 346 467 0 423 108 415 414 309 264 316 82 194 367 276 344 162 465 399 448 459 488 84 177 239 165 112 276 368 192 201 417 
265 498 139 187 312 53 100 120 474 366 360 168 440 135 462 101 306 361 255 265 104 289 0 148 293 161 417 276 479 108 427 151 80 180 241 217 443 451 268 269 425 340 128 92 486 214 260 293 226 327 
255 441 382 494 296 381 361 212 156 340 478 290 441 57 420 388 224 118 339 198 338 263 245 0 416 61 437 336 478 230 62 305 435 209 186 184 455 66 496 374 380 91 351 169 238 358 295 126 288 120 
415 193 408 384 388 79 151 324 366 128 260 134 383 194 500 68 85 211 292 287 84 378 328 141 0 253 65 205 498 348 443 117 469 135 231 352 229 261 453 53 333 288 263 173 170 164 172 396 406 333 
394 192 123 478 470 214 230 241 369 434 89 68 258 57 360 439 116 89 406 275 299 238 62 268 361 0 390 382 240 492 287 279 385 185 353 362 154 273 91 102 142 231 141 367 439 355 226 378 177 265 
490 159 270 228 378 489 295 267 126 241 258 120 471 349 255 323 210 360 302 458 168 150 396 466 467 334 0 320 193 418 204 164 408 313 385 342 190 129 136 164 205 328 128 275 54 428 481 83 344 96 
335 58 214 436 404 179 402 444 205 301 362 115 172 269 378 263 317 275 342 403 145 497 437 223 479 441 357 0 459 474 201 261 309 416 181 451 319 310 352 262 221 360 330 287 482 305 371 244 121 352 
85 231 203 288 167 377 266 315 233 431 495 140 191 59 55 322 460 80 338 68 500 59 378 85 52 115 341 129 0 65 412 432 307 349 134 94 467 217 311 488 157 241 482 454 139 248 216 411 207 246 
456 432 452 465 65 488 223 337 84 302 352 446 440 158 51 281 203 224 204 220 211 311 167 399 472 256 146 187 374 0 60 139 329 198 298 500 214 285 429 50 319 230 353 471 377 217 472 364 126 195 
67 296 112 85 414 462 56 376 314 400 456 80 489 284 229 286 490 393 277 418 149 302 355 208 273 231 376 451 301 452 0 353 318 455 415 109 124 376 322 450 397 221 406 427 417 396 155 409 386 254 
186 303 354 194 364 268 417 94 350 124 101 58 427 370 463 341 185 86 424 458 242 320 178 354 246 301 457 108 210 98 312 0 102 107 372 246 422 347 163 222 196 444 274 204 370 350 373 417 485 409 
340 442 358 366 327 418 319 127 130 377 287 178 395 339 236 474 85 157 320 405 329 466 348 309 377 424 158 249 340 143 365 387 0 291 222 252 117 346 70 195 427 397 188 104 499 234 497 472 476 153 
291 380 189 463 434 204 339 113 313 88 403 162 403 289 403 331 248 227 176 268 128 309 372 473 120 370 206 116 341 181 427 338 267 0 322 300 200 476 139 470 288 177 373 156 79 368 266 360 115 443 
242 90 70 51 412 493 328 488 406 394 328 86 76 165 304 348 171 210 80 260 180 74 387 259 181 172 333 397 238 155 95 431 195 322 0 188 313 70 466 300 426 115 334 463 349 205 473 403 326 389 
433 86 68 458 179 484 345 302 73 448 490 178 493 176 79 314 70 98 334 242 348 467 308 388 429 363 92 157 265 368 496 198 160 271 362 0 497 461 206 54 484 153 250 161 352 377 397 165 397 445 
205 346 499 171 360 386 306 222 428 413 437 52 165 341 162 142 409 365 102 114 369 86 424 119 404 275 202 57 146 98 452 302 394 451 423 253 0 336 229 181 471 348 118 473 219 165 341 311 74 206 
120 345 74 363 269 143 266 250 295 480 347 100 432 148 200 138 277 160 424 212 291 394 267 115 122 436 438 414 454 462 119 73 62 143 386 488 444 0 358 238 445 338 291 251 476 145 402 113 372 268 
243 291 265 344 57 87 416 199 475 329 152 192 154 382 411 455 474 399 398 332 136 98 376 377 300 107 472 408 170 99 175 119 340 146 413 103 183 329 0 253 364 364 355 262 469 237 173 179 417 278 
76 455 364 331 330 447 130 143 174 488 263 223 369 89 270 466 452 323 355 487 75 426 107 381 394 282 324 273 411 447 50 193 402 364 474 438 66 311 81 0 190 54 50 364 374 89 133 95 492 406 
156 234 188 81 291 275 182 279 305 405 189 251 406 332 152 476 62 90 249 323 121 389 327 121 459 407 161 91 452 359 204 315 92 98 102 90 323 234 319 127 0 346 215 328 458 253 431 189 265 227 
388 294 298 277 328 125 235 441 443 484 393 301 394 414 100 442 466 347 264 407 372 341 252 86 375 416 290 305 104 261 238 443 262 486 219 89 318 160 480 260 143 0 128 61 487 492 318 428 214 164 
398 120 486 238 78 279 320 444 68 124 498 486 313 440 247 54 365 286 322 476 473 289 118 307 56 312 55 324 446 219 194 344 496 386 288 280 164 107 223 389 389 427 0 375 408 123 121 412 438 114 
441 169 293 229 445 99 235 256 104 265 201 273 409 251 475 50 490 254 372 96 427 260 435 110 341 342 183 169 461 327 440 157 447 232 336 391 281 277 353 336 492 260 315 0 156 462 290 363 451 250 
234 253 384 201 395 444 248 236 126 367 403 159 306 59 105 488 101 202 476 84 261 67 75 472 332 388 189 328 458 346 78 191 98 168 98 443 111 297 386 394 163 495 52 176 0 261 315 370 312 467 
345 347 228 362 128 406 401 223 94 435 180 390 219 77 438 337 126 137 154 373 229 498 242 223 257 124 434 71 445 453 244 496 299 422 114 133 327 221 306 127 155 436 467 81 464 0 161 124 296 248 
229 375 183 433 323 112 189 398 253 417 98 205 161 93 210 289 364 293 323 84 306 400 397 448 367 428 167 478 258 413 432 437 494 321 370 317 383 265 214 135 182 469 497 293 61 206 0 81 132 206 
354 166 462 254 269 165 327 403 283 60 161 195 198 304 396 469 380 212 351 145 132 193 484 100 189 276 318 102 63 400 258 124 273 426 84 492 90 361 395 79 127 262 432 275 65 327 243 0 396 489 
300 247 120 443 230 377 339 212 194 147 432 94 111 55 73 487 296 64 283 363 165 69 440 133 451 214 149 277 163 251 472 414 204 298 112 140 174 401 58 318 498 440 118 108 202 141 301 448 0 363 
291 311 234 310 250 318 260 171 173 243 284 130 214 404 284 462 467 374 135 123 382 159 328 77 228 386 229 75 394 384 388 391 194 122 200 150 146 166 478 269 115 262 349 279 165 339 447 338 419 0 

974.82 0 28
974.82 1 32
974.82 2 1
974.82 3 26
974.82 4 8
974.82 5 24
974.82 6 48
974.82 7 15
974.82 8 19
974.82 9 13
974.82 10 48
974.82 11 17
974.82 12 8
974.82 13 19
974.82 14 22
974.82 15 21
974.82 16 24
974.82 17 41
974.82 18 4
974.82 19 43
974.82 20 3
974.82 21 20
974.82 22 10
974.82 23 18
974.82 24 32
974.82 25 27
974.82 26 18
974.82 27 34
974.82 28 30
974.82 29 12
974.82 30 44
974.82 31 14
974.82 32 0
974.82 33 45
974.82 34 41
974.82 35 8
974.82 36 26
974.82 37 40
974.82 38 28
974.82 39 45
974.82 40 4
974.82 41 33
974.82 42 13
974.82 43 18
974.82 44 3
974.82 45 40
974.82 46 39
974.82 47 28
974.82 48 32
974.82 49 0

