50 50 4

0 417 192 361 499 273 329 210 132 395 309 293 444 104 132 201 67 417 113 65 331 336 145 187 205 304 376 152 270 90 118 206 457 467 66 212 239 101 128 77 202 387 320 145 198 159 53 215 282 116 
437 0 112 158 288 456 69 92 331 171 312 127 239 224 291 205 447 453 150 498 287 178 200 174 204 51 322 69 54 243 301 120 179 120 435 418 282 455 216 113 125 478 190 71 409 431 433 355 139 290 
353 377 0 174 259 257 328 260 78 104 472 271 111 91 156 388 233 73 170 187 239 440 262 424 129 490 88 267 423 393 112 212 452 195 336 210 402 370 177 430 180 148 407 242 396 63 129 128 293 249 
265 239 188 0 234 369 475 223 407 448 352 299 59 270 458 205 105 167 106 182 50 243 312 148 149 53 495 162 340 122 162 88 338 351 434 278 219 164 451 125 111 59 130 120 279 87 482 335 412 88 
223 412 488 485 0 60 136 245 54 456 84 126 117 122 170 418 262 398 136 376 105 418 193 114 498 471 343 85 452 384 203 246 106 114 233 298 331 320 493 335 482 76 168 98 355 288 466 117 393 308 
199 448 225 343 268 0 222 69 110 464 471 201 166 217 464 438 156 261 268 182 253 310 163 279 428 211 134 422 383 408 314 190 313 468 121 362 235 50 381 52 464 352 410 337 275 373 481 381 134 248 
270 337 57 383 323 191 0 301 407 113 183 70 133 80 333 308 151 195 249 151 75 458 322 133 367 365 358 240 345 446 80 299 215 123 307 304 396 204 104 58 474 238 78 107 268 118 121 125 263 320 
227 495 278 255 128 351 119 0 192 297 170 137 327 419 58 401 432 313 52 136 367 61 316 311 296 373 285 364 200 361 333 471 294 328 455 499 162 305 324 304 102 444 392 379 118 156 486 257 419 489 
343 493 256 158 303 51 238 88 0 122 388 155 405 114 399 439 68 153 100 80 427 355 132 126 453 217 401 108 410 157 234 154 450 226 360 315 235 117 259 480 396 353 134 301 174 239 446 192 342 497 
429 475 107 60 307 59 435 208 324 0 100 315 264 204 472 440 270 493 382 93 458 117 440 310 409 447 434 147 148 333 196 144 261 377 408 479 184 173 169 98 204 219 119 418 129 90 358 105 289 446 
148 246 62 294 263 421 447 196 275 95 0 235 421 396 203 53 304 181 394 427 56 442 130 225 61 255 60 308 112 115 97 264 213 500 276 214 262 404 160 409 178 205 350 305 101 52 308 111 183 202 
244 396 350 81 120 117 286 337 376 348 402 0 179 318 322 178 300 486 391 203 145 55 331 57 355 342 108 114 150 376 247 58 119 350 358 150 420 426 386 464 57 440 365 186 257 186 70 57 378 411 
210 230 172 248 237 234 89 51 298 396 377 251 0 404 446 100 469 303 227 150 188 190 364 128 54 256 91 398 276 98 482 187 466 211 65 420 154 249 215 155 497 111 238 248 221 391 298 189 193 475 
496 87 164 359 372 376 114 414 480 97 218 461 441 0 390 379 456 309 483 205 475 345 201 292 82 155 463 179 404 359 78 134 110 116 456 420 438 331 240 107 66 287 276 233 227 165 111 390 425 94 
94 155 389 452 397 177 107 115 307 217 424 91 57 485 0 364 463 160 302 500 106 359 65 344 341 249 277 457 310 373 137 110 417 449 449 125 345 333 389 410 346 312 90 387 319 281 251 282 391 259 
281 447 324 53 497 165 459 481 328 475 353 415 85 477 363 0 240 308 414 72 196 79 124 458 119 462 276 106 419 264 447 384 496 150 207 255 353 78 213 333 356 187 393 477 429 125 95 169 383 459 
398 78 245 473 242 70 190 468 127 315 232 73 198 434 380 111 0 188 233 140 107 272 446 451 371 179 380 446 224 499 328 390 396 112 134 124 304 154 471 272 438 285 210 218 433 350 97 495 244 487 
341 301 259 493 251 129 171 130 282 346 335 109 442 438 172 75 268 0 426 386 239 404 324 474 320 492 163 169 295 364 363 282 204 370 491 196 121 326 74 408 107 370 450 374 67 143 496 299 361 177 
184 99 81 214 280 351 412 393 227 207 256 89 439 166 410 185 312 237 0 461 336 351 275 412 56 148 185 149 350 434 461 477 118 266 264 489 496 322 401 144 499 107 350 294 496 222 203 387 241 146 
103 76 204 328 195 210 182 330 310 482 471 477 459 88 242 429 76 445 250 0 183 88 248 240 145 493 442 317 402 328 57 499 138 291 202 172 192 118 305 228 378 286 198 354 451 236 303 136 470 247 
336 359 492 291 99 136 283 247 160 391 282 374 145 370 164 53 492 306 122 52 0 241 206 289 389 267 446 332 69 81 57 473 124 366 220 365 171 63 354 369 173 244 357 253 96 226 368 99 424 380 
378 427 120 84 422 216 57 123 498 283 362 54 255 436 126 181 56 248 194 360 323 0 73 310 179 277 112 111 351 162 485 437 246 167 264 487 295 430 494 369 427 276 230 187 237 372 263 369 378 217 
269 444 490 500 253 168 276 316 229 333 184 421 269 380 294 483 123 89 412 116 164 94 0 343 100 231 286 422 201 154 299 368 130 242 358 129 201 232 111 223 168 394 357 295 369 444 88 108 66 334 
226 132 448 271 181 498 208 418 175 115 278 424 434 358 372 498 193 280 229 254 453 347 354 0 310 348 430 460 387 488 476 220 213 314 375 190 202 372 105 326 498 170 103 177 310 168 256 307 311 486 
243 272 194 296 332 454 144 261 169 237 455 351 407 375 165 488 64 73 116 326 349 320 447 158 0 447 256 276 409 270 294 150 219 65 295 465 347 248 108 315 124 295 269 425 409 350 89 396 121 319 
462 397 167 281 343 276 435 306 258 99 282 51 200 451 66 445 415 120 399 230 385 473 231 360 398 0 346 210 193 449 281 463 166 384 336 398 227 318 88 239 76 137 227 77 287 177 94 438 298 371 
337 234 462 309 172 321 206 468 237 106 416 224 68 82 108 110 186 492 379 431 437 405 274 163 432 61 0 497 232 449 50 102 492 235 63 301 357 91 213 80 485 269 447 209 287 235 267 348 371 465 
226 57 401 337 281 270 268 292 266 207 448 266 259 439 207 480 446 63 277 159 94 261 378 247 176 372 432 0 149 219 58 113 151 65 220 438 296 440 412 295 412 118 449 178 84 143 91 270 89 105 
497 198 356 464 75 309 347 397 240 446 322 455 266 179 470 192 116 265 132 235 266 494 303 214 378 337 308 420 0 106 347 231 309 251 293 480 483 101 326 380 498 478 408 208 243 87 177 386 360 148 
224 301 365 424 104 285 302 147 92 428 411 145 365 219 346 157 198 329 415 230 415 168 208 78 326 401 322 209 493 0 389 63 216 189 134 347 450 370 355 97 168 282 458 264 353 383 316 460 81 351 
130 468 472 455 175 257 280 76 78 195 275 173 208 198 313 293 495 262 369 349 309 487 337 473 457 189 356 273 355 143 0 330 435 110 58 389 236 265 375 469 293 276 243 417 434 147 436 433 141 197 
301 196 213 288 483 392 451 171 247 223 476 340 260 166 157 268 261 343 483 342 67 482 117 467 154 258 114 89 190 205 444 0 198 352 363 192 90 254 142 212 208 72 394 254 282 267 361 256 478 410 
238 320 427 426 387 394 80 144 214 326 492 369 476 189 427 338 331 468 299 179 386 457 201 486 417 189 252 278 395 437 394 339 0 256 77 265 349 177 51 200 341 327 191 416 59 86 343 347 123 66 
352 252 158 64 404 350 432 92 102 416 438 489 309 276 451 336 247 55 463 248 205 59 75 102 426 84 138 475 137 418 491 196 170 0 355 210 73 204 348 322 463 263 466 207 279 242 157 114 439 163 
284 187 74 293 419 334 218 209 178 399 52 96 389 405 216 450 115 446 154 169 267 323 139 233 481 368 181 344 188 326 213 178 219 238 0 422 344 71 346 259 199 245 262 452 340 166 167 497 438 319 
357 314 293 179 403 232 159 270 363 454 164 395 373 293 321 110 421 164 338 473 374 244 217 342 195 264 458 69 467 152 94 323 416 337 452 0 74 68 318 50 137 478 164 239 350 407 59 167 83 173 
211 56 253 405 430 94 307 193 259 82 159 117 126 188 483 170 140 263 395 164 263 483 141 377 428 197 491 437 314 73 316 476 79 69 136 460 0 113 393 359 78 181 225 145 465 363 334 134 209 96 
479 79 309 217 377 393 144 74 383 287 94 162 103 69 399 329 363 114 148 462 179 177 143 110 272 107 180 106 191 339 359 376 125 168 93 452 267 0 394 476 149 388 70 468 441 296 366 476 158 186 
123 120 316 250 213 376 229 477 55 492 374 101 350 249 176 224 499 127 441 393 310 296 280 86 264 427 332 336 402 197 229 231 267 495 432 186 126 367 0 162 132 358 242 390 207 441 272 138 440 349 
78 88 365 325 74 401 295 451 233 337 108 136 65 289 353 266 427 245 343 293 113 181 150 305 70 64 245 292 152 391 347 387 429 419 418 453 319 419 159 0 258 256 217 344 478 457 403 244 383 147 
86 383 210 217 483 465 444 253 417 442 111 307 495 205 236 413 122 395 439 492 54 196 454 221 247 431 384 149 174 474 454 417 356 163 133 94 335 283 54 458 0 431 115 264 426 270 206 94 99 101 
483 90 105 179 250 483 132 180 123 231 305 96 391 221 402 54 61 202 95 50 206 52 432 479 473 113 248 179 157 53 437 140 300 248 476 500 230 107 180 303 495 0 191 105 386 362 457 146 373 159 
398 130 315 400 61 293 128 124 248 257 231 458 193 77 258 391 52 464 328 109 143 337 311 284 393 403 353 105 255 432 214 152 61 236 258 72 235 336 353 189 300 291 0 354 443 318 318 90 321 281 
368 136 131 411 153 365 303 55 424 359 260 356 279 362 367 221 326 146 163 162 205 58 412 446 362 110 264 386 150 291 167 224 133 248 135 237 319 144 242 243 209 453 305 0 195 70 378 366 347 474 
235 459 386 451 126 87 68 186 57 405 494 298 71 424 382 476 58 118 50 360 66 450 275 469 254 420 246 132 493 92 312 227 257 197 384 333 235 403 225 449 63 218 247 291 0 142 335 266 357 159 
266 423 175 216 198 351 176 117 96 258 109 138 277 494 101 180 377 384 121 486 108 70 499 484 267 289 332 308 261 188 417 234 111 91 156 466 148 282 82 194 247 349 489 474 342 0 89 153 425 423 
225 167 238 245 165 428 218 161 259 476 372 153 148 105 421 396 418 386 495 200 419 188 397 267 177 126 315 423 229 446 102 160 112 497 355 228 424 72 95 389 254 417 492 352 229 413 0 248 146 298 
242 52 423 136 399 189 470 475 210 393 411 156 201 70 218 197 132 152 120 154 197 459 115 321 450 173 500 118 371 352 367 319 355 496 162 460 392 338 191 101 230 308 207 137 328 132 284 0 410 234 
354 271 382 68 92 202 225 215 408 293 293 466 366 318 76 362 430 243 253 268 384 304 204 191 218 292 225 300 75 135 484 136 112 121 154 154 480 329 319 143 329 111 109 194 380 342 262 65 0 84 
465 490 174 476 194 71 400 192 247 199 424 88 389 59 150 217 371 254 196 406 279 290 234 341 105 135 427 397 347 198 188 68 188 312 250 332 334 356 230 287 54 153 325 149 163 425 316 484 385 0 

961.95 0 19
961.95 1 21
961.95 2 48
961.95 3 14
961.95 4 21
961.95 5 27
961.95 6 8
961.95 7 48
961.95 8 13
961.95 9 41
961.95 10 7
961.95 11 7
961.95 12 14
961.95 13 18
961.95 14 15
961.95 15 9
961.95 16 36
961.95 17 14
961.95 18 29
961.95 19 20
961.95 20 43
961.95 21 38
961.95 22 30
961.95 23 16
961.95 24 18
961.95 25 33
961.95 26 46
961.95 27 38
961.95 28 7
961.95 29 10
961.95 30 31
961.95 31 32
961.95 32 37
961.95 33 34
961.95 34 1
961.95 35 9
961.95 36 13
961.95 37 9
961.95 38 13
961.95 39 26
961.95 40 2
961.95 41 20
961.95 42 38
961.95 43 21
961.95 44 39
961.95 45 8
961.95 46 35
961.95 47 31
961.95 48 22
961.95 49 15

