40 40 3

0 66 135 58 167 442 393 344 228 99 110 234 350 235 278 438 382 341 339 360 90 200 222 177 121 138 199 109 499 387 369 385 159 454 393 276 395 285 119 123 
90 0 387 63 146 121 291 291 209 338 129 68 378 486 240 54 106 85 411 373 290 53 241 174 162 195 66 144 296 57 214 369 305 307 382 157 378 379 398 293 
216 234 0 311 94 219 257 305 483 292 422 355 82 425 95 206 293 447 430 144 243 193 64 111 448 321 200 105 198 285 209 441 452 393 458 252 319 214 263 301 
213 185 362 0 452 316 163 157 316 110 293 410 59 437 424 327 140 244 477 402 148 469 111 295 420 210 252 378 235 172 140 242 335 482 103 286 298 217 150 320 
484 149 229 493 0 85 359 319 383 102 52 284 200 471 101 445 146 262 403 474 203 74 320 396 116 58 205 352 306 372 208 332 111 308 60 103 99 125 129 432 
177 131 216 83 308 0 267 234 404 235 136 133 389 367 403 491 433 411 195 492 423 274 406 254 335 420 471 145 470 302 224 157 429 61 79 218 319 53 158 222 
238 451 305 333 318 414 0 323 457 81 225 204 454 449 110 415 283 480 141 134 205 394 308 313 78 75 342 454 344 345 318 272 290 269 76 329 293 197 152 249 
228 83 404 388 482 220 58 0 471 199 357 105 355 457 119 167 241 145 215 194 439 267 463 211 56 438 444 335 230 140 193 185 318 226 295 206 414 465 214 385 
371 277 440 225 233 58 98 425 0 153 470 118 299 236 287 460 449 224 159 284 160 250 183 296 274 116 90 430 480 55 351 364 132 127 59 307 311 275 111 442 
134 80 59 383 474 53 98 422 227 0 208 205 94 164 95 340 388 161 380 74 140 141 375 211 223 208 220 236 225 445 297 166 286 84 383 168 57 386 424 429 
319 338 341 363 452 386 409 339 253 496 0 363 343 136 444 260 66 359 431 252 83 131 256 407 367 497 289 242 53 381 165 188 406 453 479 476 160 120 384 449 
323 379 68 373 222 462 132 445 320 269 403 0 110 107 158 467 180 361 462 372 364 98 243 52 454 402 237 185 61 308 276 217 337 361 235 209 82 196 499 477 
223 474 380 283 80 244 456 211 105 417 289 175 0 465 239 177 174 140 121 66 359 379 292 75 215 152 260 131 392 162 129 368 91 309 454 80 340 405 486 257 
216 402 252 341 122 441 225 454 288 296 470 146 381 0 261 378 302 363 137 383 254 456 218 329 498 478 489 77 73 149 270 487 315 378 238 363 451 386 87 404 
173 89 129 476 176 340 353 428 409 196 67 370 151 442 0 405 355 175 393 139 198 493 359 391 307 236 336 376 393 221 413 52 100 208 131 75 334 177 134 469 
293 280 486 162 137 183 66 199 309 165 495 213 157 109 104 0 171 295 390 497 395 110 166 397 367 80 235 148 121 118 232 89 361 218 281 229 61 414 245 210 
429 361 204 142 224 263 196 101 265 292 98 366 352 421 469 425 0 451 203 72 71 479 254 317 339 178 304 68 189 425 470 350 353 86 260 445 261 230 347 68 
201 138 116 66 196 243 485 120 401 395 349 422 129 102 446 418 437 0 249 192 126 380 369 426 233 405 392 384 372 328 438 391 479 282 213 495 429 163 236 255 
63 337 104 191 416 363 136 89 56 92 439 132 178 307 264 117 418 155 0 452 497 434 145 143 168 377 62 163 61 175 105 474 188 392 284 86 63 353 379 102 
359 177 491 441 306 53 204 373 422 66 80 418 206 175 60 324 259 279 193 0 270 405 248 450 299 346 233 335 115 293 214 168 151 341 365 299 146 369 453 226 
497 225 256 170 381 138 387 205 347 165 104 323 69 303 273 319 355 212 360 421 0 455 73 295 106 121 366 111 424 441 63 149 437 446 112 106 326 200 199 237 
497 315 292 75 90 301 298 115 155 217 426 282 171 205 283 434 276 149 495 407 296 0 265 262 233 210 324 496 242 474 402 430 226 216 221 459 256 472 256 322 
333 179 454 322 301 158 104 441 141 410 192 254 413 163 466 352 323 290 347 271 470 455 0 200 403 170 127 361 133 98 323 161 138 453 114 410 460 429 220 156 
276 337 298 480 249 411 202 100 440 198 153 211 374 108 117 276 435 195 343 274 450 166 385 0 87 325 205 203 284 341 130 146 116 417 395 303 372 61 455 422 
208 359 281 125 232 95 192 459 481 93 57 254 494 173 346 287 204 50 441 194 341 277 291 164 0 193 392 417 64 159 127 192 317 436 179 148 374 225 498 88 
412 90 96 372 290 426 217 284 130 425 431 274 265 207 64 135 350 162 258 120 272 335 469 88 477 0 147 394 351 78 391 145 440 187 191 312 428 117 235 211 
404 159 141 177 131 54 399 216 110 60 425 180 489 466 355 284 199 208 177 256 237 67 351 383 204 493 0 401 338 316 343 255 219 452 102 102 289 106 451 212 
166 218 136 52 206 308 357 440 457 272 323 212 459 340 63 97 251 55 449 295 77 291 50 246 449 309 298 0 238 366 456 400 238 380 242 241 292 500 304 439 
213 75 261 375 240 308 144 288 265 356 443 59 383 440 266 128 388 282 133 332 354 295 438 91 174 179 489 172 0 386 500 110 98 74 78 179 472 92 274 259 
307 129 408 72 463 347 496 297 234 277 136 273 130 381 210 378 261 96 367 384 432 366 200 236 146 228 365 117 270 0 138 82 76 425 440 306 387 286 301 390 
227 77 477 206 364 357 366 241 118 412 314 452 99 179 358 285 483 86 150 306 62 445 339 89 369 278 101 462 271 352 0 352 204 135 328 360 449 391 225 189 
459 344 454 166 393 339 475 385 77 267 485 334 279 185 172 74 54 156 125 466 377 427 73 287 268 107 146 216 449 78 356 0 163 128 65 487 227 110 217 111 
138 434 302 422 212 438 93 444 198 406 68 163 490 202 394 276 420 451 129 343 399 157 405 269 442 420 255 168 236 422 230 324 0 355 238 452 273 175 495 216 
323 157 442 193 146 350 86 372 476 243 451 318 349 314 222 117 255 348 322 130 84 450 310 114 304 254 66 283 380 267 206 409 374 0 147 101 470 203 344 98 
178 294 499 447 142 313 375 209 274 430 237 354 464 186 370 284 196 124 300 429 210 274 341 118 147 194 377 324 347 427 372 476 220 126 0 178 312 145 259 227 
370 188 414 430 358 306 56 142 452 130 148 137 497 372 428 114 226 329 197 256 175 124 334 357 294 410 485 313 55 244 490 131 138 160 267 0 447 416 273 88 
124 353 393 418 349 472 101 170 197 380 317 159 55 391 443 362 392 352 103 204 113 53 193 401 141 303 168 87 219 391 332 500 451 432 417 55 0 403 468 175 
306 348 443 415 109 89 357 421 431 415 474 134 479 233 485 379 325 287 497 118 212 144 157 211 94 88 334 99 441 58 225 246 112 374 160 171 169 0 223 298 
100 137 479 391 115 211 375 201 486 369 404 311 80 498 418 449 91 456 282 348 396 497 279 348 108 152 214 229 271 387 234 77 474 212 175 296 129 500 0 447 
322 368 106 132 155 104 500 103 352 455 91 199 106 88 428 160 353 286 324 289 264 210 473 498 390 391 172 185 470 172 338 291 246 151 373 351 412 128 404 0 

828.3 0 32
828.3 1 14
828.3 2 36
828.3 3 36
828.3 4 20
828.3 5 6
828.3 6 26
828.3 7 35
828.3 8 4
828.3 9 26
828.3 10 37
828.3 11 21
828.3 12 8
828.3 13 9
828.3 14 0
828.3 15 6
828.3 16 17
828.3 17 3
828.3 18 11
828.3 19 13
828.3 20 30
828.3 21 12
828.3 22 2
828.3 23 24
828.3 24 18
828.3 25 32
828.3 26 1
828.3 27 26
828.3 28 2
828.3 29 9
828.3 30 19
828.3 31 34
828.3 32 13
828.3 33 5
828.3 34 20
828.3 35 22
828.3 36 11
828.3 37 36
828.3 38 19
828.3 39 5

