40 40 3

0 61 465 444 324 223 198 125 145 347 147 382 159 481 208 58 411 68 426 201 282 345 467 109 281 243 61 152 338 123 323 94 341 287 245 164 216 149 447 312 
202 0 93 193 312 280 107 76 190 125 452 342 357 297 64 172 284 465 183 142 302 463 415 103 303 408 54 418 124 153 364 142 62 163 492 324 149 98 106 289 
380 57 0 337 236 60 352 114 51 316 454 143 324 416 58 133 425 416 344 98 246 204 168 338 216 281 329 246 380 133 302 376 463 309 419 405 76 477 469 77 
499 422 377 0 79 93 141 369 469 57 213 66 460 367 392 54 289 172 89 485 259 173 286 341 342 94 466 454 327 443 422 110 197 100 438 226 350 78 302 74 
292 465 298 459 0 87 189 463 326 311 258 310 276 137 95 323 430 346 289 383 380 438 60 440 341 317 377 67 167 162 75 191 404 490 439 118 283 127 80 315 
145 289 124 127 376 0 376 157 61 221 396 150 100 89 161 247 380 428 330 153 301 442 178 443 102 374 137 170 363 215 201 177 66 196 251 350 278 333 457 290 
261 352 390 67 147 257 0 264 234 185 94 93 192 486 222 134 294 302 222 415 165 143 322 499 366 468 457 215 245 289 172 241 500 230 338 67 84 94 488 268 
436 81 311 128 274 239 419 0 67 492 347 432 363 440 253 117 61 427 73 227 379 313 105 326 68 285 163 292 319 208 280 293 350 67 104 184 291 293 103 65 
491 400 447 109 96 407 177 107 0 89 407 284 174 219 95 451 238 331 113 480 356 478 466 356 84 484 410 218 274 409 271 289 156 171 443 422 217 105 305 481 
351 212 472 476 381 66 426 325 103 0 245 61 410 430 233 265 464 216 381 181 197 496 403 192 151 280 341 73 447 152 328 427 454 246 398 185 334 171 110 158 
224 61 376 340 441 109 311 404 482 191 0 85 178 187 438 321 495 424 161 274 370 264 309 52 424 54 157 108 338 278 375 203 208 386 285 499 327 100 309 230 
82 207 472 210 100 165 237 94 88 105 75 0 164 319 334 167 449 338 481 56 176 465 381 85 172 266 320 170 299 371 186 480 403 343 207 319 393 323 263 193 
361 318 218 476 343 51 349 291 96 85 53 429 0 500 384 464 171 356 283 499 155 360 184 341 469 233 254 288 332 76 257 231 388 74 156 119 367 364 174 364 
410 209 367 338 208 250 57 85 312 498 290 173 357 0 180 220 326 363 425 320 401 451 76 132 94 100 238 370 173 101 494 487 218 409 353 262 116 309 270 359 
120 267 355 451 123 486 170 155 104 301 425 456 252 207 0 294 52 464 238 129 136 496 122 329 213 482 181 426 304 196 195 369 474 412 224 424 241 416 300 347 
470 101 478 181 303 185 181 61 148 369 140 442 365 420 270 0 284 157 158 209 411 304 110 487 277 228 210 407 176 125 207 473 301 258 206 189 267 97 320 278 
403 189 125 344 260 495 320 250 151 428 166 268 439 226 254 422 0 161 170 329 287 452 486 259 253 243 171 392 460 219 418 444 121 313 68 171 72 269 441 480 
370 125 145 345 63 321 98 435 432 426 263 425 377 248 183 336 197 0 61 434 363 230 352 307 57 164 325 178 394 94 118 373 170 193 468 465 206 495 270 348 
183 195 110 107 71 65 448 114 212 459 498 75 395 349 88 402 220 119 0 286 113 163 354 192 491 254 366 211 166 360 431 464 249 125 281 307 354 296 461 418 
214 419 171 446 69 227 484 177 397 103 413 216 423 266 114 169 226 430 331 0 343 496 261 306 245 93 86 258 397 88 218 70 460 343 191 405 362 368 145 245 
471 198 157 186 327 373 250 447 99 386 277 148 382 244 404 333 287 197 297 390 0 442 465 410 401 63 308 306 131 175 157 326 353 305 433 489 338 61 446 491 
317 87 474 415 175 218 75 458 211 429 254 101 370 425 217 271 438 475 283 275 357 0 390 100 209 401 239 404 445 251 105 436 274 350 409 189 475 333 421 189 
495 349 149 302 425 74 469 402 218 200 391 444 263 487 250 178 387 440 81 332 397 344 0 474 170 193 382 65 374 215 436 62 416 491 162 217 172 186 392 73 
110 91 415 260 60 401 461 188 495 156 427 82 52 270 55 172 169 143 188 493 64 330 55 0 430 77 374 146 199 59 245 429 326 286 343 86 53 451 497 191 
445 152 117 233 361 93 238 483 419 87 377 168 102 414 380 482 197 253 335 346 262 79 274 87 0 71 324 330 74 481 82 423 425 391 490 364 251 290 308 441 
415 345 73 82 397 437 412 135 340 164 176 185 132 205 166 377 226 440 206 458 420 239 380 100 129 0 125 170 87 365 428 478 487 479 257 68 376 194 431 217 
240 301 343 376 384 498 248 467 430 394 172 143 69 117 473 326 404 98 446 197 169 373 174 155 351 381 0 381 433 281 67 356 472 318 198 103 408 402 301 374 
88 401 253 181 420 76 361 245 430 165 190 126 491 269 457 353 326 94 233 466 81 250 321 52 67 470 312 0 182 127 319 55 372 219 465 53 138 492 120 89 
177 235 229 461 225 204 417 77 481 217 467 446 249 216 266 458 441 442 477 122 276 295 334 147 221 299 357 309 0 290 427 105 417 161 491 377 93 195 50 327 
382 217 294 327 172 216 299 130 156 448 313 228 223 107 62 76 278 311 384 294 307 310 349 223 178 339 307 428 240 0 63 254 121 437 254 154 109 421 404 396 
76 107 208 462 487 472 230 62 250 247 396 250 53 413 305 433 90 350 446 224 90 459 428 368 396 389 473 211 309 132 0 313 91 189 471 259 175 198 439 187 
398 185 290 354 395 202 365 328 449 215 480 172 462 439 99 329 90 194 301 458 209 139 270 251 278 447 460 403 144 155 297 0 493 497 86 102 392 445 418 426 
393 339 405 64 300 99 320 335 139 465 343 96 173 432 72 130 210 469 297 319 113 402 322 312 154 114 364 496 58 488 177 401 0 326 289 415 332 338 442 374 
184 406 216 437 78 147 460 159 63 184 406 333 247 63 154 58 167 426 129 370 434 323 497 335 356 492 456 187 330 397 60 220 58 0 433 363 87 80 78 403 
93 213 64 132 410 284 444 175 401 369 254 477 302 283 474 343 138 221 55 276 257 402 493 427 167 426 290 411 212 74 313 462 237 83 0 94 354 317 488 479 
424 356 439 401 364 221 130 207 310 301 212 292 58 320 491 191 437 416 187 347 334 212 366 296 399 155 340 252 422 83 437 102 389 375 453 0 252 96 82 165 
112 89 83 354 304 354 344 446 497 467 132 100 56 50 416 302 156 278 348 358 199 381 51 251 476 376 410 228 178 198 99 447 238 133 300 248 0 193 351 193 
189 73 483 239 286 483 362 88 138 139 142 203 495 474 204 453 449 286 362 383 171 267 189 117 211 272 124 409 415 181 309 310 411 291 256 196 480 0 324 441 
325 169 83 234 163 56 144 322 211 136 391 301 257 157 440 81 74 211 155 433 332 493 241 141 403 238 103 98 218 377 246 249 496 279 433 366 492 283 0 187 
409 369 77 209 126 391 355 157 415 272 469 104 103 461 295 402 363 484 455 167 408 332 119 156 327 348 295 399 95 77 86 455 396 320 370 228 418 225 335 0 

803.55 0 7
803.55 1 27
803.55 2 0
803.55 3 2
803.55 4 24
803.55 5 38
803.55 6 7
803.55 7 27
803.55 8 36
803.55 9 38
803.55 10 4
803.55 11 12
803.55 12 34
803.55 13 11
803.55 14 9
803.55 15 28
803.55 16 21
803.55 17 37
803.55 18 8
803.55 19 4
803.55 20 6
803.55 21 28
803.55 22 21
803.55 23 24
803.55 24 22
803.55 25 17
803.55 26 30
803.55 27 14
803.55 28 29
803.55 29 11
803.55 30 13
803.55 31 25
803.55 32 27
803.55 33 3
803.55 34 28
803.55 35 1
803.55 36 2
803.55 37 35
803.55 38 28
803.55 39 0

