40 40 3

0 497 421 325 66 205 294 305 248 105 241 320 347 433 273 305 385 209 206 131 138 222 278 357 273 477 268 239 124 61 170 209 57 90 484 280 453 485 291 407 
89 0 483 226 387 415 449 398 55 364 104 136 453 276 121 309 255 304 284 200 378 295 320 86 59 117 69 289 69 53 80 426 93 62 359 186 183 63 290 188 
378 344 0 481 330 326 101 345 288 111 128 438 439 130 465 231 139 81 251 378 100 461 164 232 260 176 90 152 309 104 393 203 432 443 184 468 476 442 68 263 
53 147 407 0 198 227 371 380 72 402 130 400 208 297 64 391 57 397 187 366 413 448 258 115 135 408 456 102 383 154 121 145 157 425 51 305 358 129 184 380 
481 471 486 396 0 268 500 286 482 153 179 103 65 127 68 337 212 426 500 472 308 153 299 159 260 223 367 271 287 446 406 166 183 132 151 78 106 358 314 87 
461 199 141 232 276 0 366 68 195 291 67 166 305 170 171 414 136 344 280 358 337 433 470 453 115 101 310 143 365 167 163 402 334 312 249 272 88 114 291 440 
111 64 312 366 392 433 0 486 234 276 473 298 112 405 267 271 470 75 287 112 390 161 432 498 445 243 454 217 488 274 214 427 92 435 238 408 82 170 394 267 
152 366 64 421 477 489 398 0 446 63 185 264 159 296 195 363 447 144 72 370 339 297 290 265 339 432 210 453 464 86 102 230 396 174 452 316 150 440 421 95 
209 105 65 318 107 417 387 260 0 268 410 130 106 413 126 321 251 57 237 410 472 274 463 408 169 136 115 191 237 54 318 489 213 373 261 237 186 177 331 397 
395 240 233 207 152 309 235 109 73 0 422 469 251 402 431 158 277 274 224 419 461 435 236 205 355 316 416 298 208 300 128 104 401 318 494 108 176 59 293 235 
82 214 411 283 323 97 147 99 321 77 0 224 488 463 167 193 317 189 315 114 347 114 400 158 466 424 151 73 100 160 72 492 399 443 402 388 265 206 486 315 
477 62 489 465 231 362 364 254 50 178 75 0 348 243 425 456 415 348 313 194 154 180 216 146 78 158 254 417 130 166 158 395 143 170 139 314 108 208 384 312 
208 61 337 262 461 468 217 375 316 237 275 176 0 367 197 479 151 62 440 274 142 105 382 243 198 259 88 218 317 246 101 335 405 320 172 166 280 346 90 362 
368 277 136 495 350 284 473 207 296 412 432 144 224 0 313 337 372 278 375 297 301 121 348 136 232 374 465 348 154 310 144 222 178 127 64 379 427 54 351 134 
300 470 272 150 193 291 437 271 69 312 274 320 139 329 0 406 321 202 126 375 306 387 470 234 271 96 249 149 230 253 206 314 260 382 292 360 281 82 297 52 
308 315 483 128 160 311 240 431 464 317 305 476 410 481 210 0 180 77 165 486 257 368 191 277 127 280 68 438 60 307 441 269 115 462 252 400 121 269 346 258 
232 162 269 415 278 250 331 408 277 446 149 240 69 291 467 147 0 70 241 291 287 498 438 56 319 399 465 218 226 233 64 190 416 383 409 86 161 158 123 275 
385 275 375 124 294 372 297 147 148 488 388 385 242 325 147 60 430 0 111 436 362 295 450 51 417 88 411 453 406 68 282 181 160 56 262 441 300 133 445 398 
231 432 492 322 173 73 420 391 453 481 326 71 275 482 72 398 276 189 0 106 182 415 338 313 281 100 74 221 107 364 165 211 301 304 202 122 183 225 492 73 
385 229 105 162 210 293 184 108 69 80 164 201 445 209 464 225 259 244 152 0 316 107 268 477 358 278 386 186 411 317 385 191 201 113 453 69 273 246 411 87 
472 441 409 172 385 324 342 316 82 292 418 105 349 392 288 413 169 173 98 287 0 441 189 184 348 252 136 124 232 88 485 476 59 425 384 388 65 207 229 331 
447 471 455 258 75 347 496 194 222 376 450 215 72 138 349 126 341 192 200 279 437 0 184 254 447 315 345 334 330 258 270 367 204 240 322 168 473 375 164 166 
96 246 115 262 268 204 317 344 495 215 251 480 152 141 233 305 407 284 345 443 493 114 0 310 403 61 131 71 484 212 392 149 258 137 215 226 111 369 250 161 
119 415 362 305 66 454 244 321 116 479 166 58 227 230 318 129 448 155 357 431 317 248 80 0 282 91 452 214 152 76 414 264 352 329 332 156 345 492 350 373 
107 328 489 323 54 425 140 341 373 453 197 59 476 152 296 257 400 247 422 259 273 91 473 124 0 370 60 437 422 52 287 294 316 321 489 138 82 169 436 373 
248 388 276 258 363 134 53 327 241 458 455 450 437 496 422 268 366 188 204 494 190 197 494 213 469 0 482 301 257 357 236 129 105 123 111 313 193 403 72 470 
143 480 180 92 417 175 220 184 247 114 94 240 255 242 233 174 210 421 425 417 278 161 252 333 441 69 0 352 133 178 130 309 271 110 439 69 233 321 446 123 
67 60 167 465 472 359 404 145 275 325 276 191 309 387 149 141 328 376 199 167 53 279 183 482 95 328 257 0 278 148 203 107 166 420 225 337 147 290 240 449 
65 271 224 413 79 111 62 377 145 388 75 469 147 305 151 128 350 430 336 335 284 245 392 156 371 323 443 224 0 113 390 172 128 160 346 491 190 163 259 66 
465 353 299 434 451 103 291 285 159 427 120 200 418 71 299 73 148 121 223 322 391 112 444 469 222 497 216 118 159 0 425 135 331 485 140 471 435 193 468 219 
58 395 497 416 68 274 214 91 373 492 264 194 383 326 345 107 255 341 480 323 206 161 164 487 145 254 457 79 153 425 0 248 369 75 451 284 93 225 204 134 
97 195 105 448 284 137 292 98 342 339 77 372 496 188 486 482 283 447 439 68 306 119 474 174 144 424 164 187 148 318 478 0 402 220 289 106 454 377 348 51 
218 187 286 89 389 424 282 370 414 435 64 432 240 133 161 121 434 85 235 327 390 53 61 499 223 300 104 383 176 158 141 101 0 51 377 140 390 56 128 467 
176 269 481 315 460 321 426 80 461 461 472 288 107 475 299 105 404 98 159 287 432 267 134 483 476 461 329 365 223 164 331 106 383 0 68 371 98 95 296 128 
55 464 100 293 70 281 298 332 185 103 197 178 241 170 262 223 145 429 258 461 358 372 498 414 255 272 491 303 317 494 138 323 457 395 0 322 233 382 327 271 
273 136 418 401 327 87 369 500 183 53 464 350 362 336 103 482 297 326 473 306 349 466 394 378 178 495 407 361 133 233 338 356 319 255 464 0 352 499 332 107 
388 336 70 237 197 356 498 178 152 79 357 409 134 322 58 463 450 260 369 66 343 308 354 198 333 315 161 184 314 200 241 201 486 468 145 389 0 324 349 273 
182 378 130 297 462 158 306 180 108 272 499 331 114 62 392 469 345 206 130 235 226 280 182 378 472 150 229 116 424 77 339 312 161 175 109 329 284 0 121 460 
98 343 214 135 163 227 477 131 278 390 418 464 115 404 145 199 375 245 134 441 375 368 487 394 479 368 453 308 151 280 474 406 122 187 248 442 364 431 0 72 
349 320 441 312 142 344 163 498 426 115 339 122 196 206 315 89 185 183 492 199 491 271 379 397 99 65 351 491 136 281 270 435 101 210 453 400 260 115 153 0 

627.25 0 5
627.25 1 27
627.25 2 32
627.25 3 22
627.25 4 31
627.25 5 36
627.25 6 15
627.25 7 35
627.25 8 33
627.25 9 35
627.25 10 5
627.25 11 18
627.25 12 31
627.25 13 22
627.25 14 27
627.25 15 33
627.25 16 27
627.25 17 3
627.25 18 16
627.25 19 15
627.25 20 30
627.25 21 22
627.25 22 29
627.25 23 15
627.25 24 13
627.25 25 10
627.25 26 6
627.25 27 21
627.25 28 17
627.25 29 3
627.25 30 28
627.25 31 11
627.25 32 30
627.25 33 21
627.25 34 33
627.25 35 22
627.25 36 7
627.25 37 38
627.25 38 19
627.25 39 1

