40 40 4

0 120 332 254 367 69 306 291 130 209 390 146 315 459 344 303 53 439 257 213 463 481 209 169 74 176 260 156 363 227 123 336 298 405 297 371 424 102 161 260 
261 0 257 356 76 216 199 85 426 137 499 346 306 236 54 426 260 388 392 122 250 119 402 85 123 306 332 200 436 141 312 196 352 68 258 134 441 164 376 367 
251 375 0 212 57 110 423 189 76 310 80 356 59 356 257 302 429 63 133 129 205 224 147 107 283 372 316 367 313 430 243 386 387 324 97 150 384 226 289 166 
487 76 472 0 252 138 229 53 67 449 344 353 153 274 206 211 56 77 233 130 340 162 323 432 499 353 479 356 443 412 351 108 398 133 80 356 222 259 360 446 
414 410 298 66 0 183 454 434 190 237 166 477 77 278 55 215 484 358 194 95 300 312 396 358 209 480 388 271 201 353 337 146 473 246 150 490 380 310 423 276 
497 296 252 73 280 0 257 239 263 321 139 64 120 157 411 184 72 390 279 293 297 131 130 149 104 326 249 300 412 58 429 394 54 224 352 285 455 315 230 424 
135 75 439 205 182 105 0 96 204 201 325 447 448 162 283 96 216 109 51 222 227 59 358 121 270 81 179 54 242 445 441 166 79 466 311 442 147 366 488 57 
273 312 211 220 424 444 473 0 347 259 474 275 437 239 132 264 459 371 393 220 112 337 160 435 123 126 452 271 430 73 465 194 296 483 355 222 162 298 194 459 
57 374 441 444 319 72 414 485 0 149 62 204 212 106 70 353 179 146 305 156 283 328 120 427 124 102 281 296 214 285 197 380 292 277 76 442 96 305 355 80 
405 368 441 116 424 461 175 309 314 0 430 171 303 258 241 229 88 500 216 90 420 451 237 55 243 465 81 391 267 93 453 53 448 320 444 270 450 160 395 465 
424 325 135 226 289 82 161 327 81 327 0 367 207 485 311 213 434 482 451 324 248 494 276 458 197 302 401 417 458 60 312 422 191 343 263 123 131 295 235 164 
82 268 237 240 459 498 159 392 235 109 423 0 433 310 405 146 457 414 497 130 371 264 148 500 161 197 262 234 485 57 175 148 89 150 91 486 108 296 144 207 
481 411 129 170 427 240 266 139 153 470 219 475 0 233 73 230 100 220 442 284 204 205 166 58 452 266 100 437 80 346 288 444 82 198 279 202 124 470 419 213 
122 388 139 303 327 162 483 377 89 425 367 243 336 0 483 459 287 455 265 431 242 110 218 185 142 122 415 51 196 384 420 115 212 63 411 466 340 73 204 423 
319 335 289 268 171 479 226 164 189 441 94 381 257 262 0 66 106 90 431 314 236 70 233 58 232 453 419 404 499 198 108 421 467 393 416 235 270 394 167 385 
290 315 429 170 278 398 393 90 438 79 354 381 99 293 145 0 489 245 63 392 243 419 206 370 385 306 286 326 75 386 200 410 175 221 95 52 449 199 395 490 
343 425 343 430 230 136 74 218 87 295 317 488 213 473 357 304 0 485 349 337 60 235 487 176 116 414 428 325 362 333 220 107 383 351 401 312 80 243 93 249 
487 338 272 474 257 451 87 60 436 386 103 202 327 296 84 150 209 0 463 425 71 51 351 128 384 201 235 403 232 184 446 187 378 490 165 351 246 115 388 463 
257 274 66 409 307 312 444 407 228 162 332 456 163 182 83 254 90 476 0 156 272 366 101 165 243 90 280 301 493 101 188 455 309 168 227 424 426 246 123 88 
424 235 370 379 105 259 168 309 299 350 415 277 216 222 148 165 469 134 416 0 461 185 104 171 200 429 349 124 110 94 197 149 224 139 225 102 194 434 220 209 
439 70 330 422 443 51 69 107 226 153 474 186 289 284 307 195 212 362 269 480 0 162 417 128 336 55 59 388 406 444 315 114 138 91 394 60 484 151 286 297 
327 390 477 219 385 260 232 79 179 94 299 158 206 422 443 493 183 452 136 88 151 0 401 359 240 198 459 457 181 109 242 185 142 338 161 311 222 372 249 459 
257 293 257 365 206 385 63 405 67 465 491 312 323 148 377 269 296 335 225 184 150 173 0 319 242 462 430 259 183 57 458 141 264 458 104 335 370 195 104 274 
419 276 471 230 98 325 106 317 121 147 248 462 247 371 487 195 88 172 160 429 180 325 276 0 150 282 331 192 151 232 246 131 151 472 101 87 69 377 351 92 
204 448 497 372 402 368 358 96 162 480 207 90 366 482 317 467 470 354 158 327 85 110 408 186 0 82 215 431 308 298 281 351 452 435 347 79 336 421 387 139 
83 123 52 330 439 240 146 161 209 450 476 242 486 86 356 378 118 70 308 132 319 295 189 477 437 0 243 56 272 370 149 117 159 222 119 440 161 309 85 479 
224 242 455 416 227 491 271 311 315 499 326 397 317 327 86 500 263 486 262 242 355 362 309 465 290 379 0 404 401 394 195 380 118 387 90 484 320 80 462 338 
345 460 163 448 483 196 240 482 410 225 244 151 287 312 410 251 101 495 361 209 389 262 295 457 149 335 196 0 175 365 157 463 416 116 332 363 98 479 310 287 
144 485 237 245 271 499 154 228 306 149 88 465 488 57 259 200 156 300 346 488 371 454 207 286 276 245 356 81 0 223 372 74 317 356 261 268 334 466 373 268 
271 228 63 236 422 70 201 121 383 208 173 370 78 333 76 315 109 272 377 347 201 248 371 225 310 338 443 350 303 0 71 118 73 456 338 466 377 358 374 204 
447 81 328 316 109 160 99 130 426 77 213 272 435 167 349 159 428 186 309 484 195 330 308 426 286 145 147 369 209 471 0 280 155 258 107 178 74 424 227 361 
350 461 281 328 395 398 384 54 81 276 313 65 422 349 323 347 341 175 444 417 90 171 196 196 135 253 80 366 383 464 227 0 232 424 214 267 318 111 150 78 
143 376 97 158 297 397 187 350 444 68 50 360 109 378 55 462 219 465 492 85 348 455 469 286 378 182 52 402 243 359 431 336 0 235 478 200 238 130 94 295 
74 112 51 140 378 379 353 339 97 73 330 132 127 491 307 364 368 439 122 270 389 432 407 431 373 384 338 317 221 382 111 245 200 0 112 91 78 197 150 367 
245 174 404 83 251 394 97 321 469 486 394 445 130 81 351 61 404 441 349 427 161 230 245 112 136 307 361 164 211 461 238 162 341 348 0 402 92 241 449 363 
416 191 463 116 271 494 173 282 153 114 337 80 432 273 275 251 360 288 111 474 205 278 418 317 119 265 219 368 213 374 437 128 64 400 402 0 493 149 74 481 
253 345 318 490 484 90 471 234 400 258 51 130 414 486 498 437 104 470 362 422 182 236 359 467 457 465 368 449 113 149 430 72 444 247 61 183 0 494 482 367 
150 447 124 230 116 110 434 52 371 403 365 500 84 307 358 51 263 78 125 419 141 224 348 164 375 301 382 57 294 120 131 150 273 205 330 95 472 0 264 97 
99 373 168 98 408 181 162 165 395 190 447 313 488 171 367 358 496 374 447 52 374 66 133 475 496 496 304 90 223 274 344 272 147 219 76 261 350 188 0 132 
451 84 78 470 72 199 336 136 401 209 82 160 290 305 243 264 300 445 67 340 168 499 184 146 352 353 173 319 409 67 401 360 102 185 329 331 91 165 417 0 

622.25 0 30
622.25 1 32
622.25 2 24
622.25 3 31
622.25 4 24
622.25 5 12
622.25 6 32
622.25 7 8
622.25 8 20
622.25 9 22
622.25 10 15
622.25 11 26
622.25 12 17
622.25 13 1
622.25 14 19
622.25 15 36
622.25 16 35
622.25 17 31
622.25 18 13
622.25 19 21
622.25 20 6
622.25 21 8
622.25 22 37
622.25 23 3
622.25 24 18
622.25 25 26
622.25 26 4
622.25 27 21
622.25 28 10
622.25 29 38
622.25 30 13
622.25 31 2
622.25 32 21
622.25 33 37
622.25 34 22
622.25 35 34
622.25 36 10
622.25 37 4
622.25 38 3
622.25 39 30

