40 40 3

0 367 304 199 462 123 250 210 58 167 181 315 248 426 422 338 70 161 346 180 95 98 117 74 362 71 303 203 223 317 93 131 183 104 280 351 384 237 267 392 
354 0 155 206 308 80 334 145 100 445 442 231 247 490 54 271 107 76 73 260 456 96 60 87 230 114 73 287 448 260 261 96 321 366 252 128 396 293 431 447 
237 128 0 384 434 324 144 412 381 170 191 347 126 238 357 370 174 177 393 411 332 360 171 378 387 243 336 221 139 128 151 292 72 229 382 212 259 476 123 139 
146 265 193 0 429 209 500 298 333 384 190 450 422 256 328 55 142 70 341 314 159 176 171 157 405 107 489 116 316 221 397 162 317 368 305 245 76 304 493 359 
394 389 308 315 0 352 342 320 444 363 368 464 228 250 135 92 154 192 80 220 214 251 323 326 274 190 130 225 216 141 424 281 241 69 296 56 371 137 82 314 
450 400 485 385 356 0 326 427 460 224 213 387 388 171 209 421 395 350 50 327 272 348 250 53 89 269 299 302 139 386 334 160 92 441 351 427 296 176 353 256 
106 65 142 444 393 57 0 120 288 357 121 114 129 419 70 339 214 497 137 466 135 229 300 452 271 447 302 404 242 184 463 204 240 235 52 391 127 60 461 365 
123 288 185 202 414 413 491 0 127 409 334 300 250 63 99 409 491 252 210 395 444 101 357 355 498 91 357 144 169 367 312 240 441 99 132 349 219 495 96 53 
159 136 303 359 149 108 267 140 0 310 184 241 460 442 97 314 439 346 171 83 465 244 345 204 391 150 493 447 76 487 249 79 352 335 88 211 435 353 184 281 
162 318 472 328 259 275 142 405 120 0 470 194 291 213 245 202 311 345 194 257 127 388 456 363 239 290 401 156 431 253 291 418 121 315 145 400 281 127 492 185 
197 461 329 195 380 73 347 190 124 247 0 153 202 134 108 64 324 105 172 430 242 375 427 367 203 242 218 102 473 295 300 364 199 467 192 344 346 422 397 243 
252 143 346 404 228 161 175 258 423 297 394 0 164 378 321 237 80 269 406 339 241 200 345 311 105 311 453 155 157 130 51 106 332 145 402 443 79 62 324 287 
435 120 180 306 204 207 493 442 426 154 487 373 0 61 332 390 116 142 342 222 456 178 223 61 461 74 414 159 103 182 433 96 324 259 434 336 413 140 84 110 
273 189 97 352 200 379 242 473 227 290 401 183 175 0 331 401 342 355 70 451 165 203 383 211 233 141 144 68 260 442 102 77 421 448 124 272 354 209 220 327 
142 217 434 482 342 264 383 183 326 403 133 197 312 222 0 358 495 69 209 269 486 150 322 62 277 269 343 255 123 258 426 156 351 349 89 332 190 60 421 323 
92 324 162 239 342 90 96 337 109 462 312 94 111 340 314 0 338 109 156 93 389 121 225 251 178 73 497 216 420 56 137 449 305 167 110 494 459 150 297 51 
416 258 314 216 76 153 480 120 419 343 163 63 170 94 471 298 0 324 468 464 243 230 307 191 486 424 458 479 139 314 275 347 229 240 160 152 266 471 338 336 
145 387 206 159 56 250 336 60 74 303 231 474 240 488 165 225 168 0 329 410 464 143 392 310 78 131 177 180 347 147 469 182 242 355 338 107 118 295 150 128 
75 403 309 499 142 53 370 73 378 199 434 341 292 325 150 320 406 277 0 207 459 130 382 140 79 236 185 343 60 430 443 139 455 346 154 453 194 364 323 425 
241 472 358 288 470 389 389 496 50 372 202 459 209 83 98 238 477 233 80 0 487 369 474 332 323 75 193 276 426 56 305 350 455 483 414 242 208 302 337 203 
302 416 356 260 124 389 65 68 121 455 98 315 324 278 146 146 59 496 128 436 0 259 139 492 213 121 406 161 279 207 449 433 216 120 495 426 194 139 197 212 
211 152 467 232 426 452 328 71 461 80 357 152 289 446 144 452 67 256 112 52 413 0 267 191 335 337 392 468 237 482 164 155 399 266 329 130 398 280 164 176 
447 194 483 306 433 428 156 140 201 362 410 411 481 383 101 316 427 200 283 163 181 153 0 269 286 126 97 366 474 83 236 149 480 381 131 285 69 266 391 367 
417 459 483 83 440 365 135 255 291 492 244 161 172 347 380 164 179 183 480 153 216 422 459 0 402 302 297 394 78 62 491 151 185 450 133 219 145 204 60 106 
446 51 300 106 380 353 192 494 483 81 229 135 454 150 300 111 159 96 455 187 108 202 288 244 0 358 127 169 453 281 179 58 433 180 64 489 266 367 387 259 
105 418 438 190 127 87 441 189 196 243 350 89 302 258 83 252 115 160 371 274 392 256 489 324 142 0 52 69 358 126 162 116 181 287 260 78 364 53 225 259 
200 418 109 446 426 317 480 177 139 346 254 363 237 216 108 268 308 110 494 165 393 155 438 74 148 404 0 309 463 408 484 221 107 157 487 259 83 60 238 417 
149 291 378 462 234 93 69 452 352 337 201 223 229 307 368 460 161 271 268 123 178 458 51 442 115 244 201 0 355 254 145 271 353 386 148 71 120 192 297 278 
250 133 430 179 69 443 497 235 103 268 210 384 396 374 141 94 439 335 245 500 89 96 271 392 433 125 169 259 0 474 417 487 223 256 172 353 482 114 349 217 
375 323 133 258 219 457 349 470 152 183 214 151 429 260 372 77 399 204 196 157 177 112 351 351 75 473 410 56 294 0 465 430 168 288 269 132 213 226 187 182 
84 320 346 185 456 312 264 483 211 418 178 74 94 448 375 151 229 104 60 235 348 476 372 222 470 140 304 182 72 441 0 314 106 467 366 449 422 384 212 160 
94 336 496 326 136 199 407 445 378 461 455 319 64 186 190 236 155 488 490 494 59 186 307 323 153 379 271 281 263 189 148 0 63 475 143 339 317 292 453 261 
376 413 423 194 184 108 91 370 421 78 116 170 294 459 184 116 111 62 93 99 482 232 197 496 413 290 90 230 288 493 197 163 0 406 119 307 296 385 104 165 
61 132 438 181 377 397 315 199 214 328 243 263 309 425 166 60 94 162 101 274 400 93 177 269 205 247 283 451 131 337 323 142 420 0 260 480 52 363 295 201 
77 329 150 290 344 282 163 355 326 275 162 306 382 412 433 150 117 179 383 274 467 427 303 315 102 63 295 104 376 89 462 159 124 112 0 156 418 100 269 479 
376 494 140 388 375 259 320 232 326 206 321 306 379 247 109 194 299 329 439 109 411 234 71 70 64 340 176 188 390 395 167 472 144 464 115 0 226 222 385 408 
254 297 228 60 383 182 326 76 431 154 221 247 64 161 475 84 175 314 417 313 410 67 186 137 162 357 202 338 78 293 452 490 297 386 256 179 0 67 81 412 
205 185 132 402 406 450 376 197 331 396 113 350 61 338 487 148 450 343 56 494 127 299 445 116 95 330 78 431 104 109 342 259 451 180 160 113 336 0 242 260 
166 137 79 467 148 367 453 246 72 51 459 272 335 257 216 402 59 253 186 196 63 246 489 272 403 375 382 466 211 123 432 327 417 462 500 64 84 208 0 467 
314 209 425 85 495 388 459 152 397 418 288 93 431 240 288 202 143 162 290 315 79 119 247 113 486 415 112 256 205 478 222 469 393 353 54 143 240 219 245 0 

982.8 0 35
982.8 1 36
982.8 2 26
982.8 3 17
982.8 4 5
982.8 5 37
982.8 6 10
982.8 7 10
982.8 8 9
982.8 9 27
982.8 10 22
982.8 11 8
982.8 12 9
982.8 13 25
982.8 14 15
982.8 15 16
982.8 16 29
982.8 17 32
982.8 18 31
982.8 19 36
982.8 20 6
982.8 21 25
982.8 22 29
982.8 23 7
982.8 24 19
982.8 25 18
982.8 26 30
982.8 27 20
982.8 28 9
982.8 29 28
982.8 30 12
982.8 31 5
982.8 32 14
982.8 33 27
982.8 34 22
982.8 35 18
982.8 36 14
982.8 37 21
982.8 38 28
982.8 39 23

