40 40 3

0 245 470 50 379 161 274 462 237 81 89 140 462 294 335 349 52 477 390 84 105 283 212 497 224 110 444 202 357 392 73 309 343 249 65 221 116 289 183 59 
76 0 429 357 244 222 191 300 431 374 189 466 186 423 384 182 146 444 332 54 57 224 284 316 273 239 87 445 306 326 127 315 352 55 171 96 435 68 346 365 
149 485 0 86 285 163 420 173 466 120 456 470 127 386 460 149 158 199 186 102 455 218 386 476 69 392 354 322 82 128 374 153 227 115 397 462 228 316 135 194 
142 297 370 0 426 182 86 281 290 235 173 99 396 341 435 127 117 82 431 145 321 59 470 181 443 84 77 405 262 99 246 162 399 249 239 324 381 275 312 377 
460 435 182 111 0 483 117 188 99 356 326 194 177 91 370 64 484 404 91 144 373 347 96 241 245 295 430 69 382 204 331 259 370 472 391 431 454 214 326 259 
277 358 160 160 155 0 480 174 345 140 215 196 463 61 242 203 257 244 133 483 125 494 69 334 364 491 432 50 201 352 326 410 128 390 69 238 495 256 362 340 
346 283 486 64 51 434 0 424 465 177 56 447 253 257 466 293 120 212 431 120 363 490 153 480 324 249 255 62 244 217 130 290 62 120 482 283 121 171 207 85 
299 420 238 258 176 410 50 0 246 121 188 73 191 177 176 377 451 375 131 219 325 299 56 321 67 333 302 301 404 424 458 195 429 377 383 186 53 292 393 456 
119 287 479 467 414 361 343 121 0 236 425 497 267 430 52 88 447 335 96 247 445 226 411 346 154 495 228 497 498 226 146 453 52 383 188 469 53 499 312 124 
234 443 120 208 372 330 246 74 371 0 499 272 72 225 389 368 85 383 303 289 136 479 385 89 237 474 434 206 477 432 224 307 373 166 134 80 244 170 483 268 
491 481 246 62 412 135 381 204 224 183 0 199 311 368 83 106 105 263 490 468 447 421 398 253 293 270 337 79 464 213 61 438 204 249 184 423 367 476 303 70 
406 192 219 216 267 459 479 78 429 468 252 0 375 145 149 334 144 369 378 381 88 90 392 232 244 347 366 167 421 97 176 441 454 319 367 376 292 81 355 320 
216 78 71 90 380 170 375 231 245 252 111 490 0 292 209 221 243 56 294 360 427 341 242 123 50 267 196 133 58 435 194 328 150 429 349 398 309 225 272 246 
176 230 307 165 228 466 337 421 228 337 487 361 384 0 229 191 385 446 337 224 455 478 368 489 128 296 338 232 311 269 454 56 396 390 69 267 117 242 310 489 
420 146 231 281 481 410 178 365 112 465 295 66 199 162 0 261 277 164 98 215 182 74 168 395 176 264 415 393 331 156 203 75 282 299 257 62 279 373 397 350 
435 362 144 207 60 463 419 494 334 223 208 466 247 82 360 0 373 52 481 473 333 343 175 115 125 180 78 344 410 401 241 466 92 102 317 249 319 486 374 68 
319 97 433 491 50 221 107 130 223 87 102 262 137 434 83 212 0 113 111 55 229 219 246 402 261 54 218 216 79 410 90 304 229 344 236 426 344 163 483 180 
92 277 232 305 120 372 338 282 192 156 287 371 325 240 479 85 244 0 403 458 274 313 498 284 248 97 227 173 392 340 363 71 383 346 461 394 416 88 231 404 
230 337 190 308 161 380 286 403 331 189 361 311 208 114 94 406 162 271 0 285 260 111 354 488 200 406 204 93 321 243 274 224 179 318 121 437 185 207 430 295 
488 325 362 298 483 426 343 144 294 113 379 260 381 440 248 80 345 402 123 0 373 351 104 303 481 128 374 173 263 81 309 57 68 133 125 73 115 51 366 416 
51 185 295 262 66 441 216 303 285 324 377 157 175 187 411 362 265 491 241 234 0 71 50 449 297 133 73 76 406 281 392 321 283 283 322 251 55 262 417 309 
254 240 392 361 121 78 478 433 500 469 174 233 490 174 181 493 464 205 68 125 436 0 166 397 425 400 425 175 405 394 298 420 147 489 311 214 109 339 192 249 
338 160 129 278 356 253 409 105 423 113 123 499 256 447 151 180 102 282 62 213 175 310 0 133 479 54 394 193 114 440 335 69 484 445 148 261 56 107 170 111 
480 440 392 234 195 338 91 82 146 324 94 309 449 110 392 428 115 493 120 386 432 161 405 0 415 312 52 383 318 316 52 136 295 198 478 236 100 71 277 132 
167 100 383 182 256 443 74 390 264 273 216 149 204 327 260 325 138 469 207 162 284 416 248 79 0 321 432 472 371 209 248 209 82 299 91 215 261 240 446 150 
455 218 316 310 128 349 70 159 437 489 317 305 273 439 260 58 466 191 236 336 107 434 495 139 439 0 292 60 199 483 456 55 193 173 321 209 458 169 229 117 
312 425 140 117 404 285 327 168 251 224 354 86 281 494 81 127 433 323 137 338 61 93 344 411 423 371 0 120 381 491 299 204 58 430 294 332 89 78 365 207 
279 89 267 316 76 261 103 153 400 132 448 237 351 247 80 261 169 402 331 256 148 130 410 156 266 203 439 0 306 439 303 219 217 98 193 483 332 404 292 191 
59 131 138 246 432 335 484 192 211 141 474 417 239 310 83 101 75 443 246 87 381 256 464 98 60 156 287 342 0 266 79 484 275 367 121 227 298 163 210 440 
324 301 169 240 246 429 480 54 211 423 250 455 303 456 418 107 467 280 345 64 252 130 498 233 447 326 411 244 439 0 327 390 262 335 59 208 80 194 188 84 
355 317 492 66 326 203 190 384 376 421 228 391 379 64 388 112 217 420 229 167 358 55 56 326 96 272 485 334 417 379 0 124 478 195 115 494 471 269 184 354 
351 311 288 241 189 58 336 458 225 255 186 342 320 399 349 145 201 327 129 485 243 214 109 428 359 174 177 86 149 311 146 0 451 328 141 398 224 149 233 181 
325 195 74 166 465 423 465 316 330 499 152 315 448 316 374 375 382 254 52 418 110 69 270 267 348 361 164 71 461 104 202 285 0 456 433 401 420 111 122 442 
392 120 93 206 67 360 286 149 448 490 151 121 306 170 341 72 224 202 394 245 369 448 154 153 403 86 260 78 148 88 470 490 365 0 270 195 139 129 187 238 
283 176 95 354 433 215 194 211 390 102 104 341 177 258 445 280 367 482 247 395 336 285 121 325 357 341 226 446 176 363 390 409 245 435 0 469 384 149 162 95 
245 422 356 86 98 114 237 85 431 425 489 82 260 480 153 291 336 200 223 281 82 292 377 197 488 311 165 127 167 484 379 362 161 235 154 0 210 299 98 452 
436 473 440 468 233 419 327 230 462 233 404 242 265 195 119 168 389 136 283 467 253 474 345 322 134 286 426 50 291 474 452 227 203 147 401 142 0 66 435 322 
478 167 225 426 139 127 251 464 466 338 247 188 297 427 240 118 60 232 495 268 474 224 219 407 133 317 63 225 89 448 498 273 322 429 198 411 55 0 156 374 
228 200 327 122 447 460 312 65 227 251 266 445 224 196 370 337 280 393 350 455 432 298 208 204 119 137 109 236 349 422 316 76 121 350 356 67 309 374 0 289 
486 124 54 430 298 201 300 341 187 399 191 141 331 439 56 241 264 143 300 206 198 221 472 432 499 321 287 66 337 160 61 322 235 66 459 239 424 465 80 0 

821.04 0 9
821.04 1 5
821.04 2 5
821.04 3 29
821.04 4 17
821.04 5 19
821.04 6 25
821.04 7 25
821.04 8 34
821.04 9 18
821.04 10 12
821.04 11 29
821.04 12 2
821.04 13 16
821.04 14 23
821.04 15 35
821.04 16 37
821.04 17 33
821.04 18 26
821.04 19 6
821.04 20 17
821.04 21 38
821.04 22 19
821.04 23 24
821.04 24 18
821.04 25 37
821.04 26 27
821.04 27 24
821.04 28 35
821.04 29 33
821.04 30 18
821.04 31 5
821.04 32 0
821.04 33 12
821.04 34 23
821.04 35 6
821.04 36 20
821.04 37 10
821.04 38 31
821.04 39 15

