40 40 4

0 201 414 58 223 364 391 446 464 65 441 448 276 480 361 500 380 395 51 237 84 286 77 306 469 453 450 298 159 333 350 437 240 470 445 170 90 91 115 260 
106 0 262 208 89 241 275 88 120 169 296 63 410 288 91 215 256 250 165 261 115 204 317 51 151 494 203 271 83 244 92 500 57 60 207 96 252 432 134 78 
307 136 0 299 217 374 96 138 336 52 460 96 117 164 364 119 472 357 272 449 146 222 491 145 229 257 303 275 459 234 115 244 248 201 249 171 281 51 259 117 
53 219 163 0 327 89 477 396 267 333 374 215 185 96 412 281 482 168 83 464 334 474 78 284 221 437 483 98 217 484 308 284 243 233 154 69 272 130 172 245 
170 252 410 305 0 54 77 85 487 195 325 450 235 55 234 469 433 170 207 482 94 397 496 84 139 228 188 159 206 476 488 401 145 239 66 156 244 93 399 437 
238 223 386 424 435 0 326 148 368 203 306 349 247 202 344 488 292 278 176 157 434 151 144 90 453 89 106 108 490 149 213 426 93 143 67 467 77 344 322 395 
497 127 450 450 279 293 0 437 277 70 319 140 210 420 441 250 128 481 306 394 470 161 106 152 205 199 169 378 434 219 199 328 422 483 278 371 262 277 64 245 
54 333 92 214 460 483 171 0 294 219 183 187 396 295 244 498 450 149 373 83 289 92 233 117 464 215 101 91 183 84 312 135 88 351 177 253 66 366 130 311 
85 263 448 431 57 398 184 213 0 254 56 454 493 305 186 316 269 107 367 66 448 158 328 289 196 385 416 155 402 281 235 212 72 449 159 209 212 264 343 132 
468 106 85 460 361 428 276 336 241 0 349 108 188 457 142 427 360 478 98 465 379 330 407 90 108 111 406 268 273 169 110 111 136 373 353 303 234 280 285 276 
472 133 335 366 297 427 293 363 404 341 0 327 282 377 440 78 436 50 435 410 481 103 226 91 190 99 395 443 490 381 227 265 352 66 306 218 69 440 217 382 
99 264 416 88 141 355 116 283 356 50 399 0 92 311 124 133 451 173 234 149 162 322 82 134 173 305 146 97 81 85 471 169 135 235 84 173 82 146 239 71 
208 447 420 250 257 494 89 414 167 481 269 486 0 302 57 326 181 68 423 229 99 458 406 219 299 140 460 422 172 105 368 193 470 70 112 219 484 106 466 397 
430 446 372 171 247 379 448 134 153 126 69 410 83 0 426 128 89 65 294 217 188 106 291 87 75 311 150 452 294 413 417 397 98 362 268 219 315 353 373 399 
213 449 419 122 239 344 200 278 359 200 445 253 256 236 0 291 489 253 147 440 498 266 356 150 314 424 369 483 445 428 112 343 140 60 468 212 456 67 118 233 
133 476 385 336 231 327 333 426 286 430 365 490 195 427 140 0 215 106 215 405 50 142 467 100 440 233 67 358 189 85 427 128 168 402 463 210 339 496 494 265 
282 179 336 478 81 263 117 246 319 282 150 320 131 323 126 70 0 56 143 378 195 385 60 273 259 168 443 420 458 194 169 429 182 298 264 160 85 477 227 489 
52 460 345 78 297 168 154 317 174 454 194 75 339 412 298 304 79 0 447 223 487 141 342 171 273 347 386 139 382 118 317 370 120 483 422 355 279 89 215 302 
420 169 202 445 214 113 449 468 143 152 398 336 243 239 458 222 292 99 0 68 381 167 335 457 445 73 378 299 58 417 221 310 92 340 462 487 260 282 192 434 
375 294 331 417 243 277 130 415 68 179 433 399 297 474 356 448 253 233 246 0 261 357 173 277 399 463 239 142 429 227 284 363 308 77 400 224 270 176 61 391 
195 190 80 300 193 260 362 140 464 95 93 224 158 216 208 263 386 153 355 314 0 330 345 383 137 128 283 311 348 409 322 446 310 219 476 110 362 442 422 453 
405 223 252 336 87 418 494 301 303 146 362 324 426 207 206 62 285 195 79 340 311 0 108 285 120 484 467 387 345 164 65 53 69 445 255 355 239 380 104 490 
389 407 107 212 332 264 125 100 256 477 336 95 287 150 86 114 133 259 451 185 373 222 0 188 148 167 150 209 356 480 470 101 368 376 365 287 414 129 118 220 
91 94 56 343 332 363 135 396 447 344 102 131 423 275 476 278 148 125 437 210 311 407 261 0 179 282 125 172 196 411 240 366 208 491 128 50 78 442 135 180 
144 185 233 225 315 214 200 92 68 483 479 228 293 141 195 178 130 270 300 483 388 246 104 95 0 237 183 303 472 331 388 152 425 280 91 356 94 462 262 136 
480 244 321 207 488 413 352 165 249 328 172 231 422 124 285 224 311 174 477 490 455 120 348 135 350 0 389 197 150 106 410 236 85 153 264 449 347 383 300 219 
131 334 97 312 256 171 303 430 189 184 162 178 345 439 476 431 289 120 127 145 176 243 332 418 103 95 0 366 156 184 165 325 265 205 128 283 411 250 292 96 
389 426 208 273 271 147 248 408 142 74 485 237 200 435 275 117 488 76 189 143 210 60 175 181 215 253 170 0 126 453 413 379 97 338 294 320 315 147 274 222 
446 298 414 182 204 348 164 478 335 397 166 184 107 176 309 445 342 62 115 174 221 478 259 269 71 52 295 337 0 149 69 58 301 317 422 434 472 476 304 449 
310 200 322 445 464 448 460 409 496 228 230 376 400 207 342 375 435 100 169 478 200 188 243 207 212 371 140 183 347 0 150 338 363 301 366 307 471 70 474 379 
272 201 108 148 307 472 196 181 163 246 57 140 152 402 333 310 113 204 156 453 50 257 498 363 264 363 377 234 383 106 0 320 155 464 134 460 271 313 155 158 
426 351 165 272 210 67 312 470 337 466 125 290 222 88 494 291 302 356 374 243 446 430 269 100 394 109 266 371 372 371 479 0 53 428 351 483 137 124 294 313 
411 466 389 407 187 183 400 184 436 463 58 385 408 194 153 458 294 212 430 164 291 300 350 50 434 200 483 278 274 483 90 391 0 448 185 54 341 319 160 476 
461 122 484 345 480 384 204 193 178 122 329 292 119 128 348 120 269 498 309 497 478 292 293 369 446 429 129 287 454 239 262 414 68 0 452 465 254 335 168 154 
219 447 433 218 66 61 65 343 487 63 358 483 491 149 482 115 302 166 401 88 119 140 300 239 365 458 203 118 292 77 222 462 475 155 0 386 247 373 401 89 
359 170 397 97 368 253 78 189 54 195 90 299 471 387 98 210 251 262 119 319 53 354 492 221 328 353 106 281 225 214 76 290 334 179 337 0 201 138 121 341 
349 473 381 147 200 474 402 116 224 163 185 249 374 489 240 301 72 299 114 59 474 278 85 470 111 215 62 470 59 134 66 359 313 397 456 463 0 126 114 78 
300 227 421 499 307 409 446 108 188 451 172 197 181 156 233 150 424 154 163 393 163 247 409 228 266 61 391 229 137 455 464 143 388 384 349 195 500 0 50 460 
187 451 131 90 131 237 273 232 160 133 101 260 247 54 375 181 270 387 71 205 230 476 376 80 364 259 379 265 465 135 431 151 292 61 192 374 455 171 0 312 
321 255 363 287 208 123 162 95 343 255 117 499 435 92 374 221 162 339 99 133 304 391 63 161 183 281 59 263 235 388 281 263 349 350 500 263 423 368 308 0 

803.55 0 11
803.55 1 38
803.55 2 27
803.55 3 10
803.55 4 9
803.55 5 12
803.55 6 21
803.55 7 33
803.55 8 13
803.55 9 16
803.55 10 22
803.55 11 28
803.55 12 17
803.55 13 30
803.55 14 21
803.55 15 0
803.55 16 17
803.55 17 12
803.55 18 5
803.55 19 8
803.55 20 33
803.55 21 28
803.55 22 7
803.55 23 2
803.55 24 30
803.55 25 36
803.55 26 21
803.55 27 9
803.55 28 9
803.55 29 18
803.55 30 14
803.55 31 10
803.55 32 18
803.55 33 31
803.55 34 20
803.55 35 16
803.55 36 4
803.55 37 31
803.55 38 39
803.55 39 6

