40 40 4

0 218 58 164 499 107 65 108 472 359 299 257 169 229 303 115 381 120 367 90 494 346 153 458 319 271 147 450 156 83 361 469 252 369 132 457 427 355 272 154 
213 0 70 361 88 249 371 360 129 197 226 376 190 72 479 354 341 457 451 498 319 240 358 288 198 226 126 155 152 431 377 257 351 397 324 145 353 194 456 432 
341 181 0 308 237 203 493 297 251 205 454 248 475 194 312 262 342 488 338 203 347 476 286 310 82 183 133 177 242 485 132 173 81 264 187 476 173 387 272 374 
91 226 328 0 272 126 139 484 174 127 78 328 180 53 113 440 292 453 279 419 194 470 51 74 51 472 418 233 144 304 455 225 346 387 52 324 463 349 308 137 
426 92 171 312 0 302 441 458 93 150 443 462 50 413 219 74 170 397 443 353 248 453 63 423 54 157 181 329 119 480 343 413 161 385 290 423 186 438 136 229 
87 79 397 87 198 0 116 319 318 463 468 377 417 176 146 339 181 253 227 460 323 206 302 442 74 186 439 203 78 376 290 257 413 75 153 206 223 426 231 247 
145 405 330 61 81 426 0 107 212 179 284 378 208 196 179 149 220 71 87 130 99 169 370 306 288 151 165 201 324 298 382 277 393 494 106 160 74 482 217 443 
160 207 320 318 354 449 174 0 280 226 418 360 275 87 436 287 81 86 402 232 360 199 114 343 298 314 399 409 338 381 332 487 247 490 306 272 343 461 152 329 
186 69 189 411 313 124 197 101 0 161 305 283 227 211 103 70 459 367 175 123 411 262 406 397 460 395 202 438 444 369 89 272 54 315 411 171 335 486 74 386 
353 86 168 79 247 222 306 205 295 0 432 486 206 193 391 102 359 285 255 296 228 330 91 206 335 113 117 212 398 309 237 283 161 273 157 397 226 85 410 137 
331 341 122 487 240 463 88 306 454 500 0 308 388 86 350 94 371 413 161 289 66 176 232 55 494 211 162 146 387 405 55 475 235 102 96 428 500 266 222 305 
219 429 112 107 465 168 151 91 287 469 330 0 303 351 62 308 344 223 177 196 317 288 409 291 473 461 93 156 216 309 328 471 235 463 290 292 427 408 149 468 
402 324 54 204 174 273 219 224 446 346 126 262 0 133 485 259 312 202 59 174 368 74 208 339 259 171 335 257 97 449 112 272 350 386 483 54 266 255 223 196 
200 275 273 169 114 464 134 132 165 143 256 484 168 0 170 78 133 291 363 341 95 67 159 317 368 252 299 372 468 260 301 371 166 282 350 285 102 313 126 391 
185 426 353 168 300 473 403 384 264 472 431 309 489 89 0 332 356 291 337 434 466 96 441 336 212 222 392 204 481 204 280 371 339 412 223 213 212 196 115 95 
166 86 232 425 282 271 463 137 269 299 71 441 101 462 276 0 470 391 374 173 371 284 159 449 330 278 378 493 440 73 315 485 396 107 216 320 339 193 489 427 
168 494 204 108 94 372 90 271 262 414 150 340 198 467 495 478 0 244 372 226 183 152 491 374 498 98 296 318 143 439 62 69 314 56 430 372 307 302 413 77 
270 82 385 316 437 351 310 414 94 182 140 227 284 337 307 281 141 0 102 305 235 247 318 461 60 80 391 139 93 399 258 121 375 290 212 191 227 62 207 347 
106 95 437 490 329 481 52 317 121 104 328 306 301 352 474 68 382 120 0 157 182 469 365 253 99 361 415 240 87 183 154 385 446 199 77 191 235 57 193 51 
336 247 85 348 254 388 321 479 476 147 135 157 115 206 116 372 67 237 111 0 311 370 215 195 71 121 430 212 306 193 355 63 479 308 98 83 62 192 110 247 
168 208 333 482 480 245 305 351 469 492 169 280 118 90 181 139 161 317 302 417 0 461 363 430 195 171 479 228 390 170 289 136 495 203 175 477 182 127 488 484 
95 479 152 325 303 192 213 149 304 480 157 220 196 470 357 342 347 91 276 236 211 0 271 79 413 424 204 145 106 488 132 89 83 317 398 114 120 89 277 219 
99 464 326 477 159 51 333 451 349 374 434 291 291 204 320 203 128 231 298 184 218 380 0 430 251 197 327 72 474 122 55 399 172 469 431 148 335 432 431 285 
487 60 425 278 301 129 97 455 207 278 252 97 203 339 233 160 242 59 182 215 131 395 113 0 253 363 250 107 197 388 488 189 375 498 113 152 55 399 406 460 
312 391 418 359 93 256 91 410 448 307 92 369 145 437 188 104 55 388 162 410 276 356 305 357 0 110 124 459 115 474 364 74 285 461 442 351 53 405 148 414 
108 406 212 428 257 355 115 311 116 210 179 476 192 486 487 499 302 111 457 367 291 76 147 75 244 0 295 132 454 199 231 123 258 343 285 392 99 346 213 116 
413 373 453 144 64 438 131 269 446 192 432 312 189 459 409 214 409 410 53 362 109 234 436 73 283 427 0 171 88 273 334 154 392 414 106 486 184 250 323 404 
195 221 335 213 360 500 328 281 408 238 284 270 53 224 205 283 457 338 404 495 110 444 355 452 357 168 194 0 492 368 467 151 270 188 436 433 254 436 468 485 
99 205 268 75 415 442 437 197 154 275 307 148 335 250 454 494 107 328 394 305 195 360 406 171 254 97 311 459 0 239 278 199 289 189 418 314 103 115 458 457 
220 232 263 318 273 463 478 266 276 61 366 287 414 226 192 84 186 447 345 351 185 329 50 180 468 418 201 277 239 0 158 233 409 340 446 434 112 165 167 85 
147 179 157 385 92 333 283 333 226 229 385 76 121 213 283 251 388 407 402 164 146 59 348 261 349 500 194 168 371 68 0 410 469 197 66 353 446 106 342 485 
489 71 369 271 142 289 54 99 176 411 452 497 263 461 100 475 66 100 168 391 421 393 56 145 296 72 204 241 335 497 226 0 323 274 301 301 122 89 305 171 
215 422 122 212 185 290 469 159 306 68 484 196 196 377 202 498 172 431 202 120 473 198 52 51 422 59 302 250 99 106 371 471 0 235 444 389 370 233 358 235 
245 132 218 147 278 301 299 276 180 436 184 457 408 332 215 410 460 224 211 209 273 475 79 244 209 229 132 285 168 440 470 119 72 0 394 216 56 195 221 489 
325 157 172 488 271 210 202 180 169 376 98 328 356 279 114 99 194 293 388 429 168 328 398 237 106 291 404 319 192 124 64 223 438 186 0 210 209 103 362 95 
222 445 350 257 300 128 321 349 479 320 443 407 438 477 60 382 82 58 285 108 200 115 122 130 260 465 290 419 67 359 220 240 303 70 447 0 309 355 474 364 
334 293 306 447 438 283 214 319 71 222 310 129 128 131 201 208 341 166 449 259 183 63 186 129 72 206 75 331 267 499 194 307 499 450 254 436 0 232 418 461 
254 346 270 333 424 351 241 132 192 357 287 157 246 300 293 326 78 205 107 359 423 313 52 229 311 452 189 453 391 313 413 351 158 182 183 82 483 0 130 371 
381 193 157 489 390 163 488 422 191 193 479 256 322 291 258 257 308 416 153 260 306 416 172 156 74 60 497 313 494 126 183 130 477 497 325 122 366 313 0 494 
263 212 228 469 484 470 226 447 484 141 99 244 154 466 122 260 246 133 463 58 333 296 398 413 272 394 238 344 259 257 93 472 419 271 440 158 447 372 104 0 

993.2 0 6
993.2 1 38
993.2 2 32
993.2 3 32
993.2 4 15
993.2 5 4
993.2 6 16
993.2 7 32
993.2 8 25
993.2 9 17
993.2 10 22
993.2 11 27
993.2 12 34
993.2 13 33
993.2 14 6
993.2 15 6
993.2 16 31
993.2 17 23
993.2 18 20
993.2 19 6
993.2 20 33
993.2 21 26
993.2 22 5
993.2 23 7
993.2 24 6
993.2 25 37
993.2 26 35
993.2 27 16
993.2 28 6
993.2 29 35
993.2 30 28
993.2 31 1
993.2 32 34
993.2 33 21
993.2 34 33
993.2 35 11
993.2 36 14
993.2 37 11
993.2 38 4
993.2 39 0

