40 40 4

0 310 372 405 60 165 273 327 357 386 110 346 466 352 132 310 278 146 429 463 326 361 122 221 327 381 387 149 458 411 292 262 221 163 373 438 278 145 264 342 
237 0 324 394 409 383 476 218 367 121 146 330 398 214 402 325 491 282 419 347 446 329 138 414 500 459 493 437 443 344 408 491 80 438 384 195 320 359 363 187 
431 216 0 467 84 136 124 115 126 112 484 423 57 69 268 421 68 433 169 212 375 463 326 122 493 263 456 187 83 315 256 427 452 422 393 242 57 467 307 341 
78 498 470 0 292 66 444 419 291 376 87 209 458 500 485 79 248 248 485 141 488 55 347 414 213 476 62 161 239 235 419 79 470 172 500 261 188 199 386 185 
75 423 345 483 0 178 329 268 376 283 459 467 270 465 69 390 384 251 158 496 441 343 170 470 68 499 225 486 186 375 371 77 156 293 372 138 421 408 112 52 
190 70 225 167 241 0 245 263 125 446 372 327 142 421 203 112 440 201 494 425 93 368 296 120 230 295 443 74 423 106 136 181 246 157 357 363 348 308 126 179 
460 204 212 102 124 121 0 164 63 272 364 439 71 439 441 142 168 442 291 193 364 347 279 496 299 142 108 162 197 366 445 82 325 148 245 377 429 316 247 443 
295 111 137 316 256 284 164 0 374 225 405 66 296 458 52 498 257 144 105 125 498 421 69 80 245 374 275 329 302 297 282 451 298 343 294 114 305 77 228 179 
253 340 402 255 297 404 252 260 0 255 307 335 252 227 110 489 178 434 263 213 443 267 446 393 271 495 394 335 300 421 270 429 380 316 86 134 319 197 336 79 
402 142 364 360 75 425 349 411 114 0 318 330 263 291 275 363 62 270 256 103 69 176 79 204 56 345 447 140 164 143 183 400 251 482 263 111 264 394 166 174 
215 190 454 428 432 436 290 200 205 496 0 460 431 379 490 341 385 90 287 231 411 381 364 310 131 102 280 399 316 380 271 196 94 412 356 473 99 291 469 249 
202 465 415 132 343 404 179 434 445 417 371 0 111 53 442 372 341 494 358 447 309 237 217 455 282 335 310 461 384 308 429 339 460 149 254 92 198 364 221 338 
308 344 209 126 103 150 448 395 143 305 341 158 0 248 264 319 236 99 335 196 189 142 332 479 102 187 232 144 92 302 71 380 110 122 295 186 175 395 340 276 
244 351 323 108 98 87 377 492 136 419 187 275 60 0 225 460 112 119 398 413 161 200 191 247 467 263 493 359 144 143 198 371 94 255 193 359 59 437 443 50 
72 361 395 54 371 119 464 190 395 118 102 55 268 243 0 460 234 212 452 92 63 301 447 140 101 201 490 411 210 427 353 211 205 420 105 416 290 381 136 186 
276 204 239 488 422 188 447 362 107 154 160 327 162 106 417 0 213 464 406 330 173 88 389 90 451 308 352 366 305 440 452 441 422 155 179 409 283 74 112 351 
338 216 461 164 84 273 80 248 236 192 284 116 438 173 363 388 0 431 422 253 235 361 412 176 282 273 61 397 263 292 459 113 129 382 281 243 416 53 480 370 
447 172 154 62 316 277 375 203 207 296 162 149 363 73 482 144 297 0 249 492 59 492 206 329 120 87 109 70 210 320 500 79 266 378 390 278 193 166 359 346 
80 362 215 386 224 238 367 75 241 322 273 457 313 429 493 140 223 308 0 160 383 127 366 168 99 244 58 327 143 381 393 196 411 254 361 52 184 305 369 209 
497 398 432 209 210 117 201 56 290 460 373 379 293 239 497 343 189 261 376 0 282 142 268 184 259 228 495 262 119 300 337 278 52 234 417 418 151 484 119 157 
480 285 237 358 77 182 110 126 77 322 453 309 414 427 444 172 362 194 384 431 0 200 428 415 202 161 87 120 262 277 396 126 256 387 313 320 414 201 381 491 
228 202 199 243 322 125 393 444 437 87 84 123 444 462 489 146 329 282 423 91 59 0 74 374 472 411 393 292 80 93 172 277 271 80 426 220 352 258 113 295 
194 357 85 475 300 253 219 396 82 451 74 330 460 305 203 432 215 302 430 246 345 101 0 473 322 131 155 248 189 363 311 190 263 167 226 237 418 429 162 69 
217 113 301 497 279 105 406 417 478 207 346 430 258 153 158 286 234 263 485 129 332 51 270 0 95 169 446 489 293 130 151 312 54 421 112 50 199 375 163 323 
352 76 168 488 285 272 145 277 212 115 261 292 397 263 61 198 138 213 187 381 500 495 192 53 0 415 462 54 320 92 374 349 150 400 468 137 391 446 439 168 
157 53 135 155 157 348 166 305 192 85 198 72 85 192 422 88 313 139 299 340 181 379 188 488 279 0 362 124 169 307 269 287 171 273 373 276 136 427 149 391 
119 184 89 348 426 438 269 221 458 358 470 297 245 349 191 232 334 53 62 453 66 282 447 187 261 319 0 414 347 452 62 444 277 403 239 125 329 177 100 500 
134 165 225 137 360 280 278 299 113 488 67 273 54 299 219 191 266 244 104 319 402 323 263 179 433 452 254 0 261 335 60 467 419 175 398 262 486 385 491 491 
448 234 57 427 238 63 145 136 279 95 397 305 448 220 274 333 152 432 86 119 267 96 292 392 429 189 154 414 0 73 351 404 228 84 167 154 480 180 457 115 
166 258 462 421 412 388 194 244 246 125 487 315 342 290 106 441 218 453 94 338 232 151 448 410 392 114 271 127 245 0 434 192 361 191 361 488 310 455 181 53 
201 463 491 466 61 487 279 452 204 231 252 492 413 353 439 79 451 259 300 78 454 440 427 70 337 287 57 146 242 395 0 150 393 358 347 114 369 333 343 76 
487 280 278 234 400 337 379 429 287 137 435 71 298 130 449 318 417 442 82 63 390 427 370 489 491 216 103 359 255 152 141 0 241 139 369 181 489 412 59 173 
406 353 314 427 150 394 375 175 310 317 414 79 206 96 399 402 87 114 455 152 319 313 244 266 402 319 153 146 231 369 476 136 0 429 289 62 78 182 144 410 
199 167 79 228 79 126 334 431 370 154 141 472 180 405 422 152 62 241 256 366 178 331 341 264 259 130 483 495 469 333 404 374 450 0 190 309 480 266 142 410 
135 246 51 313 132 162 442 235 381 182 441 246 66 478 87 487 237 167 469 231 342 302 341 216 458 481 475 437 453 323 103 294 275 311 0 314 358 179 255 92 
59 143 239 256 159 216 293 145 159 166 320 340 458 328 388 380 286 124 110 429 77 383 482 77 158 499 341 222 177 95 264 187 188 453 393 0 53 375 392 148 
485 57 419 80 221 453 418 101 238 493 161 374 276 251 111 303 115 110 351 287 444 152 257 130 291 209 229 294 290 120 149 274 334 274 61 55 0 226 429 106 
171 177 424 495 159 174 312 169 239 372 470 232 72 121 439 152 118 354 88 119 144 365 218 124 199 442 135 204 374 271 467 495 398 390 245 57 64 0 57 176 
460 135 352 192 157 423 337 467 248 191 54 317 492 125 485 115 274 182 201 184 55 178 150 257 75 491 452 289 261 215 415 220 301 266 118 408 396 406 0 374 
143 303 134 410 294 210 150 359 190 489 266 325 250 394 425 457 176 415 165 415 175 330 86 102 337 58 170 452 404 282 325 253 84 166 369 328 326 469 394 0 

977.6 0 31
977.6 1 7
977.6 2 34
977.6 3 13
977.6 4 27
977.6 5 14
977.6 6 2
977.6 7 15
977.6 8 13
977.6 9 32
977.6 10 31
977.6 11 10
977.6 12 13
977.6 13 29
977.6 14 21
977.6 15 5
977.6 16 20
977.6 17 7
977.6 18 30
977.6 19 12
977.6 20 21
977.6 21 15
977.6 22 20
977.6 23 17
977.6 24 9
977.6 25 22
977.6 26 24
977.6 27 37
977.6 28 12
977.6 29 37
977.6 30 25
977.6 31 4
977.6 32 5
977.6 33 20
977.6 34 18
977.6 35 32
977.6 36 34
977.6 37 9
977.6 38 9
977.6 39 36

