40 40 4

0 112 79 387 342 343 355 199 375 375 215 106 297 279 399 112 204 192 73 379 131 136 363 433 417 399 105 90 79 255 268 425 73 298 67 122 347 373 478 221 
247 0 399 277 250 177 175 68 331 317 91 417 155 384 279 87 56 177 349 303 206 310 70 338 334 318 355 162 164 227 139 335 424 244 111 380 371 444 398 409 
260 195 0 325 121 78 310 158 291 193 213 93 106 474 114 394 63 382 455 175 253 182 471 87 312 421 356 399 291 299 296 406 265 442 230 337 226 246 201 468 
146 365 60 0 202 94 331 302 107 420 256 439 172 144 165 416 163 85 271 61 82 69 307 439 492 455 375 84 181 328 235 355 424 306 365 332 106 403 133 370 
322 95 64 444 0 190 179 359 59 421 337 70 210 112 83 148 103 245 473 137 376 56 79 437 430 91 301 261 148 410 100 224 231 146 239 381 493 124 240 51 
496 283 278 205 345 0 67 59 399 262 238 242 344 245 271 280 174 69 288 142 374 197 192 97 379 495 286 259 487 361 205 244 112 438 472 474 283 490 483 388 
251 220 129 302 415 107 0 81 296 126 319 144 450 467 493 253 101 488 246 66 230 106 222 425 375 366 396 348 355 141 86 242 99 256 322 351 378 379 382 380 
211 408 230 367 130 222 326 0 181 209 71 197 390 334 125 70 208 198 416 262 52 264 298 245 313 261 273 163 138 358 251 224 68 365 404 141 445 125 417 332 
492 439 480 137 272 311 157 187 0 459 279 399 218 493 404 413 61 164 392 381 459 249 339 182 474 203 292 321 148 123 237 430 114 382 165 408 361 183 64 498 
348 50 152 65 249 262 184 261 376 0 75 141 90 481 430 222 454 340 220 274 438 294 218 123 114 99 446 473 166 335 243 163 182 243 473 405 443 234 88 410 
317 114 50 357 94 187 286 255 477 456 0 235 170 249 159 450 314 209 151 493 325 436 235 195 325 185 374 229 127 107 267 243 374 87 243 438 339 136 223 93 
319 178 485 439 378 144 145 398 59 453 390 0 90 389 331 235 420 466 108 148 299 373 121 492 453 366 442 390 204 284 112 454 103 448 438 248 81 288 343 429 
297 296 74 338 391 355 279 66 77 94 371 326 0 173 442 74 125 307 466 222 217 249 491 170 302 438 315 257 469 309 99 153 106 101 177 150 198 239 379 214 
266 179 84 298 302 477 322 134 490 494 306 414 243 0 52 290 251 441 104 458 165 364 264 269 176 71 152 276 220 97 361 384 69 491 419 318 499 151 346 132 
347 340 144 260 289 147 50 246 87 311 411 409 381 174 0 384 56 195 487 489 365 290 106 456 310 96 374 334 301 231 179 384 77 225 478 495 464 124 251 417 
368 268 327 484 149 451 367 362 352 109 107 424 350 163 135 0 159 416 215 199 216 396 328 306 179 260 284 380 430 114 130 346 189 349 172 379 204 329 245 272 
388 61 329 311 361 198 152 226 113 317 375 487 212 409 292 97 0 168 282 428 98 103 57 394 449 112 273 327 473 308 278 245 195 289 73 212 149 429 314 81 
492 130 406 478 499 71 477 96 189 258 474 444 67 237 94 466 56 0 317 292 479 124 277 430 477 65 210 188 372 138 453 403 129 289 65 314 288 293 290 90 
432 254 63 132 272 457 176 237 219 199 236 405 480 463 334 456 234 494 0 351 105 131 303 215 418 298 230 438 292 473 434 332 160 394 101 449 165 58 331 109 
434 480 51 338 216 220 172 171 404 372 472 216 210 481 381 127 279 317 271 0 277 496 204 109 362 97 160 311 420 375 141 235 309 328 236 353 494 406 475 371 
65 103 343 231 263 79 111 96 64 134 317 292 129 227 351 442 481 461 459 400 0 92 306 134 351 133 76 203 126 188 385 448 204 194 497 385 407 75 203 453 
90 287 476 88 123 409 389 271 389 105 229 496 147 485 336 204 325 363 114 401 50 0 205 104 411 349 307 52 255 333 205 414 129 198 145 167 478 53 262 248 
148 317 427 143 415 168 430 325 443 499 389 99 499 93 154 166 148 167 168 353 206 79 0 473 285 227 117 158 205 327 370 403 426 394 86 68 64 204 204 339 
353 202 435 402 408 478 262 73 333 380 398 185 85 427 365 77 153 188 185 64 466 262 174 0 147 362 417 372 376 327 76 421 179 435 355 80 342 89 500 121 
372 379 469 263 414 395 127 197 255 266 89 476 438 57 356 291 369 272 162 451 98 395 371 434 0 330 226 465 378 472 464 206 343 98 174 312 218 276 390 366 
237 362 405 419 55 412 275 296 487 253 164 437 58 59 307 442 339 239 162 423 210 332 128 259 380 0 460 71 98 235 167 414 178 235 74 96 447 192 77 242 
178 281 112 114 496 121 371 437 166 110 99 89 477 381 167 236 261 126 464 65 67 337 185 195 71 209 0 449 468 351 232 416 479 219 478 299 214 99 169 151 
215 436 407 461 413 287 335 355 254 411 318 476 185 154 160 86 382 75 241 349 132 424 471 317 142 448 115 0 307 253 235 164 175 377 70 135 289 63 420 350 
475 87 374 450 222 234 317 465 115 342 206 170 181 129 140 448 428 295 270 234 498 455 104 379 87 124 465 83 0 345 140 383 319 384 257 268 105 441 84 277 
263 133 433 383 264 268 230 418 195 475 187 380 228 348 190 107 386 265 278 419 109 124 57 134 459 471 352 270 168 0 143 497 381 433 429 470 403 196 199 320 
98 380 458 184 315 61 324 372 153 88 356 278 354 430 286 438 144 256 497 365 374 346 361 461 278 497 431 180 399 336 0 450 447 216 163 130 481 382 405 108 
485 199 170 263 260 306 255 404 401 461 156 265 91 452 332 51 229 84 188 115 190 475 272 343 397 141 180 133 473 291 191 0 214 196 67 427 406 323 181 66 
430 348 172 401 389 331 440 147 266 474 285 332 370 466 310 213 362 401 99 445 374 340 342 87 486 359 220 148 389 351 371 318 0 405 493 219 50 79 365 147 
296 94 138 334 415 104 143 334 416 494 383 117 123 222 409 367 414 268 86 61 363 143 382 387 499 131 105 499 367 176 352 369 221 0 440 202 135 250 295 419 
373 496 57 440 118 436 348 192 349 322 228 117 391 78 205 278 76 493 89 281 360 216 339 228 387 485 137 472 235 138 146 107 133 360 0 253 409 295 307 100 
350 129 485 173 226 62 329 454 295 77 494 75 143 209 120 78 95 105 165 273 497 253 125 310 93 435 62 208 436 319 465 492 154 449 165 0 331 462 200 284 
463 227 277 489 321 192 315 349 444 370 220 423 366 179 498 175 222 188 394 136 330 213 100 322 73 500 193 354 217 343 345 179 69 328 374 96 0 471 189 151 
170 58 321 93 131 207 297 463 379 192 357 466 472 276 272 500 299 271 399 153 438 241 448 117 468 275 197 63 452 336 372 122 101 399 165 389 105 0 168 351 
191 310 414 363 489 189 134 244 439 356 143 91 500 334 245 323 301 470 471 71 178 306 393 250 113 291 121 452 347 239 59 488 500 423 350 488 112 434 0 231 
50 496 324 298 496 158 493 318 165 218 495 186 346 57 285 302 120 76 373 279 129 112 288 323 111 417 172 305 479 312 486 235 308 66 483 59 381 231 83 0 

598 0 7
598 1 27
598 2 29
598 3 10
598 4 29
598 5 6
598 6 4
598 7 24
598 8 31
598 9 31
598 10 12
598 11 14
598 12 31
598 13 31
598 14 3
598 15 19
598 16 12
598 17 34
598 18 36
598 19 8
598 20 0
598 21 16
598 22 18
598 23 38
598 24 26
598 25 8
598 26 27
598 27 5
598 28 6
598 29 25
598 30 24
598 31 13
598 32 13
598 33 14
598 34 12
598 35 31
598 36 19
598 37 6
598 38 16
598 39 1

