40 40 3

0 124 258 314 183 101 265 423 500 434 333 271 74 473 468 290 103 443 344 385 110 292 192 436 216 489 388 154 349 160 290 105 234 498 370 123 305 134 496 60 
274 0 85 281 299 264 248 88 73 398 138 408 458 136 99 149 303 88 487 407 387 146 403 199 86 156 68 366 411 359 362 421 132 153 408 381 367 362 175 390 
259 470 0 53 423 106 102 278 359 347 264 472 441 116 130 139 359 236 157 225 146 466 293 273 304 152 387 185 469 248 66 114 214 487 117 343 92 376 121 157 
223 91 335 0 163 158 415 252 467 150 115 398 453 80 397 225 90 499 111 225 467 65 449 287 229 435 110 279 233 437 350 96 366 391 381 479 255 295 437 222 
151 51 326 103 0 288 223 485 328 221 95 260 395 317 208 388 497 349 449 275 288 141 331 334 457 221 421 435 427 422 127 355 72 128 180 332 366 109 316 400 
281 361 159 382 177 0 317 269 380 372 217 361 159 308 191 199 471 119 119 161 252 247 238 106 476 316 443 307 388 259 122 288 246 189 397 127 73 421 346 159 
292 270 471 158 284 368 0 63 255 437 340 366 188 86 311 451 62 126 150 75 221 359 148 459 104 494 111 181 66 238 233 383 237 209 353 345 444 427 358 405 
120 197 477 258 441 287 416 0 453 120 65 234 291 374 88 456 184 82 273 315 305 462 254 187 198 414 246 249 357 173 313 468 243 217 444 207 157 438 329 316 
264 344 500 261 424 88 423 107 0 120 195 128 131 363 333 269 267 453 221 222 65 100 486 483 500 202 182 207 65 326 242 331 89 86 86 300 216 124 222 481 
401 124 108 239 437 147 458 411 99 0 385 132 114 436 324 96 435 232 436 348 247 261 297 77 301 89 321 100 255 395 480 235 52 103 50 241 246 147 405 156 
404 289 446 468 431 269 271 122 452 206 0 176 405 173 423 189 424 462 460 231 424 110 417 365 112 470 365 303 215 219 414 78 329 410 474 296 96 449 273 168 
400 185 51 61 309 180 200 439 142 159 376 0 272 219 292 136 282 261 208 291 183 377 412 418 205 321 147 207 367 95 187 242 202 322 243 213 337 373 363 276 
221 472 151 199 397 150 286 178 117 444 176 457 0 76 87 374 438 114 471 351 431 273 488 172 425 66 121 344 353 201 206 128 128 384 437 278 280 293 63 165 
360 213 498 317 446 84 397 139 355 368 440 285 347 0 184 164 271 200 442 321 52 142 233 338 428 323 481 205 102 273 425 424 132 137 421 155 289 211 52 378 
65 126 73 57 423 207 378 400 357 319 220 360 168 403 0 404 95 225 384 250 484 156 174 164 445 468 291 100 463 209 102 96 431 178 119 438 307 277 315 206 
340 341 376 406 459 485 309 260 416 192 460 399 298 340 269 0 243 63 60 500 232 426 308 278 356 436 347 50 242 330 71 154 170 362 480 75 76 464 335 286 
379 233 452 484 482 498 460 431 60 470 186 449 151 444 226 457 0 379 73 457 327 109 479 431 436 96 166 462 123 336 52 115 421 235 67 160 423 271 119 109 
282 295 245 230 396 188 163 353 273 393 65 99 452 494 236 388 297 0 352 105 126 394 314 191 314 499 415 425 178 186 494 237 174 289 433 110 184 327 223 243 
100 322 259 356 274 459 92 368 255 150 179 331 495 443 229 308 197 350 0 439 325 486 433 269 366 221 408 183 111 234 112 305 491 385 63 347 365 472 145 232 
434 245 117 264 446 59 199 461 413 500 399 238 241 331 213 314 258 327 447 0 76 267 58 331 258 393 100 311 257 278 406 195 211 357 262 182 303 478 87 470 
391 86 368 335 485 406 498 298 370 80 451 396 297 459 433 54 108 483 315 71 0 468 427 424 178 284 185 66 293 370 104 262 260 347 336 94 331 241 298 335 
111 328 492 213 124 207 146 336 265 335 357 286 302 491 416 187 274 101 203 273 421 0 257 241 387 311 76 187 141 475 435 183 292 469 381 455 299 87 307 341 
302 349 198 295 357 188 210 494 168 468 404 147 144 367 338 481 177 120 374 476 301 308 0 365 92 483 245 254 282 283 267 122 291 115 477 85 423 371 453 172 
245 176 75 342 271 393 386 458 69 213 332 251 464 346 115 263 329 311 223 317 93 440 389 0 334 55 122 126 184 443 78 306 395 411 88 236 181 431 329 346 
206 248 384 408 211 229 473 180 264 283 353 80 82 293 420 367 54 492 443 188 190 227 200 84 0 344 238 478 232 375 62 77 81 260 411 195 177 346 374 308 
110 364 160 140 396 159 266 262 163 464 411 57 361 344 415 151 188 152 128 370 234 140 153 472 106 0 270 166 234 115 246 248 382 109 358 229 456 224 445 424 
93 165 91 308 232 385 222 333 279 80 412 355 264 258 458 235 315 227 107 255 500 304 453 137 363 66 0 316 318 240 468 242 491 339 283 298 70 374 470 353 
360 500 264 214 264 229 379 205 494 105 263 248 311 273 407 399 135 423 421 160 370 388 352 360 226 341 157 0 246 421 126 99 280 332 69 201 302 248 79 458 
448 134 427 402 152 199 308 257 491 231 177 150 100 65 208 410 448 499 273 194 176 349 450 406 387 469 106 189 0 424 135 353 371 427 486 273 285 391 287 492 
381 468 375 482 274 390 189 390 94 395 162 238 70 217 394 182 104 118 446 450 492 287 58 119 420 494 98 204 384 0 335 402 264 59 277 452 283 373 141 173 
417 486 492 361 262 209 254 394 470 323 339 419 70 333 427 139 252 176 187 163 266 229 64 236 238 498 188 471 371 279 0 350 287 471 342 355 232 257 108 125 
226 137 171 144 158 454 277 454 205 403 348 74 375 76 89 110 264 86 248 234 163 233 291 157 203 132 462 141 95 276 424 0 271 364 94 121 228 254 348 181 
165 457 479 190 331 261 436 391 475 228 346 416 342 78 206 449 439 495 166 286 89 392 209 66 255 460 137 189 213 435 321 85 0 147 55 432 428 267 367 74 
448 94 126 363 142 362 275 297 300 269 413 85 64 305 452 80 266 411 167 406 331 308 433 366 405 194 297 88 167 163 113 115 414 0 396 428 56 257 203 303 
263 178 216 299 400 227 250 430 199 367 97 311 197 111 450 269 467 144 65 54 261 385 324 82 299 220 217 61 183 370 314 397 254 236 0 195 153 169 151 290 
75 224 93 336 372 154 286 140 120 136 363 332 347 247 155 136 252 81 303 470 215 379 491 111 132 226 463 443 102 320 232 127 494 275 169 0 121 379 405 212 
206 491 281 488 94 478 349 180 437 137 433 406 302 311 396 119 149 329 81 91 137 107 480 421 307 254 89 379 340 445 297 496 191 77 239 442 0 261 87 121 
197 174 260 310 182 277 412 251 133 447 489 381 83 302 361 454 109 321 250 438 160 194 234 362 91 468 307 484 228 345 311 132 225 278 148 114 54 0 59 71 
137 213 267 225 453 68 85 163 334 356 363 271 223 263 211 291 304 178 98 287 113 149 305 402 80 82 500 144 86 265 373 381 428 139 312 137 364 347 0 250 
198 409 112 419 338 325 337 129 128 221 384 122 491 483 133 392 62 165 391 157 408 363 236 495 497 325 306 133 188 359 333 336 268 395 462 312 426 54 391 0 

1056.8 0 22
1056.8 1 20
1056.8 2 9
1056.8 3 24
1056.8 4 8
1056.8 5 28
1056.8 6 16
1056.8 7 24
1056.8 8 24
1056.8 9 13
1056.8 10 27
1056.8 11 25
1056.8 12 15
1056.8 13 26
1056.8 14 19
1056.8 15 20
1056.8 16 21
1056.8 17 8
1056.8 18 14
1056.8 19 4
1056.8 20 17
1056.8 21 36
1056.8 22 37
1056.8 23 27
1056.8 24 31
1056.8 25 29
1056.8 26 9
1056.8 27 12
1056.8 28 2
1056.8 29 30
1056.8 30 31
1056.8 31 13
1056.8 32 0
1056.8 33 28
1056.8 34 26
1056.8 35 36
1056.8 36 18
1056.8 37 31
1056.8 38 11
1056.8 39 31

