40 40 3

0 125 75 89 426 244 299 100 335 468 419 168 494 382 176 93 166 470 110 131 262 468 275 56 237 188 97 338 221 364 451 238 196 232 485 328 426 490 378 261 
457 0 297 135 206 385 468 250 257 438 66 94 406 241 320 412 184 214 459 472 385 79 178 330 432 360 70 259 493 59 343 253 222 346 94 379 231 61 335 194 
205 351 0 239 111 91 265 473 225 185 188 404 277 424 81 313 355 148 333 320 140 98 162 99 477 459 143 355 396 154 189 89 66 491 278 127 288 249 306 220 
385 444 123 0 161 367 361 424 428 459 463 247 305 267 116 354 243 281 203 98 176 308 444 422 80 190 200 157 429 155 413 355 490 113 184 150 430 495 280 114 
210 449 67 465 0 215 133 75 409 364 228 213 246 242 363 168 272 53 318 379 188 179 499 493 169 111 176 476 247 377 463 311 86 411 85 258 126 168 490 241 
483 217 160 228 410 0 473 102 388 476 370 474 163 256 472 362 375 289 488 106 486 121 68 53 364 430 88 121 262 413 110 209 151 485 319 86 150 291 138 488 
267 215 461 136 421 188 0 449 51 427 192 107 169 263 333 172 127 469 417 405 437 329 222 145 431 206 414 467 306 204 311 500 177 476 461 471 396 148 175 397 
75 73 211 401 287 494 72 0 120 218 195 231 154 474 159 249 160 315 162 333 327 72 144 327 407 326 494 377 222 348 258 325 373 281 486 480 274 235 51 344 
159 403 282 263 377 391 218 243 0 413 330 283 446 109 133 479 466 409 472 98 337 320 306 162 399 86 354 379 311 296 136 361 405 490 349 375 122 447 92 71 
359 129 304 60 188 143 490 360 52 0 217 164 95 487 176 414 142 419 268 227 436 270 313 53 381 58 352 255 130 298 54 152 363 133 162 374 478 256 119 93 
258 286 207 303 480 89 424 328 458 191 0 54 394 167 73 397 498 82 455 460 162 460 464 471 322 96 133 402 73 339 227 116 303 464 480 312 199 68 235 477 
232 132 237 332 249 260 228 454 292 390 413 0 405 349 132 131 377 178 214 486 408 259 212 230 61 382 416 324 287 190 265 470 372 348 206 204 303 417 138 463 
208 478 375 319 82 457 401 166 341 114 151 455 0 324 69 391 91 158 306 121 395 446 337 365 318 391 70 228 400 437 316 363 352 50 444 170 289 157 277 405 
448 98 262 159 372 282 500 169 146 306 241 491 458 0 284 355 482 381 132 209 280 68 232 349 126 439 293 247 227 156 474 339 103 278 307 419 356 295 419 476 
391 431 423 382 388 413 443 126 293 74 285 279 300 223 0 335 376 161 127 329 95 233 59 140 493 287 397 168 143 399 293 118 289 223 247 377 317 159 320 393 
402 100 385 387 350 107 221 433 426 54 261 471 444 477 317 0 437 264 213 311 113 111 103 388 107 276 134 434 299 243 460 399 351 60 283 444 116 96 165 499 
472 376 467 198 320 443 465 463 413 385 273 476 446 326 363 259 0 308 447 193 106 396 152 455 453 162 444 397 436 491 268 434 462 350 400 367 169 343 331 338 
255 215 110 438 368 142 300 126 400 454 269 213 105 128 374 58 447 0 318 161 382 308 135 316 476 191 422 342 311 471 380 355 433 94 416 370 412 264 376 245 
371 329 220 83 141 298 407 149 452 431 467 333 445 308 355 421 449 277 0 469 466 454 348 321 386 149 443 462 267 206 338 462 76 373 182 316 464 186 430 319 
137 360 285 177 305 299 482 432 248 465 156 420 419 455 447 60 310 389 473 0 76 302 66 245 84 389 377 351 353 269 487 171 357 346 163 484 357 168 221 288 
366 186 395 493 311 105 439 77 365 328 256 147 336 272 342 370 368 425 427 427 0 194 413 304 257 466 173 240 322 292 167 110 157 59 211 356 320 266 295 104 
337 329 66 434 164 289 483 240 363 407 167 289 307 286 299 63 251 423 460 73 214 0 127 340 77 136 257 384 163 473 385 424 65 213 440 205 83 435 187 273 
297 301 146 292 107 139 91 121 340 220 80 119 384 364 165 411 451 372 50 320 100 385 0 243 115 304 182 478 93 117 164 317 364 415 169 363 473 258 160 300 
305 330 330 374 213 194 246 330 351 117 87 170 168 422 119 440 433 251 417 476 318 81 499 0 389 202 375 458 381 339 117 180 143 397 217 224 316 361 420 145 
418 487 182 294 361 311 363 301 450 113 424 425 138 211 180 233 364 54 190 244 343 464 131 193 0 116 298 367 382 158 286 233 282 479 122 75 340 383 388 347 
332 207 270 463 295 188 142 234 51 353 130 452 196 300 82 339 366 330 412 247 194 197 431 182 382 0 52 207 221 141 301 274 179 459 251 141 460 389 441 401 
146 293 481 97 195 281 337 240 146 166 151 100 67 54 237 199 387 446 113 314 293 364 88 422 322 496 0 269 489 384 209 389 480 209 369 283 110 356 119 301 
209 443 158 466 216 163 202 365 500 354 184 69 146 499 107 67 76 309 493 64 192 202 159 378 117 235 161 0 177 90 437 184 456 379 293 421 94 162 122 166 
161 426 300 180 278 54 445 295 81 460 288 302 152 196 412 236 470 146 103 353 393 491 244 105 125 487 476 170 0 148 305 493 466 437 499 352 215 53 52 216 
291 463 210 299 321 356 210 56 81 62 110 385 162 307 128 217 382 321 399 258 175 203 457 347 140 456 198 61 215 0 408 227 456 370 388 254 397 450 171 403 
482 390 219 122 258 232 407 425 114 227 324 78 108 233 486 405 79 197 309 90 362 216 475 73 292 118 484 188 67 361 0 298 255 251 467 327 215 406 440 140 
470 373 170 254 431 353 446 91 139 142 351 386 210 273 360 233 65 428 424 410 202 284 207 163 241 381 197 407 286 136 253 0 462 460 373 215 390 432 161 432 
70 460 489 163 170 261 473 109 483 157 483 393 65 267 306 178 458 186 325 120 422 412 323 139 371 195 305 467 334 172 154 110 0 338 142 223 458 110 196 67 
92 59 256 191 74 473 448 202 187 133 478 257 262 145 80 351 466 432 362 188 472 240 293 82 78 141 255 242 201 157 466 451 166 0 222 141 397 401 295 99 
87 135 283 51 347 378 288 404 99 426 473 444 398 212 236 430 447 84 391 189 442 255 154 392 127 82 240 475 434 241 280 227 326 62 0 435 379 146 222 283 
195 355 462 345 252 173 288 388 120 322 485 259 263 239 119 362 317 152 308 291 292 255 70 469 81 289 404 166 385 332 155 286 186 116 130 0 144 240 368 238 
66 396 223 482 366 412 100 434 228 409 448 225 407 202 452 376 440 240 486 106 331 73 211 323 417 278 160 267 224 234 456 240 130 178 221 202 0 89 478 135 
475 143 82 199 500 234 151 131 381 97 116 437 379 347 147 408 263 131 67 480 305 459 191 495 295 319 422 447 115 400 288 89 249 320 445 248 260 0 302 330 
140 350 152 283 435 449 381 342 418 218 116 154 474 74 295 224 75 114 146 472 179 252 259 425 451 285 125 405 251 378 234 342 227 93 124 368 492 211 0 416 
410 380 482 270 353 262 64 283 287 128 379 465 464 337 430 144 287 214 220 399 416 97 132 464 481 175 294 348 374 456 263 490 91 452 259 150 420 273 383 0 

831.93 0 38
831.93 1 17
831.93 2 18
831.93 3 33
831.93 4 34
831.93 5 0
831.93 6 4
831.93 7 28
831.93 8 1
831.93 9 21
831.93 10 15
831.93 11 24
831.93 12 21
831.93 13 16
831.93 14 25
831.93 15 33
831.93 16 32
831.93 17 23
831.93 18 30
831.93 19 30
831.93 20 18
831.93 21 38
831.93 22 17
831.93 23 14
831.93 24 13
831.93 25 16
831.93 26 2
831.93 27 5
831.93 28 35
831.93 29 33
831.93 30 28
831.93 31 34
831.93 32 11
831.93 33 7
831.93 34 28
831.93 35 36
831.93 36 37
831.93 37 32
831.93 38 24
831.93 39 26

