40 40 3

0 301 347 115 276 80 276 92 287 393 468 481 198 286 386 124 345 304 230 201 180 456 363 56 412 197 464 105 273 191 215 170 198 61 442 425 299 217 467 85 
317 0 191 272 465 183 364 295 234 167 475 385 54 186 455 267 304 151 437 115 131 127 281 251 276 499 399 200 297 116 373 88 383 270 310 103 403 174 348 344 
498 322 0 435 51 214 389 475 468 247 411 289 328 489 69 285 471 275 390 170 278 456 249 317 94 226 333 147 128 457 445 178 455 473 113 212 393 208 394 116 
405 304 356 0 439 499 131 430 469 356 320 345 134 482 301 157 283 477 440 136 311 153 81 440 314 260 259 476 360 417 125 426 78 136 281 467 134 363 153 310 
425 423 361 265 0 404 161 372 393 344 68 480 155 171 267 301 435 477 59 166 92 182 242 469 210 84 456 384 168 74 487 184 206 165 252 421 275 363 500 168 
414 67 147 68 395 0 364 75 85 96 291 408 139 423 149 314 340 390 269 430 58 50 416 399 206 287 150 126 61 220 332 386 133 105 239 358 206 102 383 241 
356 380 149 201 302 455 0 465 348 345 440 277 109 196 399 214 352 185 315 185 404 241 223 496 324 279 235 388 435 287 477 176 349 356 482 500 364 436 220 212 
487 367 439 95 62 338 467 0 365 229 281 256 132 228 429 128 258 207 313 145 349 306 121 231 362 183 212 361 497 354 288 208 341 154 354 142 166 398 108 237 
126 95 443 416 273 128 494 481 0 285 62 332 340 74 159 70 142 292 232 454 496 293 448 410 340 101 263 432 217 160 247 405 237 499 103 359 272 181 108 459 
173 120 291 463 351 400 484 444 399 0 422 153 394 421 100 303 260 151 273 399 74 383 352 185 326 350 446 184 328 126 242 287 456 68 284 419 126 390 158 276 
288 286 379 388 414 185 191 173 493 414 0 278 66 52 129 409 85 430 354 426 464 186 168 457 142 393 240 267 225 337 375 451 124 367 85 463 280 427 360 160 
419 480 388 192 482 224 307 273 360 160 199 0 323 52 73 280 144 172 226 361 348 62 442 54 344 65 90 62 51 223 372 161 142 107 256 491 295 430 297 68 
289 163 217 111 165 447 97 467 118 481 83 416 0 493 232 421 92 247 217 104 248 146 182 116 445 239 322 435 241 458 438 259 246 307 182 63 423 128 318 145 
403 298 178 319 290 360 446 89 313 369 143 61 465 0 483 334 410 221 362 100 168 319 489 133 271 295 265 284 424 99 101 68 453 105 404 478 102 263 179 141 
76 254 234 294 425 216 334 90 144 195 141 262 464 336 0 346 234 337 317 224 468 123 483 486 282 87 145 466 139 359 351 230 141 104 171 385 479 93 218 69 
394 119 367 363 82 202 208 473 489 231 403 212 304 385 198 0 292 423 293 257 268 358 107 205 449 368 326 89 347 125 464 122 470 82 439 332 321 347 246 500 
91 183 403 254 438 287 158 436 416 157 193 184 466 457 95 170 0 325 127 417 378 202 380 206 378 169 351 209 440 197 161 196 445 295 98 198 439 335 306 374 
251 170 273 141 342 230 186 218 261 470 134 345 171 221 50 500 340 0 351 415 486 254 76 181 198 321 436 347 259 271 359 132 228 479 112 75 76 499 418 245 
259 387 329 310 264 500 310 263 95 367 385 288 120 411 175 268 438 111 0 321 196 88 387 485 266 121 96 498 148 94 415 343 303 57 171 319 271 378 128 241 
179 445 125 173 271 242 55 246 179 116 66 325 361 159 309 333 231 356 330 0 329 156 451 171 166 458 499 435 228 132 63 419 262 214 250 141 192 442 146 388 
120 419 160 395 279 270 411 318 451 473 147 279 128 304 156 244 261 154 179 196 0 237 399 114 205 112 315 296 461 256 149 348 327 67 459 428 53 435 338 321 
385 310 175 370 389 429 476 339 397 336 468 92 279 366 363 190 185 384 437 145 140 0 85 200 173 309 365 307 312 299 352 133 390 161 258 466 256 393 197 302 
289 483 269 87 469 342 401 158 477 284 301 328 130 92 478 460 352 98 267 163 347 118 0 453 443 436 417 408 399 310 104 200 305 294 175 343 262 467 243 370 
199 233 378 478 314 420 211 273 478 260 246 348 313 314 300 256 457 424 370 111 440 425 261 0 244 218 386 293 186 109 242 55 258 426 139 442 446 59 153 218 
243 119 171 90 138 191 97 100 147 471 421 415 410 345 175 153 269 268 153 405 327 345 166 291 0 270 256 233 422 472 336 140 214 161 468 462 249 158 58 300 
463 479 220 377 388 271 52 247 490 477 350 150 59 195 266 300 171 228 483 93 199 74 390 120 185 0 357 81 141 221 89 391 183 67 317 60 161 87 269 358 
283 245 415 383 461 316 355 260 437 83 450 236 439 230 332 58 122 395 296 213 116 335 310 249 108 126 0 259 426 370 478 491 152 429 405 241 389 220 95 356 
156 128 61 99 67 241 381 282 69 276 78 232 342 119 492 297 178 324 56 103 193 240 300 51 169 204 242 0 264 374 495 326 237 122 337 286 346 285 373 335 
304 148 363 243 196 432 441 444 316 265 206 126 164 396 376 166 271 80 114 242 160 108 67 103 388 111 339 440 0 346 419 274 356 273 343 98 420 482 246 119 
53 217 275 129 331 377 212 203 355 449 268 96 315 82 320 369 420 381 414 116 433 332 340 496 105 390 93 231 371 0 496 56 130 212 488 210 494 364 128 403 
425 283 377 471 97 410 498 416 85 378 330 151 67 161 198 62 423 294 312 153 164 308 159 244 470 353 160 219 217 445 0 122 348 227 449 319 275 114 316 190 
150 400 226 458 417 338 362 185 467 155 448 120 476 255 436 427 431 289 293 150 212 238 429 59 415 133 84 396 198 106 293 0 54 213 469 218 336 62 80 472 
480 392 419 306 368 173 241 294 310 236 86 410 154 481 94 371 152 178 161 498 82 218 290 293 381 466 217 423 478 247 394 457 0 346 312 262 213 191 210 213 
452 396 456 117 257 437 162 127 88 497 238 85 285 162 82 77 249 498 451 172 475 198 65 188 250 328 156 413 225 316 125 176 419 0 80 244 175 223 112 252 
261 108 196 53 343 309 292 126 57 496 76 386 470 431 402 364 180 436 471 299 160 286 374 287 411 161 237 85 90 299 494 302 113 190 0 61 406 205 303 238 
419 298 471 305 474 402 413 94 288 348 64 87 458 56 167 451 418 485 187 209 75 192 203 327 255 99 94 367 461 103 104 379 107 75 390 0 287 183 302 331 
421 356 101 458 70 315 332 471 439 316 365 147 341 263 56 374 469 312 418 335 272 227 146 358 284 378 454 71 60 256 108 431 318 367 145 338 0 181 183 65 
119 449 136 423 290 349 430 163 317 448 288 359 220 465 455 284 456 88 237 233 98 199 291 235 468 157 86 305 495 219 320 320 168 162 243 164 462 0 379 484 
278 326 271 343 252 443 53 486 398 91 223 130 139 372 127 81 339 442 117 351 436 287 377 463 161 490 412 275 451 290 258 435 322 480 485 74 178 488 0 266 
75 79 195 362 375 67 439 406 112 136 230 169 279 467 253 241 127 242 152 352 399 148 109 89 420 295 73 200 423 61 173 204 297 318 272 378 91 211 491 0 

631.5 0 35
631.5 1 11
631.5 2 31
631.5 3 25
631.5 4 5
631.5 5 11
631.5 6 28
631.5 7 0
631.5 8 9
631.5 9 29
631.5 10 16
631.5 11 3
631.5 12 20
631.5 13 14
631.5 14 37
631.5 15 12
631.5 16 26
631.5 17 36
631.5 18 28
631.5 19 16
631.5 20 16
631.5 21 14
631.5 22 28
631.5 23 36
631.5 24 26
631.5 25 0
631.5 26 37
631.5 27 30
631.5 28 0
631.5 29 22
631.5 30 13
631.5 31 35
631.5 32 34
631.5 33 5
631.5 34 11
631.5 35 0
631.5 36 5
631.5 37 0
631.5 38 29
631.5 39 13

