40 40 4

0 277 215 477 388 55 191 140 285 412 213 53 500 465 272 162 281 147 156 465 189 143 344 381 300 371 317 179 235 441 311 145 424 476 328 67 482 469 157 473 
381 0 76 477 136 247 455 455 235 102 318 199 448 167 493 84 418 119 352 303 304 292 113 155 423 89 434 440 277 158 97 249 489 123 432 331 321 143 286 55 
195 310 0 411 349 427 159 384 344 229 235 146 239 233 210 101 155 456 241 95 232 349 349 187 94 178 326 375 205 419 367 210 320 176 327 168 103 437 51 153 
372 443 250 0 317 176 166 124 488 121 315 289 59 164 137 403 415 473 228 289 177 146 363 94 172 245 371 291 298 63 292 402 385 442 358 409 117 474 483 311 
94 298 100 310 0 168 394 212 82 366 391 77 494 243 146 87 366 342 164 156 346 178 154 454 269 95 311 177 369 491 367 180 291 371 437 100 245 330 263 484 
403 153 60 152 102 0 364 189 418 412 59 280 257 187 385 211 407 186 228 290 55 219 363 392 460 233 328 267 428 157 480 411 266 339 178 368 391 492 263 309 
403 273 88 366 166 179 0 283 279 316 462 69 77 387 138 419 102 322 246 319 456 109 54 367 326 343 251 400 234 449 163 249 107 386 494 423 51 380 413 281 
195 130 56 429 467 144 347 0 275 172 299 301 128 358 305 201 390 148 402 290 88 106 159 494 163 495 487 292 252 366 411 239 267 491 245 195 213 96 248 439 
218 497 446 296 111 250 203 207 0 104 104 203 349 367 312 342 480 306 329 479 265 401 389 454 375 380 406 276 299 452 475 237 169 227 389 172 495 139 325 409 
193 136 111 493 453 374 90 189 386 0 125 167 150 477 262 311 107 348 216 333 147 167 63 90 493 448 430 164 198 68 440 106 418 282 168 166 234 492 207 373 
133 282 246 441 465 459 251 278 306 417 0 111 159 83 331 200 282 278 129 397 427 354 92 239 271 324 357 144 57 104 57 137 188 496 333 128 217 291 329 445 
304 452 262 413 241 93 112 473 77 398 369 0 210 251 167 400 229 441 463 79 205 67 86 292 412 81 331 490 248 329 74 400 132 476 161 251 216 411 70 395 
439 418 471 355 376 137 461 104 78 424 133 440 0 441 376 438 108 407 268 97 362 96 328 261 385 59 128 136 432 490 363 326 428 280 296 489 362 384 450 416 
168 373 255 314 69 337 251 127 451 469 381 312 272 0 415 279 156 424 357 449 355 346 311 180 480 91 183 469 159 273 174 75 391 253 487 204 479 324 405 105 
274 129 192 292 351 106 277 458 480 133 162 90 186 424 0 427 372 221 109 96 330 332 220 111 429 179 98 132 157 128 243 212 108 79 110 106 380 166 333 93 
352 172 206 148 64 129 75 143 56 134 189 336 173 116 398 0 101 245 202 391 353 487 340 271 301 369 88 357 249 204 396 499 263 274 411 361 496 246 386 138 
252 227 277 88 106 99 192 157 295 344 254 354 86 94 124 337 0 413 162 400 368 73 51 123 493 275 484 109 477 230 202 114 432 379 98 226 191 147 368 298 
148 211 259 452 247 303 283 290 422 395 189 290 174 397 363 373 172 0 346 433 355 282 134 420 214 219 224 390 360 321 258 364 420 175 122 127 129 375 360 369 
53 462 265 293 135 161 362 459 490 414 147 101 196 231 471 116 400 401 0 212 466 428 420 329 347 302 402 425 137 483 491 212 486 452 427 485 87 295 346 252 
491 467 105 91 369 286 268 435 392 168 353 357 96 273 392 149 281 293 280 0 368 276 271 79 468 222 213 453 466 458 54 424 204 471 479 246 95 471 464 236 
118 132 89 181 385 68 73 484 299 316 471 373 298 241 158 266 169 321 425 135 0 485 429 265 189 156 244 141 201 421 104 388 490 393 427 377 484 201 400 468 
450 423 194 78 427 385 186 399 53 458 323 345 198 252 110 93 114 60 184 265 431 0 446 359 176 338 492 53 78 192 159 496 348 81 396 376 459 280 269 113 
490 433 387 91 130 345 151 174 409 368 64 173 298 460 239 181 54 230 184 82 373 500 0 284 427 81 179 59 246 165 278 309 361 210 402 402 497 246 259 377 
154 126 392 485 131 107 223 262 111 403 152 350 482 151 133 409 389 469 418 341 340 402 357 0 201 111 258 102 107 455 68 435 108 351 82 92 432 139 265 400 
201 375 258 257 112 116 97 471 455 65 144 296 356 496 359 263 313 116 315 127 70 89 61 336 0 391 93 134 322 389 106 429 296 431 186 53 493 252 100 220 
414 322 70 416 177 273 274 390 85 340 412 162 117 207 380 403 97 179 487 126 68 299 54 314 229 0 397 73 429 149 123 355 62 152 375 184 486 354 408 376 
146 247 494 465 314 200 345 423 455 230 166 80 455 415 84 476 351 431 499 486 286 329 340 54 431 421 0 188 416 275 95 498 127 500 247 91 69 154 142 199 
108 323 315 138 277 229 172 459 286 309 458 271 95 493 110 99 179 238 445 94 463 490 299 296 245 496 337 0 265 356 430 414 414 459 435 51 442 370 380 401 
156 189 114 377 441 106 194 490 235 382 434 486 100 180 491 346 375 487 389 346 342 318 466 463 276 400 464 218 0 270 344 325 132 239 389 215 179 445 359 168 
386 447 309 127 253 439 118 98 69 311 194 366 359 462 87 321 445 438 285 369 414 335 193 496 73 288 210 202 439 0 276 76 324 429 335 401 182 480 225 437 
256 486 130 328 345 299 365 165 243 58 156 318 422 197 461 173 220 455 90 128 393 72 155 216 451 196 323 132 383 499 0 69 138 484 149 416 84 398 487 407 
347 496 62 164 173 210 331 297 136 285 93 215 177 115 76 99 65 429 129 148 311 127 374 155 317 229 277 352 334 264 465 0 180 466 477 51 138 393 332 141 
236 324 184 157 451 456 183 257 472 111 336 326 129 413 406 234 436 134 462 494 418 432 458 98 397 191 99 485 83 137 126 476 0 411 467 132 118 423 472 325 
150 290 160 426 369 279 87 309 421 171 477 415 89 408 372 344 304 62 149 496 303 443 328 485 354 294 117 178 423 295 453 72 84 0 319 204 159 304 241 175 
431 363 151 345 158 266 424 208 276 436 63 271 445 456 305 430 65 306 253 193 228 254 352 458 496 377 161 154 387 109 486 318 178 137 0 162 286 353 292 200 
128 228 420 106 379 131 361 64 147 373 474 497 101 228 105 58 223 188 376 83 75 435 69 99 112 363 211 104 215 210 254 500 388 380 105 0 473 462 173 244 
108 496 217 311 303 151 366 311 324 54 394 114 286 328 340 335 391 202 252 445 367 412 406 122 55 285 385 479 246 57 429 60 259 145 78 62 0 247 394 79 
277 154 423 97 390 251 387 431 348 88 183 292 161 94 404 234 307 396 118 492 348 332 420 359 90 64 143 102 468 243 132 452 348 261 499 444 462 0 386 131 
65 180 264 308 292 64 418 476 321 313 300 312 161 131 438 226 171 453 319 431 176 61 269 127 115 480 126 266 198 218 347 213 348 110 227 139 331 145 0 321 
359 408 327 377 275 408 315 451 286 474 476 216 149 488 435 227 309 170 59 74 318 434 371 238 488 187 415 334 225 266 154 83 174 432 410 155 95 431 313 0 

854.37 0 26
854.37 1 33
854.37 2 16
854.37 3 5
854.37 4 5
854.37 5 30
854.37 6 35
854.37 7 30
854.37 8 3
854.37 9 25
854.37 10 15
854.37 11 3
854.37 12 38
854.37 13 5
854.37 14 4
854.37 15 16
854.37 16 34
854.37 17 8
854.37 18 15
854.37 19 36
854.37 20 21
854.37 21 16
854.37 22 30
854.37 23 18
854.37 24 25
854.37 25 17
854.37 26 0
854.37 27 28
854.37 28 0
854.37 29 35
854.37 30 34
854.37 31 16
854.37 32 30
854.37 33 11
854.37 34 21
854.37 35 24
854.37 36 3
854.37 37 7
854.37 38 15
854.37 39 34

