40 40 3

0 169 479 246 447 450 313 397 246 489 100 153 117 394 65 242 414 387 488 447 80 379 493 141 107 335 86 390 341 270 82 263 389 268 215 91 217 478 438 169 
222 0 245 273 496 345 495 445 258 137 432 411 168 66 160 259 330 201 295 219 492 65 252 461 160 470 175 202 393 359 346 268 81 90 491 283 141 241 227 106 
329 365 0 467 447 381 333 412 210 484 206 136 231 428 94 191 295 63 316 447 162 382 292 380 413 89 127 402 180 74 129 236 353 444 410 55 81 242 417 448 
433 330 290 0 163 464 334 305 258 103 327 411 422 208 410 302 327 449 135 229 335 159 64 278 219 214 394 431 452 342 348 400 274 384 189 388 103 230 399 312 
283 225 429 205 0 140 338 213 417 493 54 352 84 163 366 312 88 287 412 470 238 253 73 137 478 163 484 121 216 213 226 234 202 157 163 357 247 451 276 164 
200 280 222 234 150 0 295 252 188 81 163 364 269 122 387 113 306 500 96 377 216 466 309 156 167 417 269 231 163 427 457 484 126 444 206 66 93 451 268 438 
482 137 302 457 209 188 0 69 466 395 322 98 317 494 358 423 368 274 399 98 143 325 261 127 157 204 490 173 247 440 147 185 177 234 193 133 393 87 360 358 
432 181 163 455 175 471 378 0 493 451 483 297 93 307 57 170 170 419 159 500 372 305 146 263 432 86 406 272 429 444 131 494 131 262 156 86 143 333 414 135 
283 152 138 326 409 146 447 285 0 271 312 284 142 117 136 356 255 172 468 477 307 411 314 56 249 283 162 285 376 445 405 218 434 56 306 260 171 158 413 406 
379 224 396 228 498 238 290 253 116 0 257 436 373 375 457 380 123 239 248 114 321 400 469 489 333 475 51 92 352 159 455 464 245 386 359 423 383 303 212 342 
369 175 485 241 256 441 327 329 179 75 0 149 450 181 117 195 464 298 196 56 149 61 217 112 256 102 177 178 192 430 96 240 54 222 224 453 428 164 279 464 
500 60 112 206 191 180 107 155 184 253 368 0 284 264 291 102 471 100 230 355 242 366 402 432 371 123 363 323 257 477 308 220 233 75 490 389 216 376 446 77 
59 405 151 500 375 393 102 101 443 489 407 391 0 354 64 78 431 344 147 460 100 124 268 478 63 293 467 158 215 342 310 243 107 214 344 107 295 443 159 347 
141 147 253 238 207 267 267 138 317 364 97 367 194 0 315 100 414 314 273 71 480 114 331 429 379 251 479 436 497 178 301 343 269 398 302 458 311 275 431 399 
91 50 447 164 195 468 215 315 489 438 337 224 259 167 0 152 137 369 337 279 121 465 79 414 441 183 215 398 444 440 328 343 237 84 496 351 436 219 65 251 
207 210 87 381 419 411 239 262 486 283 491 106 247 276 470 0 187 409 391 291 108 86 325 401 480 360 152 331 295 322 102 496 235 262 289 116 180 200 61 148 
392 294 138 449 248 364 174 141 479 272 383 87 308 414 438 495 0 273 297 325 275 118 377 477 303 346 266 125 232 172 344 331 63 344 419 218 91 490 343 390 
468 321 479 54 335 392 199 329 372 446 153 146 270 237 122 279 82 0 94 111 264 216 405 94 230 455 220 154 253 209 447 142 176 267 327 388 102 218 293 137 
296 445 241 148 214 428 428 199 216 472 467 430 188 127 475 124 82 401 0 228 285 109 382 133 442 355 410 329 163 334 121 251 130 272 198 228 436 332 362 342 
498 334 308 427 228 142 157 302 174 57 236 165 323 324 248 265 386 157 300 0 499 197 128 456 277 350 153 212 493 435 73 334 432 113 348 115 291 440 429 299 
320 437 486 435 466 65 389 230 401 252 481 156 400 315 111 176 164 422 94 156 0 112 325 196 251 388 251 316 179 397 244 428 217 387 169 358 353 392 247 289 
292 449 476 154 348 290 423 231 405 344 482 267 162 306 414 363 194 371 178 79 267 0 129 457 190 466 333 499 74 224 452 314 222 156 289 327 211 79 249 392 
190 299 129 407 411 386 76 274 286 153 158 71 371 237 234 60 410 66 265 434 240 216 0 454 169 323 243 446 484 479 401 131 168 199 417 281 316 58 64 89 
50 167 198 71 488 141 256 255 50 272 470 435 219 393 388 338 422 337 490 161 315 390 242 0 189 295 365 177 110 374 191 357 374 64 54 396 259 145 151 464 
146 129 189 287 298 81 381 342 453 218 331 113 239 427 61 135 428 133 262 489 457 159 345 330 0 173 105 432 382 407 82 101 259 369 241 252 166 479 133 215 
432 57 252 251 246 386 470 87 313 102 299 57 265 408 108 301 288 163 233 169 277 472 221 486 340 0 168 238 457 146 77 378 284 84 129 242 487 465 211 74 
485 470 79 492 234 194 100 485 432 420 424 100 196 396 478 182 235 145 126 398 242 153 275 476 187 111 0 217 380 282 134 404 266 310 190 258 250 334 308 442 
265 434 365 315 130 260 500 469 202 144 94 99 336 404 81 68 297 142 442 176 130 76 287 347 336 427 104 0 86 260 118 234 475 258 98 496 338 65 251 306 
217 346 106 473 388 460 53 406 256 352 104 139 433 130 376 486 172 302 296 415 268 364 148 449 328 197 444 166 0 212 402 178 135 247 235 107 134 401 318 247 
157 169 301 246 308 137 328 293 259 129 88 381 103 158 479 51 437 382 201 102 300 102 437 385 55 171 443 347 279 0 260 93 386 135 100 338 394 394 372 393 
359 451 432 239 260 89 218 261 232 306 168 491 106 221 428 441 226 98 139 72 83 105 322 419 398 128 463 291 228 334 0 183 87 491 321 276 250 117 200 217 
299 213 92 290 269 263 217 416 195 472 55 425 55 317 453 180 214 288 350 211 466 390 101 52 381 372 486 337 439 392 261 0 445 104 303 234 323 272 157 239 
173 335 451 97 340 267 50 227 188 495 76 349 460 416 400 463 52 479 448 96 417 339 307 117 150 316 301 423 87 408 368 210 0 243 318 465 289 292 221 222 
430 215 455 485 174 371 141 343 129 119 290 175 242 336 188 310 192 454 317 114 247 225 433 164 174 457 128 169 455 55 342 140 220 0 296 125 344 373 216 187 
209 492 183 90 233 225 229 249 367 389 66 188 343 448 327 457 328 283 291 203 445 296 495 84 466 498 366 65 126 288 409 492 279 92 0 82 219 474 261 418 
97 356 190 235 198 137 61 361 415 50 151 118 445 397 319 236 118 72 101 134 356 340 493 347 118 291 379 287 472 346 412 68 409 101 460 0 106 189 471 174 
310 227 275 134 379 379 404 114 447 182 165 80 488 455 280 91 280 277 420 273 248 473 184 473 381 443 432 193 338 158 317 147 336 92 439 421 0 421 98 485 
123 230 149 361 425 311 140 466 90 123 141 313 78 113 204 50 444 353 189 137 190 53 160 494 95 202 432 466 329 480 450 403 417 306 263 341 116 0 109 306 
363 182 397 382 417 217 292 174 367 144 313 210 491 72 321 485 118 229 172 83 58 359 240 167 275 496 136 115 318 195 127 387 83 230 268 451 397 267 0 124 
264 361 143 180 352 165 451 92 440 180 214 474 395 72 420 61 53 415 354 118 439 499 402 325 288 132 299 238 235 272 68 205 133 368 336 191 484 493 233 0 

807.51 0 1
807.51 1 12
807.51 2 33
807.51 3 22
807.51 4 29
807.51 5 16
807.51 6 10
807.51 7 21
807.51 8 18
807.51 9 17
807.51 10 16
807.51 11 3
807.51 12 5
807.51 13 6
807.51 14 16
807.51 15 16
807.51 16 5
807.51 17 37
807.51 18 12
807.51 19 15
807.51 20 36
807.51 21 38
807.51 22 21
807.51 23 25
807.51 24 14
807.51 25 33
807.51 26 2
807.51 27 38
807.51 28 36
807.51 29 7
807.51 30 19
807.51 31 37
807.51 32 8
807.51 33 14
807.51 34 9
807.51 35 27
807.51 36 19
807.51 37 9
807.51 38 9
807.51 39 37

