40 40 3

0 234 97 373 203 368 116 429 103 120 244 469 370 78 321 190 66 191 354 405 89 208 430 179 268 150 192 194 381 175 180 267 115 434 139 475 57 205 159 111 
482 0 354 286 352 382 106 492 398 454 101 58 493 259 438 379 477 294 70 170 382 403 57 148 468 441 445 199 449 149 308 266 338 161 51 189 250 107 387 354 
267 438 0 119 467 196 263 101 379 57 121 256 145 230 263 450 405 410 394 103 114 250 117 330 87 229 331 433 185 144 319 245 118 256 70 84 158 284 135 243 
498 413 449 0 142 350 418 91 254 328 192 307 392 392 130 222 185 309 259 117 200 354 142 152 178 104 172 212 212 406 53 405 403 172 110 251 472 478 500 225 
305 398 238 404 0 496 319 125 180 334 90 454 241 150 95 343 278 149 465 440 67 127 199 178 236 322 238 438 500 216 193 432 227 90 169 130 85 194 412 422 
235 453 375 426 102 0 176 475 331 482 195 477 499 272 383 176 459 411 121 152 410 287 295 341 464 91 217 301 126 361 212 254 302 164 335 434 424 461 408 254 
442 103 437 196 81 319 0 322 246 229 393 348 139 386 349 430 106 390 353 357 222 421 68 426 222 390 260 363 313 427 270 66 124 79 453 270 318 479 299 63 
207 398 362 52 284 210 189 0 96 307 492 403 479 412 421 161 341 66 127 203 329 261 179 345 335 209 54 105 477 483 354 490 396 251 107 399 241 268 87 287 
281 78 396 466 197 73 126 488 0 89 411 190 369 171 319 213 456 234 424 60 417 162 120 407 58 78 220 163 269 194 200 263 425 228 158 391 131 181 223 118 
221 133 465 89 254 284 459 417 224 0 139 427 141 251 254 254 466 282 424 128 50 118 278 263 493 213 128 139 294 259 313 119 186 396 83 225 357 317 391 273 
492 480 406 132 437 159 92 159 391 466 0 237 148 83 222 117 283 141 195 372 385 161 184 454 297 287 244 229 350 60 119 122 258 305 478 96 448 137 138 106 
234 311 294 332 344 222 400 333 313 301 205 0 197 412 95 358 209 88 101 388 388 318 213 460 283 224 194 85 171 488 174 228 221 435 228 260 485 400 159 318 
212 410 229 115 78 274 423 237 69 230 331 407 0 499 250 123 488 424 267 72 94 461 403 479 181 93 206 147 78 105 256 102 474 373 281 89 401 261 462 344 
280 192 381 187 397 130 260 384 53 233 162 304 400 0 65 283 287 108 195 385 136 458 140 188 431 219 175 470 326 387 188 169 166 86 500 303 189 336 269 72 
339 208 184 350 107 406 339 345 465 484 229 307 197 75 0 202 128 245 327 304 277 213 442 397 330 478 152 339 166 439 315 395 484 473 286 333 287 191 378 338 
155 118 273 169 265 298 321 343 249 147 147 477 311 88 129 0 347 273 231 185 389 376 450 491 360 179 276 399 416 173 277 460 279 345 232 154 109 480 425 159 
436 71 463 168 88 257 247 385 480 184 70 125 60 226 115 126 0 355 97 475 477 220 458 436 205 302 374 309 118 354 233 227 496 462 189 163 500 396 116 385 
132 250 161 207 467 93 479 92 155 75 274 131 245 231 274 157 240 0 147 416 308 207 149 241 202 317 380 71 316 482 137 407 320 94 274 477 60 318 211 310 
179 236 83 260 188 264 240 295 454 338 417 468 495 272 208 404 88 294 0 425 111 483 269 468 302 313 449 486 79 473 196 339 151 139 128 117 484 99 308 485 
259 145 401 227 346 173 141 456 211 386 381 272 368 356 447 376 375 395 361 0 404 123 264 450 224 109 284 498 92 333 305 283 299 400 183 476 453 306 323 408 
468 208 495 446 282 350 392 158 431 493 225 91 322 195 247 252 461 481 250 259 0 70 54 492 319 161 175 50 113 431 323 227 154 238 222 100 470 278 198 334 
209 398 266 250 219 167 447 422 128 183 171 93 203 175 85 228 493 210 228 105 347 0 258 283 208 446 211 465 171 439 162 212 354 266 184 310 436 57 256 113 
135 146 441 179 299 322 421 478 315 337 412 126 183 169 115 341 321 276 305 199 422 174 0 361 275 390 251 85 81 258 498 351 100 143 291 436 149 113 356 126 
378 192 244 210 325 364 276 373 391 51 384 89 423 57 400 405 154 150 196 185 115 193 487 0 165 494 484 100 142 96 406 425 180 97 168 341 128 238 116 207 
129 324 91 168 454 98 275 358 202 131 260 94 196 403 287 311 152 270 117 244 73 473 375 410 0 276 494 457 111 438 72 268 66 103 65 392 56 114 166 120 
473 454 330 273 150 439 266 167 91 243 235 492 266 414 367 382 397 116 339 214 53 117 432 70 170 0 204 412 383 475 284 453 203 237 489 427 93 184 399 418 
225 141 359 423 113 479 289 446 375 111 284 88 115 107 227 342 228 381 460 317 355 450 477 57 186 465 0 190 437 148 89 354 79 180 419 209 451 397 204 396 
272 266 386 66 87 199 243 379 377 330 94 401 184 494 377 399 386 97 295 322 196 334 382 432 221 300 140 0 171 197 51 273 175 267 365 191 304 63 141 389 
147 421 433 498 312 426 374 417 311 421 211 340 323 252 221 462 423 228 308 300 131 309 72 256 282 143 153 292 0 363 451 180 460 128 319 213 146 244 293 62 
262 421 430 308 243 181 479 411 310 413 426 109 494 234 338 456 223 431 316 465 294 266 145 460 100 414 173 196 365 0 172 415 333 92 345 140 493 232 325 403 
493 445 328 308 438 269 146 150 442 283 416 162 283 388 257 450 439 378 329 134 449 451 256 281 494 307 127 486 245 158 0 388 237 102 423 252 247 398 104 347 
95 93 262 207 327 149 171 483 294 255 311 135 203 261 341 190 254 354 474 446 98 131 334 493 391 463 244 137 116 298 434 0 161 97 402 74 130 257 195 112 
51 400 373 343 102 341 183 449 301 487 422 247 291 260 287 283 150 456 477 237 71 481 377 182 78 278 206 158 485 108 428 242 0 458 56 84 267 347 424 422 
148 166 344 101 408 103 338 190 203 293 374 146 314 110 473 202 345 457 114 454 441 172 137 390 337 143 180 103 197 104 475 295 427 0 74 102 334 127 390 231 
487 389 311 339 409 371 311 110 216 267 381 376 415 53 463 60 340 312 190 149 459 451 330 460 378 355 61 418 188 157 355 175 496 165 0 220 160 243 482 427 
409 455 308 491 125 311 209 135 357 471 483 456 186 433 285 145 66 346 157 191 485 471 496 366 467 161 85 126 110 273 53 225 435 67 215 0 59 84 130 352 
391 100 334 102 443 473 93 88 490 390 402 180 374 372 382 239 94 249 481 378 309 254 137 484 188 154 405 404 188 485 255 285 292 88 337 234 0 268 380 272 
464 476 380 350 105 252 231 50 52 431 482 380 446 442 467 430 129 120 334 239 465 319 445 249 110 239 85 294 457 172 273 420 354 152 269 410 110 0 207 410 
113 137 391 443 82 88 166 218 167 443 52 113 408 77 57 156 344 246 192 344 410 70 116 85 374 426 61 283 242 218 400 61 61 497 211 93 85 327 0 469 
409 269 227 472 176 254 479 283 97 432 181 147 97 408 214 132 488 346 143 478 87 311 377 99 322 373 260 122 164 293 90 73 61 474 495 395 227 230 177 0 

1058 0 13
1058 1 2
1058 2 0
1058 3 13
1058 4 15
1058 5 8
1058 6 24
1058 7 29
1058 8 13
1058 9 33
1058 10 27
1058 11 29
1058 12 36
1058 13 25
1058 14 26
1058 15 5
1058 16 30
1058 17 11
1058 18 15
1058 19 26
1058 20 37
1058 21 3
1058 22 14
1058 23 31
1058 24 26
1058 25 28
1058 26 22
1058 27 13
1058 28 26
1058 29 16
1058 30 0
1058 31 28
1058 32 17
1058 33 0
1058 34 30
1058 35 32
1058 36 37
1058 37 16
1058 38 11
1058 39 0

