40 40 3

0 438 300 332 336 263 114 320 500 378 200 422 493 164 325 278 367 100 430 206 496 249 442 370 124 390 254 181 308 226 58 249 163 308 80 205 277 352 231 484 
229 0 381 161 428 252 436 206 325 242 342 481 237 91 178 106 372 275 66 52 82 242 60 488 111 74 274 473 57 125 203 247 61 291 358 439 249 500 144 280 
241 193 0 260 428 441 144 241 312 125 464 70 157 206 287 144 474 67 125 447 74 200 356 479 211 353 92 357 101 92 207 331 490 350 297 174 290 148 365 308 
223 328 328 0 331 240 114 181 214 338 256 367 119 163 222 97 80 75 139 387 333 388 94 371 378 394 374 51 184 472 122 442 402 156 477 232 103 297 119 267 
135 82 133 204 0 195 61 251 225 86 96 319 370 435 363 240 68 463 113 69 146 292 348 295 193 454 478 131 56 274 407 480 115 439 319 269 340 331 226 272 
367 273 90 443 414 0 159 389 432 121 209 207 425 451 54 426 143 214 403 431 428 383 337 407 449 276 226 217 322 56 150 93 129 129 340 72 249 449 167 387 
70 326 93 445 276 304 0 370 125 224 272 55 151 361 343 58 309 325 441 233 146 447 333 397 282 412 236 60 160 185 178 497 205 454 296 356 437 306 225 61 
480 203 274 131 63 323 346 0 79 354 286 262 450 439 94 102 427 212 496 438 78 180 322 281 91 275 76 153 418 88 328 186 67 237 410 355 457 439 407 486 
292 399 247 448 337 498 50 471 0 209 252 408 444 382 229 224 179 210 457 282 128 495 316 471 269 259 136 123 215 74 237 201 316 135 398 470 179 152 470 149 
311 221 56 255 309 442 185 194 358 0 142 182 436 136 204 162 111 413 248 185 128 272 128 486 294 213 139 264 342 241 440 441 52 368 203 464 383 351 355 77 
209 447 416 351 290 120 464 351 239 211 0 242 317 190 320 58 434 240 148 404 81 339 344 229 97 418 138 60 300 440 122 83 148 68 450 449 64 276 168 366 
465 330 314 489 470 134 497 159 80 144 63 0 111 434 357 497 481 274 135 248 280 74 320 314 172 94 470 327 109 245 446 181 416 482 201 404 451 492 401 316 
71 251 329 133 184 392 129 372 372 214 326 359 0 445 352 172 323 396 141 150 211 92 302 98 458 283 250 118 440 241 469 255 263 426 291 102 317 389 388 188 
261 102 220 119 253 71 448 76 173 295 176 91 93 0 428 139 50 417 95 325 356 287 500 317 256 426 107 308 242 447 195 136 414 454 306 239 207 327 186 233 
206 187 115 247 230 249 93 437 372 138 262 227 131 261 0 494 93 186 308 351 378 461 253 464 374 413 476 319 119 58 455 58 215 348 330 412 77 285 211 464 
156 56 432 333 137 193 83 181 85 97 238 414 57 441 133 0 137 110 109 406 179 117 116 395 489 414 431 157 197 216 318 367 322 324 299 362 168 442 395 299 
477 442 243 146 205 391 437 292 451 252 197 336 75 263 230 64 0 176 161 378 79 327 195 396 355 226 194 216 344 342 110 349 75 258 91 378 413 188 70 411 
138 272 107 425 54 76 361 68 202 472 152 438 54 297 334 360 229 0 234 282 279 283 343 127 308 307 376 392 427 63 413 337 359 391 151 283 395 177 143 413 
86 322 64 474 82 68 63 392 454 248 174 233 481 223 66 495 236 392 0 386 369 162 54 413 471 396 63 460 290 397 309 410 433 130 180 163 163 405 176 261 
359 374 141 91 110 70 107 104 257 206 197 125 74 201 488 251 303 257 417 0 93 154 225 209 86 306 339 406 175 244 82 386 309 162 234 106 223 254 370 484 
461 282 180 293 306 88 487 263 341 244 179 140 348 355 299 140 367 345 497 492 0 295 285 133 310 397 317 366 119 71 235 103 238 468 440 481 480 234 468 243 
75 418 128 372 472 189 378 111 55 429 314 253 430 98 93 239 202 360 104 271 137 0 496 80 326 463 471 62 199 204 236 148 436 153 226 64 124 366 148 393 
127 76 413 331 456 218 374 194 370 440 455 140 77 450 378 109 413 348 121 318 258 308 0 416 401 411 141 415 242 213 62 134 291 88 253 328 250 421 408 394 
290 347 104 137 130 53 465 189 172 68 261 440 276 68 355 176 185 203 297 133 366 65 424 0 363 310 177 190 59 304 97 159 94 395 213 388 475 217 352 371 
339 126 131 279 108 356 340 442 247 493 238 331 359 254 254 221 63 137 118 280 392 165 389 436 0 266 102 79 448 476 137 318 314 213 399 299 271 461 139 212 
207 131 157 244 196 361 205 124 130 292 192 360 183 307 249 325 73 57 354 227 239 441 495 259 153 0 149 58 131 109 354 500 473 191 156 424 338 223 128 168 
304 370 310 370 53 116 325 84 346 332 389 279 277 329 273 487 189 372 251 477 187 104 476 367 245 132 0 290 289 305 124 407 315 444 216 185 203 490 460 238 
91 499 126 321 275 161 300 261 56 379 462 483 65 272 459 138 224 297 134 463 101 208 126 123 359 499 258 0 61 244 424 456 493 422 288 313 404 156 319 371 
369 197 89 352 420 311 66 57 485 313 349 204 120 56 487 400 121 485 157 340 436 288 295 428 209 290 240 319 0 396 58 190 264 413 229 322 332 246 94 339 
438 113 187 141 184 401 334 290 472 318 398 67 253 185 313 387 100 309 333 126 411 98 266 381 461 201 203 292 153 0 247 337 90 311 475 388 201 131 221 441 
309 246 94 327 205 436 346 92 243 361 375 319 271 423 291 151 383 198 60 381 301 258 218 342 275 399 229 182 480 157 0 329 495 353 374 77 57 65 129 306 
258 440 181 283 210 310 73 68 400 221 78 280 229 286 448 70 267 346 456 399 81 319 228 283 171 308 310 386 323 390 398 0 288 85 285 277 246 302 301 264 
201 228 499 187 163 285 135 183 258 187 346 364 426 371 91 415 493 105 224 134 134 320 238 372 356 474 149 308 275 156 278 182 0 90 276 319 204 267 160 93 
232 54 145 95 430 467 343 100 215 398 274 55 482 301 243 110 363 423 209 377 404 71 154 85 318 136 355 472 110 221 65 292 225 0 367 93 361 333 386 411 
498 283 392 52 471 399 453 80 261 375 446 137 279 467 448 314 285 290 375 463 106 96 234 348 478 101 391 339 384 483 456 138 265 347 0 140 236 245 299 473 
212 174 419 55 403 141 209 423 132 450 54 95 55 307 486 110 284 86 207 329 177 190 285 472 161 338 318 103 290 117 76 452 241 445 214 0 350 85 373 479 
168 322 483 420 84 496 405 351 487 198 57 315 81 404 306 52 65 351 320 118 140 387 351 298 127 295 462 183 87 91 162 412 363 144 331 153 0 347 442 454 
333 139 218 354 170 121 160 172 343 217 199 412 307 85 469 311 370 264 480 52 57 70 164 419 139 466 456 243 312 397 403 144 243 120 448 119 192 0 314 242 
485 481 391 152 494 182 121 61 51 91 491 54 98 60 168 223 356 133 178 98 395 281 452 245 474 71 400 93 420 213 492 405 401 138 263 150 270 334 0 161 
479 131 358 483 179 124 357 352 431 441 236 235 91 468 186 287 197 415 186 447 90 105 438 201 456 75 415 313 52 455 180 481 86 245 219 422 319 75 481 0 

574.75 0 5
574.75 1 0
574.75 2 18
574.75 3 22
574.75 4 23
574.75 5 15
574.75 6 20
574.75 7 27
574.75 8 28
574.75 9 27
574.75 10 5
574.75 11 8
574.75 12 34
574.75 13 37
574.75 14 17
574.75 15 23
574.75 16 26
574.75 17 8
574.75 18 10
574.75 19 32
574.75 20 21
574.75 21 20
574.75 22 16
574.75 23 10
574.75 24 11
574.75 25 3
574.75 26 11
574.75 27 31
574.75 28 24
574.75 29 6
574.75 30 16
574.75 31 29
574.75 32 34
574.75 33 35
574.75 34 12
574.75 35 18
574.75 36 0
574.75 37 22
574.75 38 34
574.75 39 17

