40 40 4

0 480 435 271 335 82 340 103 361 152 127 190 349 378 315 445 120 264 284 116 89 431 136 246 194 105 368 301 88 88 51 390 67 192 161 352 225 207 406 292 
310 0 239 432 365 116 453 65 394 423 299 216 218 436 302 414 337 357 488 137 152 76 139 492 93 281 359 152 212 273 264 454 82 209 385 153 275 337 168 375 
259 173 0 297 428 109 98 97 396 162 85 483 264 318 328 462 117 316 77 219 478 300 189 188 88 348 72 191 330 116 65 204 81 188 452 215 454 256 470 349 
368 261 88 0 338 78 122 300 352 388 83 278 366 333 417 53 371 472 282 268 301 104 283 211 343 177 162 264 131 125 233 430 443 444 224 488 228 297 494 287 
391 76 271 256 0 359 187 466 436 365 455 203 165 265 436 83 107 319 402 322 400 477 261 86 176 412 260 163 346 263 363 132 154 389 353 116 454 247 289 389 
318 243 91 190 214 0 233 223 479 51 124 56 402 308 267 438 434 385 404 303 231 374 165 69 478 260 129 300 213 82 88 101 350 488 349 490 409 81 212 387 
289 494 393 397 301 159 0 90 441 495 445 243 432 74 114 451 258 324 79 57 487 111 303 87 412 497 142 157 405 173 76 291 168 69 183 65 76 293 105 467 
494 256 209 425 280 273 375 0 244 96 161 252 289 429 261 82 340 257 174 204 162 53 230 403 171 249 293 393 482 85 449 448 285 411 363 209 398 135 290 141 
388 157 99 383 86 310 415 132 0 67 295 286 386 298 466 495 175 421 287 68 402 78 223 105 313 133 418 228 481 259 225 122 353 332 171 235 368 432 149 207 
205 394 443 90 398 165 291 73 292 0 78 91 401 106 264 456 126 103 374 60 84 132 235 363 436 274 240 377 348 378 477 54 82 126 448 329 475 319 120 254 
110 355 51 461 167 472 173 243 74 497 0 254 315 335 195 177 477 419 368 354 267 452 86 271 485 369 425 69 99 243 346 303 60 407 304 471 74 275 350 267 
56 102 227 321 388 373 205 120 498 279 180 0 471 230 216 242 214 292 373 441 341 116 493 351 126 400 361 303 424 343 360 397 349 412 124 376 55 203 80 126 
407 309 463 378 490 386 326 410 177 198 106 224 0 471 99 74 303 449 386 313 372 228 172 268 283 83 98 158 89 458 189 372 365 204 334 242 400 219 274 310 
102 422 366 277 393 171 301 195 119 393 214 197 327 0 336 172 109 126 220 425 372 385 113 243 249 474 283 197 374 209 421 390 261 98 462 244 197 133 496 343 
202 144 263 106 422 99 228 481 175 154 405 497 489 224 0 446 237 405 435 140 278 143 267 374 111 316 335 305 463 418 56 61 327 151 275 383 279 80 317 466 
205 421 371 408 410 301 353 353 412 287 444 189 137 417 269 0 405 439 104 209 402 228 423 169 54 280 150 143 58 180 410 230 91 331 307 449 447 108 57 299 
470 51 449 366 345 366 134 249 304 395 164 412 123 86 288 334 0 72 388 428 287 275 93 468 72 130 274 472 76 88 235 326 58 443 274 130 287 346 421 486 
357 72 150 268 145 393 262 185 416 150 319 202 131 363 169 153 443 0 150 331 470 188 273 51 403 215 482 239 209 328 160 194 184 389 50 158 240 394 371 375 
65 227 194 424 308 263 93 167 205 400 449 381 87 221 382 441 142 120 0 179 301 398 496 446 288 384 202 396 123 302 473 205 317 199 349 241 213 318 491 331 
473 390 279 110 427 206 198 123 298 268 460 99 372 455 251 159 95 403 55 0 168 205 234 323 228 384 378 419 303 195 165 133 375 54 118 191 188 274 339 468 
279 314 427 328 185 382 78 295 427 187 56 301 98 240 331 277 330 415 402 133 0 317 67 423 191 278 492 88 172 472 133 140 250 397 66 77 289 154 312 290 
287 450 296 295 498 242 125 481 279 246 383 118 62 400 491 410 177 482 448 300 210 0 81 146 410 184 369 194 423 474 456 212 260 161 214 261 366 163 92 346 
392 289 228 216 57 334 206 418 218 395 121 224 104 359 320 464 494 188 157 172 368 320 0 335 335 431 255 95 52 368 138 349 466 133 283 181 140 324 94 57 
492 439 336 422 249 194 241 212 394 135 76 66 454 346 107 495 483 312 89 486 387 384 90 0 108 467 323 447 107 353 491 321 344 185 363 265 384 57 212 302 
157 54 84 173 214 380 230 208 119 249 454 104 135 338 144 193 60 173 346 117 233 336 145 76 0 227 458 499 317 221 417 119 329 421 153 208 134 240 389 292 
309 137 453 119 429 290 420 328 300 299 174 124 482 216 426 265 394 139 263 210 311 179 486 346 307 0 139 53 391 85 148 390 344 442 342 169 370 338 88 405 
344 337 78 418 75 244 99 290 344 189 52 54 206 388 490 258 194 335 261 292 370 116 181 420 264 229 0 88 134 66 333 489 360 377 273 485 402 467 83 191 
67 222 193 71 134 287 267 342 432 309 310 223 385 376 110 61 139 289 306 430 305 139 174 371 466 397 355 0 123 120 389 264 137 317 163 365 402 400 338 243 
87 146 52 260 238 134 76 249 431 315 54 360 326 143 241 197 315 344 258 388 170 353 151 464 170 471 328 71 0 371 373 471 408 469 474 375 206 107 401 161 
244 423 166 104 248 259 295 151 281 345 116 375 466 419 233 429 88 203 464 316 280 336 287 188 60 260 269 424 73 0 376 84 268 298 200 78 253 166 79 110 
153 374 176 478 95 95 210 475 133 120 194 400 350 236 186 488 246 152 463 376 382 339 411 356 136 317 140 95 189 169 0 156 499 250 282 477 295 327 393 476 
167 463 169 273 313 355 165 56 308 474 470 183 111 308 300 418 150 324 57 403 219 384 58 425 133 497 401 134 80 500 110 0 197 219 436 176 482 498 291 244 
61 264 213 401 325 227 408 449 84 438 213 437 156 96 201 287 386 197 394 470 227 394 286 130 112 222 256 300 426 497 494 437 0 467 414 337 499 347 244 447 
137 388 159 73 251 412 431 488 297 128 382 267 61 275 52 142 93 431 348 99 356 101 92 499 274 212 336 272 266 286 426 353 174 0 291 133 131 203 63 118 
206 348 450 423 360 224 182 208 474 112 262 72 175 313 322 173 294 240 215 272 456 208 404 309 88 195 392 169 104 161 237 467 460 187 0 390 319 117 278 233 
298 96 445 320 221 465 348 101 258 88 473 480 494 180 384 302 218 285 193 93 95 305 281 61 471 174 157 496 448 385 228 245 188 172 65 0 359 136 119 166 
100 157 139 287 151 476 377 403 401 161 303 444 413 314 431 424 284 104 288 279 259 172 213 454 310 91 225 376 178 295 248 435 402 337 221 259 0 313 304 162 
213 171 171 363 83 435 294 214 425 104 452 410 313 330 122 474 347 163 405 429 498 199 176 189 308 220 116 66 483 371 385 402 492 55 264 75 196 0 264 446 
327 75 397 236 338 433 64 67 279 385 423 414 382 328 90 277 342 260 344 115 449 214 450 106 205 212 76 437 114 291 138 392 316 241 127 360 174 142 0 378 
159 233 56 73 114 90 113 98 383 79 392 448 478 105 153 290 467 71 316 160 136 106 248 478 128 440 311 439 320 159 72 429 342 285 208 163 325 478 211 0 

824.34 0 19
824.34 1 6
824.34 2 1
824.34 3 20
824.34 4 7
824.34 5 20
824.34 6 20
824.34 7 21
824.34 8 9
824.34 9 33
824.34 10 14
824.34 11 21
824.34 12 26
824.34 13 37
824.34 14 24
824.34 15 8
824.34 16 29
824.34 17 10
824.34 18 27
824.34 19 15
824.34 20 9
824.34 21 5
824.34 22 19
824.34 23 32
824.34 24 8
824.34 25 0
824.34 26 32
824.34 27 36
824.34 28 4
824.34 29 9
824.34 30 34
824.34 31 13
824.34 32 5
824.34 33 35
824.34 34 22
824.34 35 1
824.34 36 5
824.34 37 31
824.34 38 12
824.34 39 2

