40 40 4

0 377 418 436 170 275 493 337 140 368 217 217 267 106 209 442 104 348 169 275 466 399 278 244 240 183 250 224 472 54 435 347 137 352 489 257 127 481 301 424 
105 0 468 140 322 73 55 264 334 353 383 108 318 488 92 268 434 225 224 364 196 229 299 249 72 357 237 487 190 424 287 113 479 254 203 57 484 208 271 317 
268 360 0 131 292 103 173 60 244 104 234 107 250 169 356 205 192 420 392 385 109 71 171 173 257 131 82 264 114 448 241 137 215 100 218 457 360 97 223 103 
151 408 161 0 107 283 223 262 181 142 360 65 202 381 186 81 344 474 113 107 87 267 54 381 432 104 305 145 415 352 74 224 209 188 335 266 422 58 234 102 
150 93 118 58 0 181 461 89 475 435 153 289 228 370 293 109 58 104 364 360 225 423 140 399 131 279 234 104 407 449 288 459 305 88 283 314 219 244 353 400 
385 212 188 112 289 0 188 378 297 242 449 363 417 371 209 71 208 438 462 469 344 410 464 59 215 51 292 479 220 242 331 119 126 250 465 396 489 152 273 285 
100 428 354 223 54 62 0 244 213 207 413 388 50 322 351 266 243 352 58 221 278 457 259 348 290 459 68 185 447 377 164 438 427 92 498 356 96 266 306 466 
423 218 354 180 491 204 396 0 233 263 160 161 491 117 126 94 357 84 112 248 237 439 118 381 121 367 378 427 170 143 440 135 66 157 195 403 354 106 298 294 
319 165 405 309 232 237 354 295 0 271 172 493 214 318 317 94 389 184 178 72 304 271 462 145 494 325 291 396 179 347 401 423 372 65 83 387 454 270 240 248 
247 119 447 411 387 263 211 275 397 0 339 53 407 316 465 52 310 290 293 412 175 346 312 97 217 327 337 103 487 106 50 234 59 119 387 176 456 150 337 437 
253 382 441 160 197 161 162 457 157 161 0 125 282 457 387 85 380 421 372 189 407 184 189 348 400 465 234 75 176 334 118 320 294 450 467 404 354 127 272 66 
442 139 141 223 95 479 466 181 155 93 320 0 268 435 216 115 334 387 300 360 63 340 184 89 133 341 55 243 194 339 221 210 280 310 302 210 111 487 175 449 
348 218 269 115 152 191 181 193 77 187 259 297 0 233 393 92 73 233 97 473 133 387 194 294 373 210 302 82 479 288 207 427 342 132 402 407 441 299 294 133 
83 187 98 86 371 442 129 394 381 383 122 465 269 0 473 465 349 183 266 381 368 260 295 50 101 133 403 214 73 408 459 364 441 352 412 478 222 109 313 322 
441 195 395 161 171 367 125 470 256 341 350 330 100 351 0 331 358 434 440 71 214 347 236 284 495 88 195 228 467 462 491 496 402 392 390 62 62 463 344 238 
426 184 295 255 441 145 85 298 79 475 75 450 78 262 233 0 72 56 134 250 473 95 447 468 203 338 113 422 351 283 265 88 415 399 333 169 95 185 412 343 
421 142 125 370 170 93 102 399 99 393 355 278 439 301 453 348 0 139 272 270 440 54 485 234 419 140 274 295 185 165 413 235 85 54 310 161 382 353 213 487 
158 312 342 386 250 142 338 98 231 110 74 377 321 58 318 447 355 0 298 448 491 413 360 432 204 120 241 315 208 300 234 195 164 496 243 256 246 335 94 50 
273 361 74 356 388 289 173 90 144 177 488 134 89 103 65 243 381 463 0 57 88 469 241 440 339 444 182 94 189 468 138 396 447 205 420 302 300 208 426 340 
302 102 84 142 349 344 364 298 224 82 62 263 50 460 409 339 403 91 384 0 91 265 228 193 211 140 112 463 390 478 144 436 486 197 226 128 252 70 442 500 
244 475 61 213 231 228 329 277 130 370 160 379 134 94 71 51 391 134 464 280 0 318 108 423 303 462 148 381 420 375 79 419 326 260 187 245 441 121 73 424 
201 393 83 79 233 335 101 441 225 392 405 212 209 219 341 218 387 195 306 306 70 0 335 431 102 94 324 297 241 395 321 165 96 420 405 332 360 446 139 300 
378 481 411 89 396 129 136 321 222 281 126 478 301 411 165 109 211 439 357 158 90 384 0 480 343 303 385 174 369 86 264 169 414 451 286 453 103 122 88 374 
294 76 450 479 83 116 143 143 277 288 450 141 328 333 121 377 342 212 51 211 248 472 86 0 162 422 322 321 475 394 116 348 395 142 53 373 175 119 466 268 
102 460 424 194 495 463 265 371 305 427 128 222 174 99 465 493 228 286 314 409 387 380 464 488 0 472 467 360 353 86 81 328 345 491 458 489 241 421 460 112 
225 386 397 153 267 203 117 466 381 109 279 289 202 365 459 189 92 426 499 396 218 79 430 62 277 0 387 258 468 307 217 286 238 310 183 97 283 336 164 248 
423 431 234 418 132 98 377 272 141 58 477 243 433 263 172 445 490 58 409 213 72 126 206 467 142 339 0 64 375 381 178 122 303 108 62 427 191 111 303 169 
202 67 352 395 450 114 273 151 310 488 59 230 59 135 386 477 227 224 491 308 311 375 137 320 434 149 246 0 331 210 256 206 118 273 57 219 223 122 442 324 
138 430 333 318 195 175 203 171 108 133 368 123 150 243 210 420 176 65 166 213 226 372 369 50 351 376 220 73 0 204 161 103 500 297 143 317 443 268 227 320 
82 66 188 155 167 381 71 86 263 87 409 426 263 487 50 470 338 132 189 117 287 57 171 286 304 264 309 453 238 0 486 273 270 52 411 132 376 291 153 168 
260 190 77 185 159 270 392 129 107 474 475 382 467 482 52 459 493 473 268 445 210 460 217 186 218 334 268 93 124 128 0 212 90 475 446 225 134 215 116 420 
480 297 394 361 263 376 119 222 368 298 440 312 214 155 236 350 80 69 325 123 351 159 492 391 133 193 323 217 359 145 343 0 94 392 237 161 155 319 230 327 
393 478 473 411 398 334 146 247 364 373 278 194 223 387 185 320 471 85 142 394 394 238 237 194 129 180 305 441 205 241 474 97 0 425 446 458 322 487 311 68 
350 183 53 494 112 390 386 382 116 421 475 461 70 419 404 214 254 290 225 195 445 416 168 492 340 321 205 161 307 466 179 156 148 0 182 357 210 279 449 299 
345 369 273 61 145 398 415 65 151 204 240 296 355 155 171 102 445 442 258 105 248 223 441 110 78 330 173 445 315 121 243 159 196 222 0 171 291 119 292 62 
428 203 252 223 57 357 100 110 57 492 74 319 446 247 467 263 482 296 386 427 317 214 376 426 360 98 303 358 374 95 370 301 455 122 231 0 218 185 281 485 
400 480 58 218 425 256 184 394 237 186 280 370 453 444 246 135 59 50 388 367 374 189 237 382 143 65 319 312 407 99 52 306 285 61 475 210 0 474 365 310 
210 51 296 287 210 239 239 295 456 239 183 322 319 78 265 200 379 280 469 397 187 275 399 443 59 410 173 426 383 489 236 300 246 482 86 406 428 0 275 201 
139 220 90 411 489 325 383 396 203 162 120 99 55 101 449 205 318 358 84 243 448 72 185 247 475 374 490 381 57 471 288 146 190 84 263 385 359 145 0 280 
62 465 107 111 470 158 266 381 426 124 416 376 278 194 60 475 169 140 464 256 147 434 250 450 330 284 213 214 142 308 201 361 272 258 179 449 366 395 85 0 

772.53 0 26
772.53 1 26
772.53 2 5
772.53 3 2
772.53 4 19
772.53 5 19
772.53 6 1
772.53 7 27
772.53 8 29
772.53 9 10
772.53 10 25
772.53 11 27
772.53 12 29
772.53 13 15
772.53 14 5
772.53 15 29
772.53 16 29
772.53 17 24
772.53 18 22
772.53 19 14
772.53 20 35
772.53 21 9
772.53 22 28
772.53 23 19
772.53 24 9
772.53 25 26
772.53 26 8
772.53 27 31
772.53 28 9
772.53 29 38
772.53 30 35
772.53 31 24
772.53 32 15
772.53 33 2
772.53 34 26
772.53 35 34
772.53 36 10
772.53 37 17
772.53 38 12
772.53 39 28

