40 40 3

0 149 92 213 363 472 278 452 392 485 405 218 76 431 331 285 208 133 225 495 87 114 245 170 468 479 330 361 146 347 175 350 447 424 269 65 151 498 224 493 
238 0 128 418 264 265 248 500 180 88 431 174 332 495 126 452 218 104 488 78 407 90 410 463 487 89 232 259 190 436 433 390 173 267 307 144 482 261 350 161 
55 280 0 493 93 274 118 251 443 379 445 227 492 486 137 211 472 176 393 230 73 328 369 413 207 135 426 301 117 186 357 435 399 136 427 442 117 251 400 266 
336 344 443 0 84 329 286 245 57 169 137 444 192 171 313 311 84 398 236 92 465 128 399 400 477 486 82 175 102 491 281 318 82 124 467 116 160 253 311 167 
128 154 317 270 0 482 129 80 66 478 473 108 198 100 457 304 77 198 93 409 457 83 189 481 115 470 448 389 129 407 199 453 485 60 270 461 492 349 247 57 
82 219 322 231 269 0 486 241 52 390 284 411 347 317 306 327 139 276 481 478 111 143 383 64 127 393 491 294 141 339 491 355 128 209 177 309 429 369 500 187 
258 284 98 104 307 110 0 138 152 336 325 336 398 419 219 168 252 318 158 253 409 447 243 264 74 159 147 89 294 466 296 431 223 286 235 485 299 296 329 402 
131 153 237 235 278 162 353 0 237 431 461 440 95 164 182 309 395 498 406 435 291 127 437 222 57 222 407 492 471 202 320 128 491 179 72 432 408 184 285 351 
321 245 290 367 115 422 175 461 0 420 288 151 417 121 87 138 128 466 252 119 436 160 145 64 357 482 293 289 145 427 73 446 248 475 235 114 90 363 446 257 
489 440 358 406 61 151 250 346 116 0 452 172 258 319 267 479 175 455 271 414 99 198 193 495 396 168 229 216 415 299 368 171 287 308 235 192 75 92 393 371 
158 100 493 366 369 467 345 251 421 115 0 164 471 470 308 221 121 182 157 287 303 406 155 424 399 169 365 91 194 407 190 64 271 447 264 136 72 230 187 273 
357 253 387 83 222 401 255 294 82 118 287 0 335 474 392 465 372 267 85 169 411 198 65 182 419 463 396 55 485 332 399 464 188 151 350 429 80 251 183 80 
490 251 317 81 431 416 252 58 182 288 178 300 0 192 400 432 111 118 83 323 309 121 221 272 466 79 329 394 109 286 283 346 275 484 162 62 170 284 265 179 
173 259 307 179 401 413 317 462 482 350 491 497 177 0 212 269 142 241 97 487 56 333 269 352 314 460 220 327 129 455 298 258 334 56 271 463 163 391 279 332 
372 335 322 368 218 484 343 310 224 390 52 437 429 479 0 288 243 194 459 276 273 169 73 238 209 286 215 171 399 105 156 230 183 197 52 258 365 242 100 381 
173 197 384 109 125 118 348 74 262 62 300 485 181 79 429 0 340 315 144 217 421 406 79 357 89 226 115 297 297 308 103 177 187 250 60 246 82 335 300 106 
96 312 113 288 199 142 216 489 408 66 412 84 179 441 391 218 0 373 457 221 169 264 274 53 401 231 270 353 263 105 153 75 151 171 138 145 321 231 312 65 
345 84 184 379 213 124 476 137 204 432 64 79 402 496 82 58 226 0 59 362 195 114 221 427 422 342 65 67 369 453 85 385 53 119 68 138 490 349 113 333 
259 496 348 289 397 343 77 406 275 86 474 420 150 194 102 72 242 324 0 89 111 276 124 202 486 400 220 123 389 275 394 222 485 389 276 273 492 118 56 153 
343 93 126 469 193 477 70 422 219 101 217 487 327 498 188 69 398 114 349 0 493 95 242 421 79 337 196 58 329 471 65 188 69 108 472 488 458 448 265 136 
373 316 303 115 349 301 253 124 405 73 424 397 119 165 74 355 209 427 364 488 0 398 135 175 417 400 353 161 113 301 132 199 380 154 453 446 453 460 405 284 
364 429 207 467 254 78 491 108 237 174 178 431 71 263 313 194 369 165 305 433 416 0 143 131 52 247 290 448 407 249 352 190 319 487 347 493 240 131 483 299 
319 363 427 249 384 397 268 285 265 384 89 197 55 390 486 57 136 275 455 493 231 63 0 182 256 500 235 248 447 317 438 452 342 300 378 297 184 481 65 175 
453 155 421 149 160 310 341 168 397 323 329 145 53 98 278 259 305 219 458 251 242 395 202 0 83 401 286 87 291 267 102 416 426 414 337 281 73 146 122 398 
493 395 227 138 154 482 122 119 286 291 283 487 484 384 395 273 285 388 310 75 361 118 442 286 0 482 278 66 262 374 138 159 123 239 92 418 343 74 246 413 
310 243 402 53 433 286 154 206 70 492 222 95 352 291 487 137 479 471 154 240 101 449 350 174 188 0 392 298 237 172 494 356 433 236 258 192 169 494 296 81 
270 288 253 315 346 250 58 434 229 479 294 175 286 242 231 410 136 330 414 80 452 407 386 140 143 350 0 282 469 99 285 500 319 279 252 341 124 209 349 57 
144 83 301 269 76 250 207 436 336 487 350 366 194 463 459 285 312 64 273 280 114 264 486 139 493 238 430 0 117 153 485 331 247 275 339 466 301 88 379 443 
130 121 292 203 266 462 368 257 273 382 236 53 202 451 489 292 443 433 221 266 85 206 304 282 431 142 455 438 0 387 89 380 467 161 172 376 377 133 450 340 
112 332 75 322 484 232 311 482 382 450 203 147 242 115 401 230 252 249 391 189 135 431 68 309 91 397 391 174 236 0 341 220 299 172 452 120 362 184 137 344 
65 294 253 369 486 318 270 422 69 469 313 208 311 450 226 119 247 330 460 127 65 300 297 314 178 248 385 247 138 228 0 297 153 472 500 473 457 73 449 135 
92 173 398 457 434 103 389 52 300 218 463 133 234 469 136 254 354 334 138 100 179 317 347 282 495 102 461 452 125 409 293 0 374 82 397 86 466 450 425 225 
456 350 394 88 83 362 174 287 215 214 132 472 99 155 74 332 149 126 499 307 408 408 99 488 196 446 73 368 151 205 92 106 0 54 192 351 294 261 231 287 
182 152 125 154 201 437 178 239 293 462 238 99 125 352 356 113 498 57 343 365 159 498 164 422 258 306 480 51 66 210 496 406 68 0 120 59 427 264 394 165 
56 355 353 312 187 204 167 250 408 382 92 273 491 90 143 168 54 155 147 56 172 64 258 77 82 84 293 459 298 393 124 304 248 183 0 323 141 94 440 341 
208 321 139 187 67 386 280 186 391 386 283 153 264 297 361 498 86 151 497 495 156 389 325 166 343 215 439 434 259 379 274 173 406 364 311 0 424 456 90 316 
346 182 305 449 396 102 65 149 345 374 145 339 480 485 371 145 327 85 84 261 50 413 241 173 74 311 434 448 267 231 470 319 363 275 268 259 0 83 490 114 
378 363 210 423 342 194 293 438 227 328 472 438 328 140 179 208 164 196 141 319 413 322 495 232 185 269 206 150 302 402 214 179 265 130 309 313 274 0 101 457 
452 380 184 145 414 274 481 328 145 177 420 170 296 448 164 478 339 140 390 195 392 292 360 278 263 196 86 282 421 344 239 128 430 373 430 344 354 411 0 171 
205 87 297 81 333 452 402 67 290 492 163 436 140 161 51 124 374 197 367 156 324 210 101 158 140 424 88 190 484 449 67 188 242 71 219 281 473 121 298 0 

622.25 0 17
622.25 1 31
622.25 2 15
622.25 3 27
622.25 4 32
622.25 5 30
622.25 6 13
622.25 7 37
622.25 8 9
622.25 9 25
622.25 10 37
622.25 11 20
622.25 12 10
622.25 13 22
622.25 14 20
622.25 15 19
622.25 16 8
622.25 17 30
622.25 18 15
622.25 19 7
622.25 20 30
622.25 21 0
622.25 22 15
622.25 23 34
622.25 24 22
622.25 25 31
622.25 26 8
622.25 27 8
622.25 28 10
622.25 29 14
622.25 30 38
622.25 31 17
622.25 32 6
622.25 33 14
622.25 34 5
622.25 35 28
622.25 36 5
622.25 37 8
622.25 38 15
622.25 39 3

