40 40 3

0 485 256 403 146 329 120 372 340 91 149 210 458 322 318 228 329 64 63 313 251 143 417 145 383 474 103 77 140 160 260 469 145 466 127 448 51 197 75 341 
238 0 175 50 402 447 318 130 276 89 350 295 497 443 419 348 325 392 402 108 239 268 318 414 119 491 491 66 492 187 92 88 132 424 295 484 370 319 320 352 
358 169 0 354 111 111 272 409 142 163 66 200 108 285 225 472 354 215 218 127 413 112 169 451 401 299 452 140 375 270 411 227 335 79 80 396 348 58 60 440 
378 77 347 0 437 312 71 164 372 443 333 449 355 395 324 61 295 122 219 141 448 439 51 381 273 81 167 375 379 175 386 74 52 413 371 195 431 148 310 302 
90 142 458 151 0 243 281 369 244 110 87 335 264 233 337 144 456 124 468 87 209 142 423 233 351 91 311 497 472 409 62 480 206 361 437 63 103 218 139 53 
485 176 94 248 115 0 137 342 71 211 65 315 126 157 237 310 214 485 327 417 456 442 429 435 354 289 372 368 98 296 213 308 280 95 353 478 161 440 75 389 
358 90 203 434 404 146 0 450 324 130 276 241 85 218 169 226 71 165 304 145 213 99 308 228 85 354 80 269 465 226 50 353 83 297 55 224 407 151 173 231 
438 400 422 473 324 297 405 0 345 168 209 197 88 258 455 266 294 64 296 269 479 472 270 87 262 66 299 436 424 156 108 154 93 214 282 272 488 285 177 89 
404 336 236 442 300 397 207 93 0 412 209 69 146 180 289 184 392 305 189 83 435 52 142 88 95 306 76 74 50 312 201 89 422 487 482 363 493 378 69 293 
496 435 312 142 114 100 483 213 111 0 171 246 497 173 94 291 426 107 318 450 314 336 357 353 257 99 90 119 91 418 345 334 414 279 145 262 99 195 244 469 
257 121 422 460 452 466 250 377 279 67 0 82 92 109 389 151 316 438 191 141 235 109 192 69 229 177 164 441 227 66 184 402 480 462 323 439 413 496 188 496 
274 413 77 317 472 172 418 288 316 316 135 0 51 375 278 70 310 161 391 250 94 407 140 447 386 101 269 80 221 264 219 216 245 131 451 268 102 329 392 96 
145 207 389 353 288 373 129 97 484 470 297 78 0 133 143 231 225 195 206 256 366 177 181 288 372 262 445 139 70 274 237 324 125 395 212 428 182 84 56 230 
274 232 233 58 71 327 239 247 228 152 209 300 279 0 340 294 357 308 239 202 328 463 389 151 87 283 69 465 172 310 227 352 84 165 291 299 187 117 245 140 
51 347 299 301 332 345 95 188 152 284 96 186 453 191 0 288 490 425 307 210 303 117 387 154 358 258 395 156 395 219 351 241 220 404 246 228 235 90 480 129 
399 263 175 85 422 317 79 411 448 336 327 250 159 420 110 0 223 177 211 86 72 136 387 263 63 291 460 241 232 256 220 312 155 189 437 190 317 460 219 227 
163 261 53 363 127 423 179 56 99 341 92 328 183 186 298 196 0 183 464 143 365 426 313 176 80 208 320 427 475 279 352 408 393 320 167 462 153 89 348 159 
346 395 409 380 77 94 384 224 227 347 317 91 273 337 425 59 251 0 244 193 433 229 495 340 328 70 214 497 173 253 344 490 305 238 398 185 472 198 68 195 
131 122 219 172 101 262 303 110 463 497 253 151 433 455 198 260 475 362 0 256 355 114 306 344 126 250 448 468 222 145 242 367 433 314 292 104 121 53 358 182 
223 110 141 324 493 302 472 460 277 333 422 338 154 228 181 230 428 335 404 0 149 186 145 223 118 166 221 379 237 225 443 125 154 53 424 428 252 225 156 418 
208 195 96 496 299 274 383 235 408 424 345 264 109 441 193 384 313 364 263 256 0 295 205 332 155 415 462 290 374 186 396 291 101 90 93 303 96 317 186 488 
432 109 333 402 376 273 301 259 292 371 472 498 166 384 329 478 298 497 267 378 390 0 162 376 441 410 419 243 212 443 135 199 130 195 482 482 277 461 489 486 
252 359 214 250 231 97 285 209 101 282 426 186 171 295 61 111 204 430 60 366 128 146 0 64 208 498 253 396 274 213 384 466 416 243 179 372 424 433 156 339 
241 388 265 377 265 266 388 326 420 73 93 492 152 189 262 66 393 465 413 373 385 52 94 0 56 245 431 378 376 363 240 421 103 128 185 430 99 401 73 376 
76 97 175 274 406 70 243 422 413 207 90 492 298 93 85 304 495 466 388 126 85 128 498 138 0 413 389 275 462 497 298 93 279 101 425 53 213 445 246 342 
113 159 382 104 164 181 347 174 383 68 62 459 103 347 212 399 466 101 173 183 97 177 227 326 436 0 151 85 148 303 488 440 366 147 78 177 261 209 474 385 
91 492 153 257 302 206 419 200 171 226 79 305 273 413 238 306 348 95 97 203 348 85 142 421 182 377 0 97 149 86 277 484 334 475 344 297 483 500 423 182 
378 148 418 182 372 331 126 384 385 378 431 87 433 466 387 353 354 263 156 453 55 383 193 96 113 487 343 0 96 242 265 435 119 364 353 458 442 390 290 81 
481 168 462 275 100 184 161 159 488 130 265 441 136 354 340 182 417 82 231 219 274 203 154 100 273 213 264 214 0 102 54 245 289 172 413 63 429 96 174 87 
84 462 302 231 97 362 277 436 485 309 373 204 289 75 308 339 298 227 310 218 279 314 413 274 192 82 288 120 128 0 168 364 369 129 372 99 383 233 326 74 
217 341 398 371 130 179 385 175 428 111 435 352 96 455 265 321 146 53 108 423 131 433 286 451 62 157 256 395 96 82 0 420 264 129 73 341 209 202 433 91 
336 494 476 188 297 431 159 324 283 162 138 206 243 70 198 193 82 62 156 184 108 395 310 78 474 333 126 183 485 58 224 0 321 258 406 459 54 92 117 84 
326 229 172 238 178 193 142 78 432 154 184 115 420 78 375 448 51 414 73 391 399 288 114 219 497 227 384 257 269 451 292 94 0 386 170 489 63 313 131 91 
452 235 432 273 361 460 355 309 462 268 88 352 166 83 173 91 286 350 425 493 325 375 491 370 467 368 114 237 387 195 278 338 137 0 417 111 448 376 172 463 
93 390 258 152 56 291 482 97 283 331 229 275 155 310 473 231 277 340 296 464 226 197 448 271 284 364 88 439 447 210 401 490 99 365 0 141 312 362 122 116 
144 159 295 126 472 104 305 409 331 144 411 50 76 108 449 53 98 312 91 487 465 251 144 455 57 215 302 319 77 131 385 378 447 179 454 0 174 441 258 83 
271 108 200 479 342 258 427 345 63 445 387 256 410 344 106 120 107 272 372 377 55 209 468 383 156 354 337 280 294 301 69 271 360 220 249 201 0 428 382 252 
197 327 345 404 443 396 216 62 453 194 140 329 199 300 53 82 162 357 125 392 357 376 412 127 442 131 83 349 265 415 101 413 448 396 72 146 291 0 445 365 
244 139 456 279 288 462 489 76 123 345 358 221 408 234 132 242 382 420 275 231 185 396 282 304 100 384 82 403 175 477 268 125 322 430 110 110 147 99 0 343 
220 150 201 391 265 141 230 457 473 149 438 203 284 89 435 294 139 75 82 249 200 59 467 482 87 152 298 147 249 103 197 175 411 348 65 175 195 452 131 0 

627 0 2
627 1 11
627 2 26
627 3 15
627 4 36
627 5 8
627 6 12
627 7 5
627 8 32
627 9 37
627 10 23
627 11 28
627 12 36
627 13 7
627 14 7
627 15 12
627 16 2
627 17 3
627 18 13
627 19 27
627 20 29
627 21 37
627 22 29
627 23 21
627 24 0
627 25 30
627 26 9
627 27 20
627 28 24
627 29 20
627 30 16
627 31 27
627 32 31
627 33 3
627 34 31
627 35 28
627 36 1
627 37 32
627 38 22
627 39 22

