40 40 3

0 367 397 198 185 220 435 150 285 275 128 66 281 457 355 389 81 159 252 440 142 117 279 260 389 192 264 396 91 246 415 497 112 311 401 455 482 336 104 473 
317 0 183 489 97 139 99 436 377 208 395 316 57 462 301 474 106 444 237 208 485 433 122 237 252 384 138 206 121 180 260 93 447 393 81 494 238 130 186 114 
496 287 0 137 52 248 388 476 61 87 212 219 279 351 292 466 102 382 310 258 453 196 469 496 142 117 283 343 62 363 235 126 114 228 420 116 182 308 91 193 
345 460 119 0 123 311 361 296 119 242 312 84 401 459 52 396 307 326 178 356 338 247 90 171 312 475 90 134 157 104 383 300 156 342 369 229 359 436 231 429 
384 250 463 284 0 415 221 386 221 253 270 77 91 224 324 419 242 299 215 326 406 270 208 412 376 257 488 311 115 423 249 250 63 449 419 53 363 139 390 290 
99 366 73 140 89 0 104 265 281 109 430 314 221 406 228 132 281 435 119 299 50 249 498 457 262 202 376 265 64 221 361 60 270 227 84 116 266 138 331 254 
197 468 67 368 373 452 0 206 361 387 483 159 143 231 363 99 199 64 181 414 285 353 482 51 329 208 85 396 180 380 433 384 283 400 157 357 480 109 63 340 
202 496 205 295 433 67 100 0 131 288 232 251 279 84 232 280 119 146 316 465 277 402 154 367 185 53 475 492 239 290 54 78 442 256 440 443 188 457 493 476 
451 224 227 229 465 409 460 84 0 262 275 255 489 176 359 355 67 119 85 59 308 81 270 93 229 477 483 171 371 196 371 347 146 301 73 326 266 188 285 56 
400 266 468 144 148 327 206 166 152 0 241 175 410 480 151 209 208 334 192 86 205 338 407 258 434 207 488 259 179 382 250 392 489 466 360 132 114 393 495 230 
495 236 111 160 422 419 320 336 253 462 0 372 164 55 485 128 195 399 115 161 284 203 361 176 191 327 242 481 147 134 475 83 335 417 144 445 338 269 471 174 
472 188 252 342 193 237 420 339 135 485 450 0 125 188 310 251 85 343 443 65 196 283 247 229 324 163 79 476 208 299 446 332 270 134 290 112 277 233 238 322 
318 430 271 394 324 288 351 359 337 50 131 484 0 490 328 419 314 441 449 289 355 247 441 393 223 74 183 492 58 366 230 330 391 159 308 491 433 302 341 498 
345 97 128 328 87 406 247 107 103 402 102 164 148 0 493 57 321 274 190 313 282 262 493 111 152 358 125 142 497 377 190 494 222 444 122 256 237 234 209 50 
494 110 102 158 208 302 165 236 75 61 499 63 273 247 0 331 132 311 407 431 307 490 327 300 418 271 128 174 214 313 89 215 62 150 474 377 64 275 248 250 
56 259 455 69 239 408 351 321 218 464 251 231 453 78 482 0 371 55 109 251 219 128 290 384 348 146 358 224 161 339 423 117 102 181 279 121 126 186 178 397 
111 348 355 292 301 383 273 378 144 89 335 313 374 124 404 221 0 428 468 152 88 306 74 155 114 412 384 186 489 277 70 141 338 369 446 336 376 84 316 253 
178 355 294 198 435 124 101 363 51 275 465 89 287 489 402 352 156 0 492 244 351 475 264 443 68 339 144 355 214 386 170 173 63 231 417 418 165 492 225 478 
493 450 198 289 237 393 397 88 500 144 282 106 119 252 255 137 91 350 0 442 255 235 318 379 455 499 51 129 164 249 304 348 449 254 497 237 197 389 340 235 
144 434 223 201 52 425 406 140 222 462 288 428 403 106 62 358 104 270 437 0 425 470 447 480 418 200 232 361 103 120 200 288 422 133 217 122 136 349 234 433 
70 196 427 448 98 483 216 162 294 437 305 218 162 252 197 286 158 135 146 212 0 206 296 206 334 135 130 162 428 429 346 360 449 248 287 153 53 476 319 372 
269 462 177 194 330 135 97 115 450 183 211 368 339 213 281 379 299 361 491 433 289 0 92 293 444 291 286 96 50 261 122 372 237 290 499 381 120 340 428 392 
497 110 103 364 155 473 144 484 478 211 230 411 206 273 410 150 270 195 403 270 162 475 0 141 105 472 347 436 298 393 120 189 389 180 449 253 493 422 103 476 
399 472 206 65 177 185 425 277 405 326 180 381 195 361 228 250 332 281 393 129 174 463 476 0 269 142 424 472 134 345 282 317 451 253 229 222 136 120 147 364 
475 179 250 111 324 317 289 281 356 70 173 191 401 342 166 169 434 90 348 275 141 129 298 298 0 88 477 471 174 96 324 244 277 453 200 338 484 468 333 264 
79 353 143 220 253 435 93 373 124 133 220 105 431 55 353 436 300 85 406 424 338 436 375 114 144 0 281 158 127 455 442 97 484 50 397 411 254 331 454 333 
162 293 259 217 223 471 70 158 270 105 270 400 394 412 274 214 56 262 323 133 216 471 388 200 471 284 0 110 431 115 63 470 434 306 228 150 235 405 170 100 
174 433 76 74 82 439 54 246 445 266 275 284 189 452 171 339 179 406 155 109 227 168 286 160 180 220 467 0 121 125 137 171 249 276 405 480 308 343 241 260 
494 213 242 277 352 193 399 397 78 60 51 138 444 376 374 310 55 300 276 334 375 119 211 331 345 115 310 359 0 164 257 326 157 421 274 385 479 173 490 376 
202 256 133 497 406 460 370 422 221 376 197 54 251 474 216 81 74 488 97 140 152 305 416 466 432 189 350 410 312 0 95 492 220 57 125 216 413 84 292 334 
255 168 238 467 369 211 389 400 442 376 447 81 234 458 447 200 389 342 256 55 361 58 497 80 65 121 247 185 362 489 0 225 324 156 413 290 475 330 178 130 
272 260 284 59 445 241 457 144 337 54 106 342 365 114 94 152 337 373 349 472 234 93 196 264 200 316 53 381 145 388 218 0 123 148 208 133 92 155 296 393 
442 56 205 490 128 270 291 230 106 163 285 284 103 328 430 318 234 245 77 322 97 416 246 377 63 404 216 312 58 218 411 207 0 225 115 403 303 335 193 239 
147 306 474 381 116 57 67 384 449 262 411 477 65 326 222 149 95 332 315 357 340 240 267 253 415 333 156 424 374 55 162 228 68 0 342 108 134 105 125 224 
53 94 134 480 316 167 408 415 212 239 437 276 286 383 493 489 297 81 351 427 162 113 88 340 131 136 154 422 191 230 145 402 481 436 0 137 52 309 496 174 
228 234 317 454 226 199 202 422 446 441 272 372 102 91 166 392 172 459 252 93 149 432 395 257 168 331 345 171 139 340 295 317 280 111 477 0 457 467 179 378 
412 119 356 490 378 398 362 476 276 76 227 76 175 159 421 383 484 458 434 361 304 273 362 327 259 179 304 215 145 433 299 263 258 155 459 135 0 259 320 110 
241 346 287 267 228 152 395 317 343 108 250 203 362 229 65 189 438 194 443 360 497 131 158 259 95 470 218 180 435 244 447 176 90 440 393 475 92 0 494 498 
385 102 247 294 170 182 309 309 326 210 458 185 413 88 50 171 133 226 339 470 161 83 416 287 330 356 386 60 154 136 57 245 188 461 489 64 142 54 0 324 
174 421 488 310 333 76 66 454 366 242 500 92 353 289 214 346 325 69 232 335 380 318 98 124 212 58 320 226 357 324 256 481 451 244 497 283 477 62 443 0 

769.56 0 5
769.56 1 16
769.56 2 1
769.56 3 15
769.56 4 20
769.56 5 21
769.56 6 26
769.56 7 31
769.56 8 19
769.56 9 11
769.56 10 21
769.56 11 35
769.56 12 20
769.56 13 26
769.56 14 15
769.56 15 37
769.56 16 27
769.56 17 34
769.56 18 22
769.56 19 4
769.56 20 27
769.56 21 38
769.56 22 10
769.56 23 19
769.56 24 12
769.56 25 21
769.56 26 31
769.56 27 28
769.56 28 35
769.56 29 20
769.56 30 32
769.56 31 1
769.56 32 25
769.56 33 34
769.56 34 17
769.56 35 34
769.56 36 5
769.56 37 32
769.56 38 26
769.56 39 13

