40 40 4

0 203 141 479 143 464 242 193 173 404 103 215 235 463 317 318 445 289 234 360 131 464 374 165 91 340 108 447 230 491 398 373 194 490 107 494 209 55 186 88 
409 0 447 253 351 409 70 375 109 65 108 420 146 71 293 469 112 339 76 265 69 274 163 148 418 359 206 411 274 211 304 312 327 250 65 384 365 292 258 180 
63 316 0 99 160 338 98 335 156 388 117 372 163 341 241 261 258 306 173 376 79 91 386 97 368 342 112 251 206 110 215 336 124 481 142 441 318 190 275 181 
77 98 259 0 190 390 450 158 354 255 281 229 491 322 321 87 396 162 357 353 74 173 67 117 454 499 209 394 72 105 375 410 340 424 168 236 313 324 344 373 
78 332 102 275 0 153 129 313 256 242 376 108 266 499 333 89 453 87 455 102 109 60 428 226 350 107 344 85 126 168 136 449 403 418 257 178 70 337 197 483 
285 72 91 257 277 0 374 297 229 411 251 489 226 261 416 402 317 229 453 353 305 327 439 460 229 112 217 113 132 260 467 115 495 245 363 251 473 443 254 408 
109 456 396 285 423 67 0 394 240 246 102 299 257 379 444 424 314 55 347 134 344 106 100 165 307 52 478 57 475 176 469 382 235 424 485 227 102 51 120 292 
455 172 297 418 257 447 341 0 70 452 394 154 52 450 412 167 463 414 352 227 388 478 195 476 213 325 216 390 377 218 216 376 379 94 172 52 301 326 100 77 
484 444 182 486 150 93 153 112 0 213 211 289 100 188 190 282 107 465 449 447 342 373 369 217 458 169 95 460 420 371 59 448 111 210 336 96 310 135 406 128 
298 116 124 104 462 264 92 68 229 0 247 222 277 119 90 200 283 417 452 243 336 79 459 490 140 168 81 186 184 166 299 263 170 121 93 224 82 307 474 101 
242 220 480 225 497 276 375 279 192 327 0 228 479 356 187 224 446 61 463 338 403 335 136 165 456 415 415 386 447 221 359 254 170 286 233 345 282 460 427 60 
151 253 239 336 315 132 267 467 350 229 304 0 252 63 147 123 225 61 488 318 214 416 383 419 85 168 358 136 400 73 62 167 175 472 356 217 286 194 434 252 
250 369 263 453 139 116 282 314 334 270 131 254 0 392 465 379 427 339 237 269 239 260 282 356 141 253 418 309 246 318 242 204 67 318 173 470 407 239 459 220 
279 228 58 484 119 229 362 252 67 305 471 463 65 0 459 74 156 419 198 171 371 466 120 74 484 388 198 209 294 143 167 220 129 101 435 319 377 370 180 128 
144 192 306 106 414 471 338 276 389 486 398 259 452 468 0 491 191 111 395 350 111 244 224 281 323 275 423 141 152 292 479 437 386 170 242 199 83 420 487 65 
308 472 413 274 179 136 264 320 197 365 377 258 108 100 246 0 382 81 375 229 390 166 414 327 259 290 275 408 79 194 150 95 209 328 458 433 458 94 403 484 
448 474 360 206 81 166 158 169 198 483 349 87 355 262 120 113 0 259 346 227 288 246 327 333 405 362 291 93 75 91 202 58 489 175 125 401 414 241 265 82 
145 247 137 390 102 350 460 372 315 61 99 102 258 132 386 369 444 0 383 413 469 180 321 234 375 447 309 276 360 256 491 148 352 445 236 241 253 292 200 124 
106 212 173 158 176 463 250 495 406 132 407 131 262 228 71 137 381 330 0 119 447 85 316 94 387 260 280 334 463 71 485 87 334 403 417 443 78 379 192 72 
492 482 186 329 450 120 350 293 207 179 118 153 421 385 404 64 351 391 348 0 70 168 88 314 453 441 230 151 225 316 500 248 63 481 140 342 187 210 398 430 
367 76 499 226 203 139 336 217 440 226 65 216 345 310 480 53 251 417 154 426 0 232 153 380 452 341 226 293 478 386 190 163 459 423 368 391 332 457 227 500 
153 403 271 319 454 80 299 457 488 215 317 170 153 421 256 104 261 433 103 238 74 0 450 351 484 128 219 130 410 382 307 409 485 417 386 60 126 173 65 83 
160 437 106 280 89 477 487 350 444 419 159 181 443 108 239 182 186 164 470 95 496 276 0 211 237 399 303 454 476 426 469 265 86 161 321 316 200 54 58 256 
448 183 365 129 333 179 74 221 71 188 190 116 390 173 484 333 71 287 286 253 212 461 468 0 455 121 496 478 478 500 486 440 447 376 304 282 208 189 306 379 
210 200 69 484 297 399 467 129 420 460 122 173 379 82 347 333 154 342 310 338 97 52 278 495 0 378 288 276 85 428 289 170 344 439 396 327 235 294 50 71 
214 216 143 93 94 382 146 378 242 439 187 80 486 396 308 236 273 95 463 308 229 458 185 73 396 0 80 106 338 325 106 115 245 273 415 495 73 296 140 401 
489 285 295 275 478 190 82 213 414 334 382 428 270 339 319 500 235 350 105 279 381 369 100 125 141 465 0 119 164 260 416 272 455 201 273 436 178 413 224 341 
82 58 223 217 485 268 486 484 209 91 88 438 422 407 488 253 254 208 78 125 175 445 347 336 145 119 272 0 273 238 446 320 478 210 249 401 194 468 142 177 
176 184 423 321 312 85 64 65 290 223 93 121 348 244 418 183 339 243 161 318 187 107 138 371 267 93 271 412 0 60 364 295 394 254 217 214 65 253 435 287 
249 157 87 320 211 281 444 101 327 393 212 144 286 476 439 157 243 239 378 154 456 448 155 349 201 79 269 424 282 0 204 210 237 67 454 263 229 235 206 487 
268 305 405 362 90 381 57 404 123 246 489 434 201 436 88 257 344 324 476 267 105 179 183 499 197 137 261 132 78 173 0 325 296 184 229 364 225 109 371 335 
389 323 323 78 231 466 324 438 309 147 169 282 410 299 415 408 202 258 376 491 286 499 315 81 390 250 396 114 66 473 155 0 405 296 429 434 233 394 257 170 
409 110 289 190 470 294 311 134 202 69 460 399 305 214 420 93 103 170 195 374 186 374 480 297 376 408 230 108 57 193 228 416 0 461 224 105 430 224 366 63 
133 141 229 482 153 394 402 403 203 71 97 77 414 421 263 210 297 170 147 111 384 497 290 299 457 220 110 387 150 182 156 233 274 0 336 215 133 436 323 486 
138 100 82 165 464 209 378 380 212 254 477 274 344 230 270 349 186 196 409 279 296 298 142 480 278 428 401 361 363 430 346 207 480 134 0 323 199 293 407 285 
212 368 262 436 211 198 412 60 90 107 175 320 353 423 168 88 200 95 195 60 164 124 112 321 310 196 350 459 196 464 244 358 331 212 500 0 248 116 411 465 
156 468 140 426 76 269 300 322 176 345 467 393 215 91 456 243 351 151 299 66 53 262 467 361 299 178 116 498 244 233 462 106 200 308 239 434 0 77 489 255 
203 334 221 302 255 469 257 448 76 115 247 92 118 215 265 186 465 149 252 462 99 192 179 155 98 438 344 482 221 333 443 130 373 371 382 127 339 0 139 282 
121 411 235 163 479 156 134 371 120 233 330 288 282 472 418 388 69 111 231 258 282 63 200 118 142 70 450 220 116 295 208 187 205 149 57 391 255 141 0 468 
326 325 297 113 106 475 237 444 495 298 382 252 286 151 158 110 244 179 60 170 245 61 328 138 424 183 145 70 388 237 488 420 268 492 240 324 466 427 475 0 

852.39 0 33
852.39 1 0
852.39 2 15
852.39 3 17
852.39 4 3
852.39 5 32
852.39 6 27
852.39 7 19
852.39 8 32
852.39 9 10
852.39 10 21
852.39 11 36
852.39 12 26
852.39 13 27
852.39 14 2
852.39 15 21
852.39 16 9
852.39 17 31
852.39 18 6
852.39 19 14
852.39 20 4
852.39 21 8
852.39 22 6
852.39 23 30
852.39 24 15
852.39 25 30
852.39 26 8
852.39 27 25
852.39 28 32
852.39 29 26
852.39 30 31
852.39 31 16
852.39 32 26
852.39 33 6
852.39 34 22
852.39 35 29
852.39 36 28
852.39 37 10
852.39 38 37
852.39 39 21

