40 40 4

0 93 410 206 274 403 331 107 305 330 105 446 377 312 240 95 190 254 321 295 54 370 381 438 166 119 227 116 119 168 183 406 418 299 318 192 201 148 456 212 
184 0 60 365 268 79 104 69 219 64 97 220 68 417 100 456 289 376 389 355 446 57 489 107 425 287 375 323 195 230 486 113 364 496 428 338 74 482 358 451 
252 405 0 170 270 77 221 433 72 96 321 377 248 84 121 305 216 359 180 245 260 360 230 79 430 433 458 475 457 195 332 407 398 443 284 167 226 455 306 248 
257 334 331 0 456 368 403 260 290 468 146 242 434 456 422 463 142 354 420 116 67 115 154 180 219 303 414 92 479 124 349 433 332 182 263 287 256 165 253 253 
339 350 445 272 0 61 122 235 153 427 361 426 200 182 79 330 351 332 451 394 66 74 449 449 112 337 212 349 299 83 102 51 129 158 202 351 169 275 292 273 
408 153 198 107 492 0 435 143 343 266 93 443 283 325 391 438 387 227 356 443 232 390 495 234 225 359 142 75 478 367 74 457 274 384 362 87 375 296 181 217 
268 224 366 50 255 256 0 195 142 189 50 84 372 146 285 312 321 143 160 103 327 478 127 284 458 217 145 496 91 391 176 466 158 106 331 366 312 294 60 160 
189 267 194 267 364 185 78 0 184 485 189 444 311 373 277 94 330 444 396 81 242 286 207 207 151 471 244 223 282 244 440 148 384 206 499 150 69 183 386 411 
374 281 354 184 153 338 436 189 0 281 331 428 229 324 341 386 181 311 337 354 299 80 293 397 414 449 395 271 225 284 156 342 157 387 402 499 246 239 434 141 
227 471 68 406 50 360 499 181 170 0 335 241 176 121 484 72 242 189 174 463 120 408 325 412 272 211 313 270 163 259 410 254 436 136 273 341 137 132 95 475 
459 136 216 134 208 406 157 400 301 488 0 118 371 395 393 489 373 310 58 142 423 267 258 383 202 345 155 249 432 237 295 406 196 381 328 280 295 234 143 401 
241 130 225 112 232 117 307 311 133 315 160 0 262 81 368 145 440 212 250 396 350 194 190 463 96 277 290 82 279 230 383 179 178 463 355 447 401 178 253 212 
262 275 322 230 306 396 325 453 315 282 348 371 0 182 244 333 228 227 330 260 456 266 142 135 394 312 196 340 419 324 300 337 292 74 365 473 86 261 53 489 
75 285 92 152 417 286 436 351 220 472 318 175 237 0 166 467 338 428 162 177 103 193 427 390 191 207 255 163 244 222 374 232 454 158 275 105 282 267 247 132 
193 218 400 319 162 66 492 450 200 361 333 460 53 467 0 350 401 173 311 64 367 483 388 99 192 252 80 247 240 53 445 79 197 369 429 222 481 201 213 430 
108 280 263 67 283 229 123 391 352 140 405 426 122 499 475 0 471 457 261 218 404 471 369 433 167 237 117 95 218 269 259 354 83 489 116 307 479 51 137 369 
110 227 480 486 56 234 216 477 397 183 401 300 153 269 232 478 0 213 300 72 137 275 281 441 64 477 264 321 211 265 408 286 81 135 472 66 141 205 232 324 
308 121 225 108 225 444 497 202 363 296 224 450 277 212 391 291 395 0 154 319 312 125 433 97 157 67 68 173 365 430 112 396 444 183 120 51 358 270 499 266 
133 50 441 82 278 359 423 275 253 283 93 64 359 477 318 466 250 92 0 345 322 228 407 217 171 297 287 173 361 263 378 127 346 134 274 379 118 132 57 344 
91 498 143 105 356 326 373 77 283 171 372 104 349 486 478 470 282 471 349 0 142 233 226 426 79 67 199 164 135 281 378 185 322 375 486 133 437 311 212 464 
93 333 92 354 181 77 331 151 65 301 450 157 485 383 290 270 156 439 384 241 0 427 261 133 455 343 118 88 486 135 457 450 179 290 248 239 177 275 277 485 
497 284 191 153 268 280 149 244 386 88 127 333 465 95 416 419 144 484 213 129 326 0 170 285 211 166 483 400 293 464 176 278 460 411 175 320 385 405 419 336 
290 213 169 122 177 214 245 303 64 228 222 144 260 98 135 421 214 118 77 214 288 203 0 198 248 320 323 274 412 227 192 247 223 356 366 295 239 287 490 248 
57 425 421 358 184 469 444 312 390 268 339 103 55 248 251 253 68 280 233 186 457 132 139 0 179 438 211 180 383 204 377 338 212 301 258 276 191 433 219 453 
322 437 291 131 443 246 88 402 471 318 135 156 481 424 452 159 117 162 497 450 73 373 287 442 0 380 251 217 70 391 143 230 419 79 227 50 228 423 295 337 
393 113 178 255 93 101 206 410 168 75 406 117 98 278 111 246 157 68 413 384 409 55 113 328 292 0 498 84 470 420 329 306 313 148 434 67 192 241 431 101 
359 456 213 183 260 197 244 456 304 469 124 394 378 337 214 412 128 211 446 304 130 481 317 149 129 457 0 374 478 198 304 78 56 259 448 189 225 144 139 180 
154 108 254 498 192 297 211 103 375 128 255 386 416 235 202 64 70 365 388 498 62 398 282 69 156 229 415 0 87 79 261 217 183 319 178 181 461 425 98 270 
56 384 475 148 299 416 56 313 193 371 408 397 384 305 179 159 168 114 73 205 144 491 129 484 309 464 164 476 0 144 420 452 357 303 426 455 308 98 461 120 
241 332 234 344 215 490 473 324 364 294 103 68 144 94 354 127 109 317 449 292 412 368 243 268 377 376 223 184 424 0 390 461 371 221 195 214 386 391 394 416 
254 394 226 479 488 477 333 114 292 149 62 290 267 136 484 486 219 359 415 109 489 304 70 115 476 422 486 117 312 135 0 240 272 479 172 250 466 355 82 287 
353 389 299 143 155 142 126 347 311 191 261 127 386 272 354 207 454 275 192 277 293 278 223 64 256 345 264 429 406 53 215 0 259 392 220 352 253 312 184 307 
330 325 274 407 417 496 260 123 205 241 265 433 484 249 155 254 212 207 468 140 112 227 305 321 325 231 172 285 494 62 91 79 0 337 315 192 460 67 158 82 
222 349 54 154 88 460 467 292 171 173 466 468 442 400 479 263 224 210 141 459 203 154 256 439 197 71 130 364 295 238 152 467 293 0 156 328 331 323 294 329 
444 173 50 412 114 400 390 83 124 306 382 289 215 242 496 153 145 273 440 459 67 177 111 240 176 424 67 213 246 67 492 397 397 249 0 64 218 148 160 458 
429 417 339 425 131 287 420 442 383 399 381 341 172 265 158 362 391 82 380 104 485 153 302 137 50 50 151 425 356 469 382 284 385 221 208 0 222 458 334 163 
96 439 495 388 110 259 252 423 356 491 58 410 476 368 419 319 368 175 421 292 481 389 381 265 480 101 179 201 265 220 315 312 158 65 406 219 0 274 157 141 
129 355 356 246 86 223 371 355 298 496 482 296 477 370 176 448 105 227 126 257 199 296 278 217 161 500 122 330 273 436 421 108 290 483 60 82 205 0 381 388 
453 133 369 249 109 446 375 263 50 309 95 464 214 342 448 381 453 447 209 489 426 351 165 241 348 147 458 380 302 95 267 462 178 343 417 237 288 291 0 450 
495 306 495 215 226 92 369 106 251 72 472 446 448 323 110 395 170 207 353 500 216 154 474 177 282 316 93 469 310 90 174 304 103 375 225 279 174 94 92 0 

951.6 0 33
951.6 1 14
951.6 2 5
951.6 3 29
951.6 4 11
951.6 5 4
951.6 6 34
951.6 7 21
951.6 8 2
951.6 9 31
951.6 10 25
951.6 11 5
951.6 12 33
951.6 13 34
951.6 14 22
951.6 15 29
951.6 16 2
951.6 17 38
951.6 18 25
951.6 19 14
951.6 20 22
951.6 21 37
951.6 22 35
951.6 23 19
951.6 24 9
951.6 25 19
951.6 26 27
951.6 27 9
951.6 28 17
951.6 29 30
951.6 30 36
951.6 31 12
951.6 32 4
951.6 33 30
951.6 34 2
951.6 35 15
951.6 36 24
951.6 37 25
951.6 38 25
951.6 39 26

