40 40 4

0 93 251 126 357 478 363 81 377 374 460 223 173 80 130 367 195 57 411 63 161 335 162 389 59 381 378 282 314 341 401 491 141 358 323 204 335 392 235 418 
266 0 401 141 389 187 221 256 88 435 373 101 303 207 213 191 217 300 68 205 320 115 312 310 413 169 133 116 211 475 57 128 240 164 426 336 301 353 298 95 
288 170 0 146 90 83 65 438 457 71 212 369 341 277 180 358 397 56 441 219 217 171 227 51 362 97 428 404 349 280 201 150 67 321 247 314 110 262 251 67 
491 413 386 0 331 397 272 188 500 278 335 218 445 457 151 447 74 199 130 428 254 360 335 354 134 362 100 398 422 69 356 195 59 475 287 96 127 59 235 126 
494 276 295 195 0 232 396 348 463 301 428 146 54 287 431 359 127 292 165 476 421 184 87 115 400 61 109 447 139 325 388 215 318 163 216 463 102 319 66 271 
119 444 368 331 438 0 54 189 64 297 304 246 424 195 490 489 301 51 304 454 347 128 341 61 397 211 435 115 470 460 132 240 78 282 314 115 219 319 254 441 
322 265 393 245 166 383 0 440 417 384 244 371 230 78 418 448 181 335 138 247 304 97 85 251 333 317 271 398 487 296 359 183 117 123 75 68 446 408 215 362 
498 409 439 434 193 357 382 0 325 191 226 71 202 274 106 159 313 129 380 417 322 383 275 455 206 104 481 225 500 144 390 362 142 54 56 75 197 363 163 472 
261 340 249 169 320 61 278 339 0 141 364 255 413 246 481 124 403 84 104 334 84 405 430 152 497 190 158 72 337 228 392 65 195 231 471 314 257 483 298 95 
330 161 57 449 114 488 72 223 278 0 333 56 68 238 192 377 234 332 242 463 168 176 355 390 321 292 361 134 256 99 138 57 379 249 64 83 69 258 106 242 
243 145 455 468 333 146 345 274 428 86 0 443 303 419 53 399 239 52 466 79 258 64 167 472 149 122 487 183 142 451 446 90 193 90 252 161 374 348 212 354 
483 455 296 492 373 300 390 111 302 112 140 0 266 126 464 237 433 85 430 115 384 381 60 425 280 100 176 391 180 230 309 484 212 263 487 410 135 286 56 196 
294 118 493 59 194 456 453 126 248 383 398 131 0 263 408 262 493 215 388 140 345 118 399 85 487 162 71 397 454 63 159 357 307 227 349 72 127 61 475 204 
259 357 308 96 326 423 309 75 137 196 165 432 471 0 63 223 214 382 244 317 336 257 426 192 270 152 247 499 229 465 474 139 430 86 154 477 119 76 492 144 
163 187 259 301 365 479 475 285 117 425 101 159 389 233 0 301 158 91 254 364 477 219 93 323 148 129 427 331 405 453 322 499 115 216 257 122 287 443 303 71 
59 228 329 168 116 61 175 431 102 135 50 78 304 93 351 0 159 380 484 196 284 436 469 283 257 391 246 330 177 188 339 405 404 66 233 71 339 451 403 477 
259 489 477 494 499 277 101 364 156 84 60 390 471 235 379 434 0 125 125 470 459 470 309 119 374 81 302 151 127 459 261 310 217 249 286 417 454 269 468 318 
375 52 84 472 229 269 350 369 100 181 339 265 151 354 334 231 385 0 135 332 218 300 299 478 223 498 471 139 208 239 107 476 114 316 59 85 251 485 141 119 
84 273 164 299 130 468 132 311 109 424 349 277 223 148 462 396 352 432 0 241 59 170 298 485 441 320 250 232 70 234 324 347 268 303 461 273 383 429 355 400 
244 485 248 227 414 102 188 65 405 326 257 414 447 261 155 387 81 111 119 0 308 296 149 154 270 402 115 250 491 250 311 390 200 296 137 377 209 397 272 225 
301 97 188 421 250 399 282 344 430 344 169 445 346 268 98 322 376 163 71 366 0 119 333 255 269 335 98 146 250 445 124 425 452 171 112 373 128 218 361 178 
354 411 297 298 463 271 347 285 353 216 62 218 286 101 179 54 386 434 357 343 135 0 431 267 293 309 86 372 387 254 233 64 107 143 67 356 106 288 409 97 
347 124 316 64 360 368 400 121 460 89 428 302 381 359 276 174 167 68 496 260 272 228 0 481 85 78 498 147 341 492 262 388 338 337 410 108 403 484 458 474 
444 253 158 452 134 467 434 258 340 452 253 99 430 188 79 222 216 283 319 263 274 81 357 0 111 124 266 169 477 250 333 207 400 292 315 107 376 488 492 340 
327 199 300 132 129 438 368 301 360 150 326 329 130 113 185 191 187 157 66 371 357 105 77 463 0 347 98 277 430 85 475 269 118 173 68 407 459 212 274 466 
278 130 292 313 417 355 448 107 493 312 330 119 375 385 146 338 438 401 321 367 436 295 136 260 418 0 361 166 377 280 146 98 264 226 340 77 142 402 231 406 
150 249 442 219 124 326 71 168 263 422 439 337 357 233 423 323 357 490 439 233 269 84 489 240 467 328 0 474 315 229 411 220 329 160 368 254 441 400 275 108 
369 196 497 205 259 436 127 81 292 324 470 232 299 260 220 489 226 498 462 491 434 129 417 469 446 491 223 0 386 390 204 444 259 351 196 414 109 131 248 348 
129 71 73 311 320 284 481 65 216 235 233 414 375 312 330 99 257 321 479 142 417 183 292 175 240 438 296 55 0 275 494 353 355 271 377 165 297 367 353 312 
82 294 496 446 375 307 483 424 271 59 403 119 426 292 362 308 482 299 103 487 281 303 96 135 73 423 457 76 496 0 65 339 77 309 334 474 390 347 456 314 
117 465 423 394 390 421 255 197 402 260 457 144 491 259 397 125 489 75 289 65 70 304 110 98 320 394 71 209 447 233 0 229 271 197 358 164 293 278 369 197 
386 128 153 237 326 119 133 401 314 159 396 329 179 200 389 227 226 489 455 385 436 187 321 206 334 178 320 127 407 395 481 0 292 473 133 479 298 202 319 406 
467 428 301 51 106 207 147 491 383 342 445 475 277 132 295 189 172 423 459 456 85 353 436 328 82 69 62 86 428 87 198 150 0 465 450 359 71 363 456 61 
246 297 212 427 281 294 221 420 417 143 135 128 179 194 64 213 226 83 432 470 217 470 167 74 434 323 383 211 186 94 429 138 97 0 141 64 328 141 235 455 
264 84 89 343 213 440 357 132 166 146 271 342 69 240 459 93 380 282 426 298 418 226 226 262 274 73 276 308 372 461 262 135 251 57 0 428 415 448 491 253 
320 343 474 161 363 420 119 406 56 107 88 304 231 264 236 443 488 467 218 52 338 385 264 179 343 479 314 257 182 304 216 452 147 397 319 0 460 316 144 121 
322 202 159 332 383 374 68 82 361 485 457 363 78 98 334 207 391 68 471 354 200 275 69 151 128 416 420 294 439 270 365 467 422 475 299 61 0 104 317 300 
171 57 256 485 85 304 74 242 194 92 213 254 449 194 481 99 479 396 225 479 90 201 343 57 123 73 306 341 127 329 140 249 336 102 440 127 357 0 220 319 
257 469 238 218 417 138 198 222 323 93 153 301 341 304 351 104 133 374 360 424 208 395 270 163 230 323 102 307 386 479 332 142 447 277 310 119 365 458 0 291 
395 258 150 195 305 404 496 359 488 126 425 167 284 319 388 397 255 417 205 61 302 390 99 150 336 326 411 161 398 124 402 292 88 258 193 99 161 189 408 0 

633.75 0 12
633.75 1 2
633.75 2 7
633.75 3 27
633.75 4 13
633.75 5 6
633.75 6 15
633.75 7 13
633.75 8 29
633.75 9 1
633.75 10 27
633.75 11 4
633.75 12 33
633.75 13 20
633.75 14 24
633.75 15 27
633.75 16 34
633.75 17 4
633.75 18 28
633.75 19 18
633.75 20 17
633.75 21 28
633.75 22 32
633.75 23 14
633.75 24 19
633.75 25 29
633.75 26 15
633.75 27 23
633.75 28 19
633.75 29 23
633.75 30 24
633.75 31 21
633.75 32 24
633.75 33 21
633.75 34 37
633.75 35 37
633.75 36 15
633.75 37 13
633.75 38 0
633.75 39 34

