40 40 4

0 335 327 345 332 381 175 491 447 72 403 158 127 214 259 67 54 371 166 271 317 328 377 342 201 425 398 374 500 235 438 70 69 264 121 107 352 247 97 298 
476 0 450 407 102 371 165 327 131 242 443 353 58 477 436 350 177 116 455 257 116 189 195 343 416 165 414 473 467 367 277 472 342 433 378 151 303 249 184 141 
441 333 0 200 206 310 135 262 437 201 216 401 474 112 302 316 234 417 437 206 140 59 189 111 108 122 195 416 131 150 99 222 297 382 372 453 191 457 215 335 
365 137 442 0 94 406 243 361 139 366 53 52 456 62 398 273 120 470 418 486 101 274 291 480 71 173 352 474 70 64 395 355 135 239 52 180 144 245 247 441 
318 250 199 480 0 469 96 253 296 273 377 281 324 151 279 303 172 402 361 352 422 132 247 484 217 436 486 103 286 438 300 433 255 256 131 441 432 385 193 227 
157 277 214 187 378 0 443 196 256 344 264 107 473 346 60 212 269 446 404 323 439 97 329 371 302 292 209 450 223 93 142 400 407 369 113 300 453 56 202 208 
106 416 266 285 468 276 0 447 237 429 351 266 123 398 94 444 407 92 152 356 265 402 204 164 64 280 435 70 232 197 223 391 253 345 363 489 313 345 191 256 
480 248 472 102 146 272 497 0 259 315 355 321 79 464 475 401 234 461 91 255 193 238 428 290 197 479 359 185 291 203 83 497 390 281 224 442 133 203 194 342 
468 256 369 253 426 100 360 159 0 60 401 364 203 138 498 199 286 477 57 177 474 418 417 227 307 198 401 455 488 103 356 330 277 111 405 237 487 455 96 352 
466 204 216 375 292 420 74 284 396 0 81 168 126 205 84 303 218 439 410 173 427 220 235 463 447 52 367 183 489 322 437 96 494 140 262 368 138 182 392 373 
284 180 247 116 91 488 369 260 183 279 0 139 109 449 324 71 151 326 144 492 70 172 428 116 165 67 85 240 362 424 338 441 414 224 187 481 266 382 105 232 
64 90 321 123 245 351 351 347 383 201 338 0 403 324 472 225 195 245 467 141 106 390 430 498 60 360 391 491 125 272 302 307 286 343 334 115 87 184 172 384 
66 324 428 175 354 399 107 255 143 73 347 200 0 170 483 404 180 342 294 377 174 66 178 187 58 471 472 124 265 362 453 148 135 276 283 467 129 181 73 91 
482 304 144 388 424 126 291 310 174 291 186 54 63 0 70 192 72 248 370 353 463 438 305 317 72 288 99 490 123 231 269 164 419 72 258 306 202 90 303 462 
422 93 354 426 314 131 324 336 329 400 395 291 338 199 0 107 116 193 364 312 267 301 81 381 219 310 346 231 463 386 484 180 63 283 485 440 96 322 470 138 
150 370 483 147 414 389 411 480 81 274 292 298 74 79 386 0 450 339 231 180 57 323 370 188 337 360 379 483 406 200 452 251 56 77 440 153 441 328 63 177 
116 495 419 120 275 204 456 225 493 393 111 257 423 432 395 259 0 291 480 448 403 386 399 153 392 183 93 251 123 127 471 250 193 465 375 471 447 78 182 171 
278 282 232 485 204 370 135 169 160 321 116 63 206 221 373 304 354 0 172 261 184 250 231 140 149 403 222 326 349 250 459 226 234 240 408 425 150 485 59 269 
144 86 335 364 449 262 237 252 323 115 463 457 315 401 303 171 303 475 0 447 358 432 405 83 165 351 197 297 451 181 306 219 483 343 260 346 291 473 289 250 
51 355 419 458 376 319 467 497 328 442 200 392 129 311 181 451 162 85 247 0 112 423 260 489 405 309 455 458 99 183 453 55 184 63 425 348 146 450 315 349 
485 463 499 132 298 310 264 248 422 55 446 240 428 412 435 89 220 146 253 269 0 279 412 482 414 426 162 468 278 318 282 126 302 451 125 141 248 141 355 203 
269 360 355 215 494 266 150 82 436 246 285 411 231 197 392 351 329 260 319 106 78 0 307 182 86 465 464 177 212 311 238 365 79 97 426 245 91 191 101 330 
126 53 322 488 234 469 135 85 53 346 110 316 374 367 204 410 87 168 294 250 429 482 0 321 215 286 247 410 83 388 217 363 221 220 184 208 160 359 500 402 
118 345 462 384 218 85 88 335 122 413 128 78 97 316 106 262 101 59 378 134 153 94 204 0 324 471 338 238 131 404 238 483 472 82 201 356 458 443 394 499 
271 62 333 56 109 148 112 78 407 121 406 491 431 207 194 255 177 239 199 258 142 387 448 113 0 176 355 175 133 53 275 338 274 287 170 280 103 475 98 131 
381 169 243 128 100 400 272 61 77 461 210 492 309 304 195 129 430 256 254 269 259 480 106 484 473 0 433 470 75 407 68 156 288 394 106 366 200 456 344 211 
239 61 128 231 320 382 132 155 67 339 360 286 97 95 98 287 67 481 257 93 143 482 406 381 375 462 0 453 75 174 53 443 363 64 277 300 90 365 383 196 
382 428 262 374 231 307 422 469 324 158 432 367 252 413 480 339 494 197 292 275 321 295 425 184 65 201 190 0 312 66 279 458 154 206 219 479 144 232 156 112 
56 265 250 129 467 369 108 305 362 256 303 137 283 304 268 417 319 419 314 131 191 92 295 52 456 221 481 99 0 403 343 368 409 314 117 245 280 436 303 292 
53 265 301 347 499 105 114 171 130 484 435 418 381 234 420 383 396 347 119 445 249 169 68 365 433 342 109 420 484 0 118 211 487 334 218 90 332 480 154 453 
317 344 144 441 432 328 360 314 430 206 140 374 162 259 148 477 191 440 292 110 179 360 478 372 193 403 412 231 382 66 0 391 198 116 485 139 498 68 205 68 
448 118 158 77 230 123 382 413 264 77 204 81 206 63 265 77 207 167 196 144 500 419 485 404 485 469 249 239 243 161 257 0 397 229 121 180 409 194 61 77 
164 88 231 402 244 244 167 479 157 284 174 252 490 299 236 394 283 412 142 472 361 253 435 258 188 55 144 303 406 156 330 277 0 194 60 178 145 462 51 330 
325 286 454 283 275 252 470 375 241 137 468 420 204 427 354 168 322 116 263 124 228 369 405 455 269 171 340 364 339 341 193 164 126 0 353 397 108 311 122 433 
259 209 156 178 120 83 238 238 355 60 451 185 239 75 89 193 295 418 483 365 256 80 265 370 156 324 267 421 342 95 354 100 462 460 0 435 81 249 172 269 
310 390 427 446 128 452 241 478 453 158 217 318 365 247 289 441 109 112 414 481 404 460 334 210 421 500 144 208 249 474 427 265 363 109 210 0 197 61 158 174 
220 266 97 244 337 294 483 485 354 302 398 334 205 113 374 122 240 373 216 398 328 396 81 93 465 140 253 161 358 361 493 285 334 89 479 377 0 90 462 361 
394 263 466 434 174 78 63 246 269 386 169 373 214 64 404 464 236 251 216 347 315 284 339 99 324 135 78 200 175 246 268 275 459 233 415 339 261 0 428 292 
236 69 411 109 440 181 219 403 367 420 326 421 442 316 466 491 139 100 68 496 432 471 263 413 185 446 327 475 414 461 473 149 481 139 415 420 270 341 0 323 
344 260 355 471 408 170 436 399 259 243 173 254 381 144 224 294 279 169 120 460 289 81 432 145 268 70 59 187 498 106 216 97 317 277 67 431 397 209 329 0 

660.5 0 18
660.5 1 37
660.5 2 5
660.5 3 29
660.5 4 10
660.5 5 22
660.5 6 11
660.5 7 8
660.5 8 35
660.5 9 17
660.5 10 11
660.5 11 12
660.5 12 30
660.5 13 15
660.5 14 1
660.5 15 33
660.5 16 5
660.5 17 31
660.5 18 28
660.5 19 23
660.5 20 28
660.5 21 22
660.5 22 9
660.5 23 30
660.5 24 11
660.5 25 19
660.5 26 19
660.5 27 28
660.5 28 2
660.5 29 21
660.5 30 14
660.5 31 21
660.5 32 9
660.5 33 8
660.5 34 11
660.5 35 19
660.5 36 19
660.5 37 11
660.5 38 16
660.5 39 15

