40 40 4

0 371 391 305 241 458 216 496 309 306 60 451 284 332 331 308 164 256 174 75 471 470 421 410 313 70 114 79 414 220 269 476 297 366 280 488 79 202 240 95 
458 0 250 496 242 288 326 256 403 288 137 184 259 106 104 168 125 124 440 154 488 159 129 219 406 201 450 149 231 358 339 276 72 296 478 264 83 59 226 192 
297 313 0 326 262 126 380 137 201 210 76 62 197 392 141 367 53 293 72 152 230 380 198 456 402 444 189 372 233 405 305 376 201 324 408 170 156 495 257 308 
204 490 76 0 352 381 167 425 140 166 203 242 346 289 390 57 398 89 196 476 273 307 280 355 459 311 262 335 417 256 91 431 167 287 457 469 167 331 149 257 
447 302 205 500 0 90 302 56 438 341 410 414 320 216 400 381 381 210 143 215 334 105 463 471 222 249 184 397 122 465 496 85 167 53 241 166 94 249 380 238 
296 289 151 323 211 0 51 203 92 418 52 464 458 108 183 429 487 382 319 140 211 283 342 246 400 346 193 273 146 392 152 334 395 147 192 217 64 400 370 313 
317 373 277 482 187 410 0 166 380 498 435 470 208 424 312 405 79 364 304 302 460 196 160 500 90 464 191 464 479 90 333 291 114 205 274 302 342 390 418 222 
388 352 398 302 275 416 413 0 304 279 217 313 445 119 423 201 366 387 342 329 121 139 161 362 203 317 343 455 365 232 128 293 326 186 191 128 167 106 247 177 
92 414 440 487 483 119 187 348 0 212 236 176 283 325 495 351 234 311 193 395 382 376 229 175 201 365 72 486 482 128 233 158 170 146 98 364 336 374 257 390 
85 443 273 74 474 267 375 414 284 0 68 64 165 150 243 497 301 107 68 494 88 354 226 404 474 78 452 93 120 325 301 461 116 450 440 140 424 206 465 93 
440 239 108 311 339 301 64 140 115 82 0 340 153 142 65 263 323 300 214 366 371 245 166 87 67 116 477 157 246 182 329 496 328 67 103 345 357 111 359 203 
176 148 493 486 240 264 249 62 63 169 379 0 140 121 251 177 138 73 153 453 476 285 281 472 319 54 281 164 117 342 229 477 224 327 225 210 274 439 409 286 
209 284 371 299 355 329 427 200 108 79 152 84 0 71 139 262 340 143 493 210 418 91 390 394 265 216 119 425 440 264 89 433 423 80 59 429 385 94 355 84 
153 140 393 394 161 482 362 208 332 110 368 249 151 0 257 142 367 424 211 498 119 182 294 258 104 324 475 483 415 68 93 206 378 184 98 271 51 287 339 209 
118 400 77 317 50 284 409 123 414 327 328 240 459 328 0 448 269 151 422 459 272 197 51 184 74 392 233 52 394 470 341 102 294 240 129 110 448 120 225 70 
240 51 104 430 216 382 134 192 239 262 150 462 409 358 145 0 434 250 84 192 350 260 483 402 53 430 238 320 377 64 496 153 254 497 208 184 420 89 475 111 
279 236 418 447 145 482 298 285 438 333 427 287 299 165 396 59 0 94 133 329 421 354 324 281 107 77 439 448 447 234 422 264 219 365 388 165 460 369 170 244 
307 209 377 93 458 492 195 467 86 485 296 213 338 119 444 152 146 0 138 306 299 323 435 269 248 299 156 120 258 476 240 208 282 399 291 81 356 282 227 79 
74 418 81 445 256 150 144 358 454 233 370 459 262 304 228 216 102 334 0 286 66 309 476 431 297 374 221 85 437 210 469 466 441 386 497 385 141 353 236 205 
62 175 75 228 143 329 406 309 138 446 95 154 462 70 292 258 151 219 500 0 87 379 468 259 76 354 462 167 201 70 353 113 290 478 138 468 120 173 373 136 
468 318 181 329 279 408 120 244 58 289 243 95 375 418 60 401 478 472 67 178 0 249 371 448 489 104 292 456 382 416 84 468 139 108 355 418 338 262 488 288 
271 277 237 72 151 361 83 258 338 261 275 223 460 352 170 204 163 413 159 495 84 0 193 218 380 252 72 298 296 284 285 290 261 268 477 284 125 94 73 333 
382 491 108 311 207 166 432 361 279 100 471 273 341 370 441 220 121 219 224 123 454 460 0 363 214 434 96 204 59 140 434 342 228 425 156 490 131 273 421 198 
258 227 168 238 274 245 178 200 316 104 375 390 57 334 459 428 474 54 339 483 351 272 81 0 79 196 394 68 484 373 195 182 131 372 56 319 352 251 203 51 
274 257 376 370 471 416 328 155 390 89 444 128 390 215 159 419 118 53 437 101 132 338 440 213 0 209 447 482 267 404 185 269 384 148 351 253 119 267 288 224 
363 83 167 441 423 88 307 98 156 66 241 208 148 79 354 312 445 56 500 212 411 391 187 50 490 0 488 254 108 461 248 489 323 488 362 471 166 400 277 214 
56 500 162 421 147 398 274 165 342 488 165 260 398 55 397 154 251 141 114 309 101 312 53 375 299 365 0 345 172 265 328 336 478 327 204 154 180 101 134 52 
150 121 374 360 225 135 464 330 337 104 394 352 155 413 356 480 418 220 80 89 191 358 132 375 391 286 479 0 278 338 113 280 438 391 153 53 116 445 467 396 
281 70 496 133 176 408 439 155 82 365 393 121 263 457 203 137 348 196 116 332 484 386 111 177 276 421 180 98 0 365 147 200 146 374 196 436 500 310 130 362 
342 201 254 170 414 210 323 51 264 469 324 95 208 209 363 91 191 283 222 240 355 75 390 207 399 292 142 155 102 0 429 467 150 129 427 270 494 343 300 495 
314 268 318 359 183 233 429 224 374 418 396 320 272 177 210 185 283 452 277 388 260 412 110 361 492 487 130 485 329 380 0 235 142 355 259 208 488 442 343 211 
71 260 314 342 239 197 51 374 430 209 151 73 420 62 133 280 260 119 116 244 155 447 185 454 57 394 161 495 335 454 412 0 113 421 432 405 159 129 162 483 
265 321 340 289 447 109 372 433 319 442 500 270 303 202 405 256 209 55 124 410 96 284 321 159 204 253 270 313 88 382 52 303 0 410 342 91 356 157 170 496 
427 318 495 403 120 403 307 326 111 312 400 471 115 184 291 224 94 250 445 358 288 326 360 298 442 408 95 54 65 215 500 198 483 0 250 100 102 152 113 135 
213 132 485 390 197 375 180 371 420 137 71 484 131 104 99 379 496 457 425 500 228 139 255 376 329 455 182 381 106 246 466 269 84 207 0 158 231 81 496 308 
207 339 330 190 420 384 239 55 135 403 186 342 337 482 96 420 310 51 101 398 314 53 119 83 87 276 398 475 64 149 283 221 194 319 118 0 321 409 63 326 
494 416 218 335 460 199 382 379 460 139 430 113 403 434 182 192 227 409 297 202 179 396 191 350 297 460 174 117 368 188 149 361 310 317 196 269 0 222 284 147 
388 373 284 451 275 217 133 418 150 248 214 302 377 316 443 433 319 158 107 386 476 452 241 93 261 264 446 237 437 436 90 324 308 324 275 289 247 0 114 206 
348 312 126 356 188 149 55 327 418 163 384 60 346 91 251 145 59 466 90 246 402 476 286 432 490 110 206 278 307 477 191 361 288 474 217 182 122 222 0 460 
247 91 99 257 143 141 214 238 150 179 485 346 287 216 338 219 205 154 131 190 412 315 87 479 102 60 195 235 340 123 194 86 372 243 500 465 90 213 203 0 

781.44 0 11
781.44 1 13
781.44 2 24
781.44 3 17
781.44 4 34
781.44 5 35
781.44 6 35
781.44 7 26
781.44 8 1
781.44 9 26
781.44 10 30
781.44 11 26
781.44 12 36
781.44 13 7
781.44 14 21
781.44 15 12
781.44 16 22
781.44 17 14
781.44 18 35
781.44 19 34
781.44 20 1
781.44 21 2
781.44 22 8
781.44 23 35
781.44 24 17
781.44 25 27
781.44 26 19
781.44 27 2
781.44 28 6
781.44 29 10
781.44 30 31
781.44 31 7
781.44 32 23
781.44 33 6
781.44 34 24
781.44 35 8
781.44 36 2
781.44 37 9
781.44 38 34
781.44 39 3

