40 40 4

0 355 183 350 424 226 136 358 59 116 230 154 78 331 156 233 388 180 235 123 333 338 456 491 325 85 421 79 220 269 53 464 330 393 69 253 119 155 318 128 
221 0 498 439 249 328 94 188 422 431 373 495 264 418 451 254 242 242 174 478 412 149 481 131 429 373 357 388 442 463 205 277 390 202 215 346 236 260 484 158 
397 357 0 152 160 481 102 120 222 51 451 406 169 306 142 458 234 465 314 329 163 276 484 146 373 393 311 218 128 277 201 236 174 264 339 491 244 147 318 172 
355 268 77 0 475 281 169 432 221 341 245 500 210 228 484 306 100 132 116 268 210 100 175 153 224 390 442 214 340 295 238 463 150 457 246 331 237 366 262 408 
413 213 164 122 0 391 147 134 441 229 200 415 145 250 90 248 180 186 396 101 476 191 289 194 498 452 391 328 395 463 296 59 131 459 173 203 106 477 287 253 
205 193 168 56 150 0 415 255 487 307 150 87 489 498 327 183 251 485 280 78 380 449 80 389 79 490 268 439 95 244 432 54 155 331 172 161 431 293 366 418 
99 223 211 88 220 244 0 428 422 229 207 206 315 155 237 203 391 433 421 329 234 371 260 238 476 90 117 136 228 116 209 352 166 382 62 411 308 464 338 229 
192 251 142 457 112 85 366 0 209 468 493 488 201 363 454 145 94 250 419 180 428 486 339 486 358 427 499 268 235 218 312 170 360 269 262 72 87 53 144 246 
471 343 233 378 205 393 230 456 0 142 148 135 277 133 181 262 441 107 467 415 499 184 226 169 250 201 137 479 238 141 122 434 318 415 373 196 326 265 376 281 
358 230 123 341 314 461 102 461 274 0 276 376 273 410 101 148 367 253 442 345 197 289 418 131 107 88 454 460 121 219 91 352 283 271 181 123 291 141 382 252 
366 157 127 345 274 385 199 140 344 140 0 435 492 380 108 329 193 354 282 152 425 207 193 276 196 170 164 476 412 255 358 370 327 221 203 378 201 87 76 291 
138 374 433 129 253 247 408 152 100 396 254 0 231 310 153 214 456 480 328 188 391 289 252 467 116 423 169 200 331 207 227 121 51 100 260 130 59 214 244 161 
471 346 121 202 155 224 366 318 203 193 456 301 0 432 207 474 254 336 143 161 166 56 338 445 57 144 411 344 360 124 87 471 302 139 91 454 245 472 319 269 
381 218 224 388 356 137 362 317 179 455 428 52 461 0 472 447 224 115 113 67 425 188 311 151 440 400 399 149 351 126 418 119 457 342 500 345 197 343 206 464 
473 367 147 475 83 118 177 257 390 240 481 70 134 291 0 171 280 190 276 379 248 352 52 317 309 344 317 360 248 366 272 211 338 138 309 68 378 133 195 341 
474 386 321 494 226 111 165 457 458 147 335 205 450 94 229 0 465 388 252 324 135 117 95 53 406 390 68 424 474 151 326 314 124 418 134 118 143 402 440 99 
359 86 141 271 242 185 450 206 279 201 480 121 268 281 331 380 0 377 349 60 350 206 336 370 281 253 454 105 102 111 495 359 421 287 206 398 480 97 347 185 
326 498 372 153 265 152 434 352 236 282 362 292 439 197 162 426 156 0 322 481 415 384 231 273 60 468 429 408 203 476 254 339 58 458 417 161 429 275 95 280 
461 83 141 253 228 495 365 360 357 186 340 272 69 277 495 286 452 180 0 193 154 362 397 199 370 354 115 238 283 97 490 269 57 72 361 260 458 111 331 317 
419 224 364 190 450 347 391 236 298 277 379 159 139 483 64 215 336 337 403 0 325 384 392 94 391 171 161 358 335 222 188 358 140 362 428 487 312 275 378 498 
279 361 132 388 450 114 403 372 157 239 274 432 122 373 232 219 250 99 76 84 0 272 422 148 118 490 76 105 57 301 189 261 79 500 344 174 206 408 283 77 
271 228 57 203 56 380 141 225 336 191 459 370 169 136 469 444 125 251 499 133 51 0 394 100 287 150 150 167 306 265 400 89 486 127 96 395 133 183 487 65 
469 384 474 95 259 109 270 202 391 471 408 230 228 301 281 221 157 381 339 169 145 238 0 208 131 72 462 476 155 351 218 170 319 308 350 120 66 165 340 219 
56 310 126 236 244 133 467 416 241 104 254 116 199 442 482 487 220 443 219 326 293 143 202 0 318 402 259 389 174 374 228 343 380 245 175 116 439 466 289 110 
413 343 314 479 249 463 460 442 182 158 367 214 157 461 367 426 118 332 314 242 205 248 292 85 0 199 173 151 345 138 146 405 257 440 219 443 395 388 402 336 
69 267 203 441 374 370 307 299 438 138 319 386 500 274 177 84 423 57 392 267 145 489 379 109 184 0 97 51 78 435 159 120 210 376 480 150 250 349 163 255 
493 458 281 379 458 54 262 248 427 269 140 401 121 335 279 180 469 82 181 253 223 497 323 139 373 303 0 240 329 358 109 83 351 67 70 229 231 74 441 429 
208 210 275 315 488 109 93 167 284 332 54 487 54 50 310 143 129 319 89 408 176 149 198 477 373 218 412 0 310 450 353 445 157 269 220 422 256 486 221 129 
270 52 340 463 263 340 272 356 176 297 396 83 424 251 438 156 330 363 68 139 312 127 83 175 102 460 96 308 0 202 474 143 178 476 433 140 238 479 119 300 
154 366 402 395 289 152 88 152 188 401 170 277 419 247 67 93 299 233 346 313 385 319 162 62 50 94 153 238 72 0 222 245 384 294 146 278 290 456 316 392 
143 424 61 127 342 465 144 142 470 327 438 489 419 257 150 431 464 401 290 409 179 218 153 62 463 456 497 252 411 69 0 350 261 443 361 338 491 81 432 132 
50 465 70 245 383 484 345 70 447 452 66 355 130 442 214 350 404 170 346 362 287 365 211 498 63 278 335 54 309 473 136 0 65 194 363 260 283 346 311 59 
500 262 76 110 98 468 275 398 127 395 244 195 181 315 356 179 329 340 220 89 355 400 175 370 93 245 336 326 297 353 336 296 0 114 118 357 369 292 131 267 
369 232 217 63 363 482 125 248 66 415 175 105 269 74 438 345 324 389 180 149 185 239 191 432 303 466 495 378 257 125 144 125 307 0 67 345 376 500 420 331 
272 90 456 84 65 236 228 360 59 116 246 365 251 435 263 389 444 228 383 322 192 458 172 267 471 190 319 103 396 238 384 167 486 95 0 201 50 488 135 117 
253 201 313 117 159 248 86 498 398 472 381 219 163 94 98 380 272 238 405 325 133 143 415 457 335 216 158 335 203 450 158 406 151 422 229 0 260 376 473 257 
273 444 344 199 106 389 247 192 160 435 97 191 274 397 105 230 438 271 94 479 180 495 137 292 352 58 227 111 384 199 74 363 349 369 61 161 0 257 465 60 
123 155 314 264 379 210 319 316 147 296 360 125 182 110 419 180 412 427 357 229 66 263 254 380 318 122 147 430 85 112 440 158 424 253 128 303 169 0 397 118 
473 399 184 304 287 452 223 417 363 356 480 92 373 449 296 459 267 124 105 403 366 374 98 230 298 57 308 307 176 411 131 355 309 472 158 302 423 87 0 218 
286 394 404 84 266 353 86 431 326 367 486 228 232 116 483 412 120 490 219 377 165 129 214 226 144 185 90 152 108 128 320 100 228 430 134 444 489 377 130 0 

627 0 32
627 1 14
627 2 11
627 3 20
627 4 25
627 5 32
627 6 9
627 7 11
627 8 34
627 9 31
627 10 34
627 11 24
627 12 1
627 13 7
627 14 32
627 15 28
627 16 28
627 17 11
627 18 35
627 19 38
627 20 21
627 21 36
627 22 23
627 23 33
627 24 35
627 25 1
627 26 7
627 27 28
627 28 21
627 29 28
627 30 32
627 31 3
627 32 3
627 33 32
627 34 24
627 35 17
627 36 26
627 37 33
627 38 28
627 39 10

