40 40 3

0 188 169 377 96 123 327 290 113 283 372 198 254 395 384 85 360 78 140 247 62 227 73 377 305 297 396 75 451 388 198 400 75 317 483 121 147 309 117 210 
91 0 440 114 52 334 448 87 401 476 177 354 244 110 134 327 121 381 222 146 88 316 51 438 341 74 176 169 378 436 236 294 233 382 359 235 423 62 479 79 
245 362 0 383 195 423 223 473 494 311 401 347 349 217 104 493 264 128 168 383 457 310 326 250 250 207 315 191 336 328 170 365 72 482 455 217 404 384 396 154 
194 53 451 0 493 220 54 241 190 339 360 280 51 169 105 459 125 469 273 267 61 307 387 132 329 368 86 253 272 177 355 132 321 358 82 70 284 293 261 425 
338 120 411 340 0 447 466 54 71 190 277 288 201 84 381 284 119 249 76 78 227 203 384 309 475 241 97 495 232 340 255 363 384 82 273 223 235 238 227 463 
134 211 458 286 452 0 338 69 70 86 302 306 470 456 189 278 186 136 325 387 318 371 348 387 255 380 159 184 321 103 118 284 188 279 241 180 437 285 199 457 
322 207 469 291 162 157 0 276 54 451 100 391 475 178 239 362 383 325 227 273 146 281 341 136 175 326 83 305 262 318 210 426 139 367 394 137 236 258 363 240 
208 169 338 389 53 76 457 0 386 107 184 366 410 171 206 496 296 483 78 100 451 347 260 376 192 333 477 486 68 234 104 466 148 224 303 487 434 329 200 320 
142 334 392 52 455 97 254 250 0 286 490 56 237 336 473 319 234 305 295 220 80 479 274 496 333 204 298 76 138 333 226 164 425 266 55 183 220 309 388 176 
95 377 389 489 419 361 307 152 372 0 309 78 158 494 303 153 327 213 157 353 57 440 285 171 121 50 383 254 427 192 348 102 444 431 197 432 105 57 445 415 
135 253 443 451 247 452 103 280 372 418 0 339 379 357 123 257 184 330 139 145 256 488 199 64 187 130 211 118 392 425 270 306 59 229 249 216 426 407 477 412 
278 394 250 157 457 79 364 141 359 209 443 0 321 404 141 335 90 428 496 159 320 420 135 125 186 314 80 352 447 438 328 358 215 221 315 78 385 100 392 232 
410 308 174 230 211 472 65 251 400 60 116 219 0 187 201 50 323 222 81 174 168 469 209 232 390 136 253 419 471 304 66 409 420 324 82 356 241 54 371 443 
160 138 58 329 482 417 85 304 138 116 184 463 291 0 343 401 181 186 361 306 363 164 322 272 290 353 60 145 93 271 223 486 381 67 251 416 499 374 452 302 
218 274 192 387 65 242 287 403 378 354 415 240 468 236 0 218 464 295 229 109 339 450 282 80 331 299 281 246 53 361 404 61 78 178 203 415 400 395 409 58 
479 262 423 426 437 158 143 400 404 322 215 449 479 447 479 0 309 452 467 261 211 327 372 222 356 500 376 477 155 477 385 163 456 147 85 381 83 400 474 189 
59 52 355 458 481 57 193 496 216 159 463 377 192 334 99 254 0 89 181 231 194 157 322 307 112 419 98 443 208 449 173 104 458 175 409 172 362 172 315 113 
338 424 75 422 322 116 471 76 155 151 464 56 465 285 313 77 411 0 118 226 325 66 105 135 230 437 250 352 298 373 166 361 210 296 143 338 118 209 308 351 
314 165 70 320 337 61 340 364 178 408 296 210 180 352 295 360 495 496 0 212 293 368 328 360 284 124 453 122 399 161 136 456 182 459 476 452 295 243 498 365 
372 161 160 81 291 218 326 151 213 321 313 212 395 347 278 179 177 231 458 0 75 98 93 237 230 51 419 389 296 162 386 367 484 498 478 271 288 402 96 145 
321 124 408 239 225 462 468 354 138 405 67 371 453 111 107 183 319 477 71 322 0 345 163 188 328 160 372 305 155 481 107 250 301 181 365 247 357 326 214 417 
414 118 435 284 277 252 98 410 277 281 187 98 125 301 444 159 167 315 414 272 295 0 471 473 303 359 337 500 422 369 420 338 282 244 479 273 471 437 321 137 
214 101 481 469 383 281 412 492 155 227 161 377 228 338 105 237 196 148 236 324 467 362 0 369 456 105 347 228 283 491 499 126 204 306 106 172 395 94 84 142 
199 468 460 75 402 297 338 139 200 436 81 474 159 394 342 114 205 396 292 194 142 497 270 0 296 58 327 174 159 371 415 251 276 138 210 57 491 213 345 129 
363 488 160 93 353 260 141 417 416 243 415 109 335 167 86 337 382 363 218 491 440 132 448 422 0 428 157 429 418 76 274 253 390 468 119 189 320 330 280 443 
452 474 113 267 64 230 303 352 318 372 69 64 67 358 462 439 285 325 368 409 351 348 368 447 71 0 438 135 97 474 122 490 425 302 102 191 316 489 201 374 
62 72 393 76 297 458 244 235 449 68 309 358 125 363 432 72 384 369 364 431 342 436 176 473 237 435 0 371 53 423 71 377 191 300 477 217 96 190 411 489 
138 185 53 202 261 367 134 490 457 209 353 388 258 289 63 230 232 205 100 235 127 328 319 476 335 51 399 0 137 191 66 332 279 201 336 188 168 202 272 157 
158 187 217 252 395 212 473 125 394 177 382 336 461 417 154 436 251 155 335 338 52 107 170 488 258 212 175 133 0 364 153 447 228 291 163 187 185 81 159 260 
426 493 349 261 453 265 365 145 466 226 186 59 228 243 386 215 451 97 97 290 167 200 237 102 441 106 239 333 138 0 104 92 63 96 147 481 499 362 101 143 
83 277 279 93 211 472 185 132 179 440 179 175 106 86 362 365 233 419 103 65 263 157 315 276 410 412 256 409 274 307 0 258 63 290 244 106 207 422 449 289 
307 388 175 433 200 418 294 65 150 419 118 166 181 433 431 163 342 98 125 457 322 138 422 336 134 165 148 291 293 303 287 0 100 190 168 239 97 85 483 112 
185 158 387 57 496 75 194 366 368 243 197 80 271 493 452 313 126 323 168 124 323 421 117 129 318 235 318 365 270 56 427 161 0 371 313 376 367 339 69 439 
413 262 135 199 240 127 358 52 411 387 170 485 209 91 308 288 359 493 312 430 469 319 356 336 189 375 211 262 420 231 200 88 199 0 493 238 145 119 95 148 
236 188 475 427 104 65 234 342 130 226 361 59 401 179 121 237 74 447 398 287 122 335 437 161 241 429 105 336 255 150 190 441 495 165 0 124 98 387 308 147 
468 485 458 233 141 136 305 328 367 458 433 153 79 474 297 397 421 432 452 464 186 308 153 334 303 268 408 351 362 215 204 329 406 161 268 0 254 454 279 81 
321 236 220 424 473 194 220 125 321 152 77 284 495 335 388 84 344 362 198 402 223 120 105 258 476 217 233 436 170 462 468 441 405 394 121 133 0 294 498 208 
115 356 235 349 351 277 443 385 120 61 83 472 441 360 77 406 91 244 138 478 120 99 445 268 210 338 95 293 339 92 452 404 399 393 252 249 169 0 402 340 
240 413 129 418 109 439 445 465 481 395 102 458 222 359 158 440 68 202 485 312 491 283 263 150 181 155 109 136 482 461 183 428 129 469 345 188 164 497 0 360 
351 147 412 64 319 270 172 465 496 80 205 307 278 439 276 378 326 137 437 169 118 153 302 496 232 477 97 127 140 93 437 441 190 104 455 460 81 333 180 0 

999.2 0 34
999.2 1 12
999.2 2 19
999.2 3 26
999.2 4 20
999.2 5 4
999.2 6 30
999.2 7 19
999.2 8 35
999.2 9 28
999.2 10 33
999.2 11 4
999.2 12 29
999.2 13 23
999.2 14 20
999.2 15 2
999.2 16 35
999.2 17 24
999.2 18 14
999.2 19 18
999.2 20 19
999.2 21 36
999.2 22 31
999.2 23 27
999.2 24 7
999.2 25 13
999.2 26 25
999.2 27 3
999.2 28 21
999.2 29 20
999.2 30 25
999.2 31 16
999.2 32 33
999.2 33 34
999.2 34 31
999.2 35 13
999.2 36 37
999.2 37 11
999.2 38 21
999.2 39 23

