40 40 4

0 291 183 167 401 188 467 272 379 498 278 73 456 477 396 67 135 246 84 161 346 202 165 146 407 394 366 373 223 314 77 141 104 417 465 456 311 431 434 190 
184 0 211 213 139 394 315 363 480 60 397 140 112 99 255 415 456 355 280 84 284 94 318 375 355 235 339 310 496 476 243 392 160 160 311 456 54 126 319 240 
343 422 0 330 162 471 291 76 182 352 63 216 135 314 485 461 168 426 55 185 177 238 134 69 348 452 330 59 212 162 84 402 212 457 438 80 427 228 313 109 
79 326 482 0 371 346 222 87 221 147 93 356 482 488 196 257 91 147 86 100 309 406 342 417 324 298 354 354 431 81 166 246 317 199 228 188 495 156 225 422 
461 475 484 442 0 218 180 198 259 484 441 66 500 102 358 416 376 155 270 229 292 57 102 489 325 251 423 219 452 78 150 374 489 332 357 186 500 243 90 466 
227 482 482 226 83 0 339 141 410 200 117 345 442 125 397 186 156 354 108 325 306 344 181 179 332 219 242 225 219 436 265 184 162 246 165 94 487 210 185 152 
116 253 447 264 84 100 0 401 190 404 459 221 209 58 108 94 97 278 287 272 447 429 487 337 90 440 208 134 426 368 476 284 190 435 230 404 469 280 304 365 
391 470 85 306 478 144 107 0 74 372 100 52 74 479 490 361 275 185 275 359 317 142 90 100 489 232 487 392 407 474 196 272 364 165 63 376 349 157 433 374 
235 483 132 466 461 121 82 235 0 463 307 300 486 155 97 85 143 279 279 486 185 252 181 163 322 52 177 197 107 491 130 187 226 319 270 398 487 97 431 428 
60 237 435 496 343 482 288 436 260 0 66 421 151 268 308 265 89 66 392 443 124 138 279 261 314 98 481 419 84 78 349 218 295 85 152 497 134 133 284 70 
99 300 197 408 274 212 172 69 228 270 0 463 58 358 241 477 379 496 457 297 286 241 352 455 242 387 106 239 472 397 473 248 202 480 151 109 253 313 438 273 
248 207 442 463 272 182 439 357 385 152 360 0 170 99 211 331 292 304 144 481 275 491 209 229 192 188 331 252 392 350 189 371 304 103 312 267 81 200 412 388 
84 63 454 412 113 164 242 111 418 336 91 400 0 82 250 335 225 145 165 183 243 222 78 113 476 131 131 449 369 281 361 463 72 374 416 190 193 286 138 254 
411 181 51 310 213 252 144 144 103 467 484 296 188 0 62 359 370 350 196 319 219 183 179 181 205 259 304 101 403 296 397 363 206 77 365 466 447 323 317 91 
376 490 74 171 384 293 236 253 143 382 71 68 64 407 0 406 427 373 209 234 275 456 130 344 161 157 208 334 104 481 357 352 112 102 132 233 436 376 175 188 
469 56 417 487 278 323 392 204 195 308 388 176 470 469 471 0 337 332 385 377 386 122 440 444 184 492 76 124 427 402 456 115 370 463 482 112 240 60 210 150 
413 224 244 88 193 212 265 237 251 357 113 136 429 53 80 319 0 495 106 393 422 214 349 487 290 67 224 352 464 234 268 320 353 443 63 392 342 433 363 78 
183 219 142 476 354 352 55 173 346 318 272 474 238 327 216 478 100 0 390 85 63 331 304 89 183 453 103 281 294 486 351 79 375 276 378 350 130 229 112 460 
281 380 231 255 118 265 177 302 315 67 338 85 104 141 124 444 300 384 0 225 300 125 282 329 450 57 413 300 344 348 362 303 129 448 241 90 272 456 217 74 
477 441 362 61 251 209 343 195 459 433 126 258 58 358 294 214 365 206 464 0 209 54 81 218 340 236 409 380 458 364 303 238 341 451 306 108 201 465 157 346 
179 90 422 144 305 279 388 469 351 93 189 266 304 427 434 143 162 343 229 327 0 413 483 271 460 433 77 68 340 248 382 186 378 178 107 472 433 93 115 158 
150 158 53 366 413 430 55 262 92 348 442 125 261 424 346 220 112 373 445 402 328 0 83 87 205 211 352 383 351 151 448 459 251 312 462 323 431 391 328 193 
189 383 134 471 350 57 317 276 326 396 428 227 223 461 472 134 171 79 467 472 387 170 0 186 137 433 147 166 363 245 200 262 140 82 346 111 138 109 378 365 
385 273 292 319 203 252 497 287 129 282 461 101 168 337 237 462 269 91 127 339 286 484 307 0 376 66 153 437 154 212 70 225 304 50 467 329 203 425 325 196 
54 106 363 312 431 200 255 392 175 296 225 220 288 208 478 371 431 130 63 85 499 84 467 302 0 291 434 130 200 114 161 102 118 424 416 380 354 115 342 245 
447 137 420 167 132 335 144 453 265 431 466 300 429 256 474 438 497 407 274 403 471 386 456 296 65 0 371 382 370 192 223 321 138 67 241 462 149 75 105 308 
497 486 480 53 171 236 477 108 439 383 332 342 109 424 53 111 440 374 444 309 272 373 129 360 390 76 0 322 489 308 133 52 305 326 483 308 447 218 284 54 
363 373 92 411 188 467 414 250 406 494 400 421 265 272 500 332 162 283 360 357 90 199 360 101 475 342 359 0 421 266 349 181 335 221 224 453 116 190 366 316 
302 116 215 222 331 193 428 369 305 210 435 369 251 134 228 58 315 276 368 236 248 423 123 289 351 297 241 417 0 193 107 232 445 380 153 166 417 296 94 286 
308 461 427 176 418 60 110 427 326 92 50 268 290 423 341 78 273 345 270 189 488 83 127 433 413 230 305 329 233 0 105 321 491 66 248 166 434 465 226 116 
497 268 116 471 264 490 312 499 469 156 268 158 350 57 442 489 176 172 294 212 111 349 483 101 121 437 424 262 158 356 0 328 154 123 395 332 93 140 143 91 
315 456 66 423 305 73 121 294 407 450 294 118 60 349 307 111 177 244 485 389 108 340 216 419 169 317 250 419 163 343 460 0 429 54 232 107 66 463 178 66 
369 127 66 437 137 365 450 405 492 193 389 380 458 435 303 377 310 326 126 228 196 176 395 124 180 333 388 403 295 66 419 370 0 350 435 306 438 56 463 98 
498 155 194 134 320 128 143 196 145 175 272 79 321 398 424 395 285 257 283 187 258 55 106 128 355 247 140 499 253 102 97 458 415 0 241 298 234 319 147 380 
170 272 151 200 93 256 123 194 491 86 427 177 295 188 440 373 494 187 219 492 146 272 88 310 186 279 314 370 305 411 249 425 183 106 0 331 433 312 405 126 
302 197 260 186 198 398 125 277 147 469 447 139 322 218 384 338 354 370 152 430 381 269 178 305 402 441 136 90 460 247 167 261 150 377 153 0 299 481 436 282 
128 404 228 424 432 152 307 270 456 176 128 385 56 347 269 68 456 417 361 496 376 314 162 343 170 245 447 175 226 382 408 60 492 135 434 424 0 238 240 400 
400 123 478 492 336 324 467 110 486 383 177 482 258 441 350 101 318 302 254 443 234 135 350 244 126 192 177 256 136 367 155 486 196 132 233 239 163 0 200 299 
148 82 427 336 498 123 393 98 391 194 302 90 378 143 390 121 219 81 455 426 167 77 80 360 224 370 92 413 239 449 418 93 482 100 380 479 381 479 0 283 
478 379 291 67 463 384 408 83 309 195 488 441 69 271 228 379 445 97 177 113 286 126 238 329 314 288 415 499 168 149 281 146 478 278 163 440 368 277 229 0 

849.42 0 19
849.42 1 5
849.42 2 9
849.42 3 34
849.42 4 2
849.42 5 8
849.42 6 8
849.42 7 9
849.42 8 14
849.42 9 38
849.42 10 33
849.42 11 17
849.42 12 37
849.42 13 6
849.42 14 37
849.42 15 33
849.42 16 32
849.42 17 9
849.42 18 12
849.42 19 37
849.42 20 5
849.42 21 18
849.42 22 21
849.42 23 10
849.42 24 33
849.42 25 29
849.42 26 35
849.42 27 1
849.42 28 9
849.42 29 19
849.42 30 22
849.42 31 29
849.42 32 13
849.42 33 31
849.42 34 13
849.42 35 15
849.42 36 0
849.42 37 10
849.42 38 13
849.42 39 4

