40 40 4

0 157 190 341 103 328 482 370 300 491 128 193 462 372 138 195 294 267 137 146 159 96 440 178 468 197 132 208 268 457 436 166 114 125 214 167 159 402 244 409 
392 0 78 309 109 156 397 254 401 163 341 253 480 144 399 157 111 95 446 269 314 402 411 186 222 243 350 96 352 252 290 468 143 74 276 410 181 379 163 288 
249 211 0 491 228 305 390 335 122 435 487 341 455 144 458 141 317 200 197 363 52 399 359 226 249 383 208 158 270 86 478 57 285 188 255 219 443 144 53 271 
285 246 318 0 240 341 276 87 364 426 234 226 184 133 291 116 88 380 274 196 150 311 173 364 302 68 118 472 217 419 231 439 204 184 256 150 475 482 187 94 
164 371 270 54 0 454 267 121 248 146 345 150 246 362 274 317 371 499 385 98 215 304 279 153 214 169 116 314 350 97 451 394 418 321 370 423 482 136 250 229 
233 94 330 185 163 0 310 452 484 64 93 81 229 103 66 333 267 186 399 80 242 202 237 136 327 264 456 456 245 299 205 181 238 456 217 373 118 233 81 308 
247 331 95 426 384 112 0 465 357 455 119 387 196 479 330 489 61 93 445 467 289 450 378 176 187 333 99 266 402 282 297 416 235 334 462 160 217 280 332 73 
234 157 166 136 135 446 125 0 353 490 276 319 485 225 196 160 362 480 209 127 137 197 131 259 382 171 220 248 339 450 286 118 390 394 442 477 235 143 308 88 
132 83 113 323 465 260 433 82 0 446 348 366 289 251 203 498 132 325 218 87 370 167 323 438 264 216 135 240 158 229 254 196 67 494 259 341 458 225 273 246 
170 328 111 409 78 472 163 368 296 0 331 405 165 204 227 309 418 150 151 364 465 330 117 367 347 317 332 187 274 57 167 226 384 201 495 500 229 466 162 303 
261 199 207 132 353 141 147 478 448 248 0 341 412 77 165 485 131 432 316 268 413 79 141 345 414 292 339 169 228 304 281 481 271 430 395 109 489 242 207 466 
189 405 63 307 189 178 291 270 316 106 488 0 435 343 336 280 256 127 118 375 61 129 362 493 350 498 143 166 486 335 323 452 230 434 465 487 122 349 277 342 
371 89 86 306 138 372 85 344 205 153 425 217 0 232 493 416 289 490 265 405 476 99 434 183 279 367 354 472 440 409 455 488 279 250 280 84 339 151 119 182 
63 430 314 437 161 306 108 156 52 323 267 234 128 0 200 367 113 274 427 84 420 335 489 407 113 238 187 355 76 495 424 416 264 109 436 407 428 448 465 83 
450 494 57 183 121 414 256 184 187 182 425 106 223 413 0 220 494 358 113 348 384 314 478 55 285 87 441 191 465 389 156 254 94 149 261 228 428 175 190 318 
68 323 243 332 496 155 258 489 463 77 92 103 341 70 315 0 125 314 463 267 278 107 129 482 151 435 450 85 362 331 226 180 105 255 373 387 457 234 351 446 
404 378 244 213 219 471 478 50 284 440 474 61 253 102 250 355 0 488 406 390 105 443 322 442 498 76 314 141 484 255 442 185 365 320 379 77 245 350 261 245 
340 408 219 108 160 478 308 465 221 420 111 277 362 383 218 359 166 0 239 450 149 444 148 284 64 418 369 91 162 425 58 113 265 416 489 323 283 467 337 454 
187 256 64 170 117 154 339 182 270 77 339 125 227 437 359 241 110 434 0 489 429 359 497 492 123 169 237 396 402 410 232 111 96 194 333 424 468 437 262 149 
413 496 194 488 222 130 102 169 190 486 157 118 344 360 317 173 235 53 68 0 343 413 457 405 215 150 237 138 117 380 106 424 292 101 117 486 273 405 294 148 
94 279 255 370 330 322 393 453 56 396 228 350 64 184 461 436 285 197 281 108 0 76 337 482 74 389 306 266 368 210 59 467 254 495 428 330 324 249 222 484 
463 324 418 68 338 101 479 481 92 382 261 358 164 97 339 395 192 144 160 60 60 0 376 233 265 370 367 301 401 116 474 384 285 53 301 59 98 108 244 78 
358 125 496 215 239 92 260 340 442 111 450 208 121 325 391 92 194 257 344 301 79 73 0 391 70 76 398 79 124 457 273 359 70 104 354 235 500 153 445 339 
94 55 288 252 127 319 349 169 220 312 219 471 342 242 362 118 476 466 148 99 178 127 165 0 198 182 469 383 181 121 328 471 165 89 465 123 166 491 422 493 
210 234 211 387 282 160 455 350 135 421 204 391 98 489 55 247 170 231 336 57 302 370 234 174 0 410 406 454 282 396 376 481 105 316 399 198 304 58 153 360 
350 73 271 240 328 259 453 281 135 183 117 349 435 437 83 315 102 439 269 91 90 351 71 352 166 0 176 500 176 184 152 486 484 382 463 431 417 221 383 197 
62 65 471 362 450 164 151 472 216 296 240 464 336 90 242 187 413 368 186 88 52 496 280 242 377 243 0 172 293 170 54 197 390 69 167 251 226 281 108 197 
204 354 143 167 189 183 115 82 95 434 218 340 192 213 326 384 297 275 56 296 396 267 199 492 494 317 449 0 426 304 56 329 458 360 422 332 255 311 153 287 
112 86 211 402 228 131 227 112 378 453 325 380 104 298 79 95 291 102 494 216 356 256 495 70 115 172 108 76 0 433 211 313 495 248 474 152 182 104 330 244 
188 489 275 275 299 73 304 100 70 356 93 237 418 299 438 438 120 110 496 146 249 414 165 244 161 138 346 293 400 0 382 244 294 126 225 68 375 455 78 425 
476 140 224 419 58 229 356 202 299 172 405 151 372 318 266 115 185 355 167 184 461 500 134 254 125 310 480 207 264 57 0 131 239 355 62 157 363 241 220 271 
491 342 175 141 420 199 358 241 334 419 359 469 135 114 309 95 396 118 281 102 89 289 391 278 350 403 142 419 143 68 189 0 340 116 71 188 487 220 252 434 
261 377 292 436 462 112 244 263 215 313 495 474 352 490 364 336 339 473 184 257 323 202 152 369 476 173 56 462 100 465 395 311 0 341 394 246 58 212 440 272 
377 459 266 351 66 462 421 353 300 150 243 263 423 152 365 291 127 245 54 88 295 469 189 312 310 289 57 74 452 203 296 328 369 0 268 178 385 229 306 444 
235 406 187 204 84 289 69 81 366 471 85 160 472 261 55 283 277 295 290 301 246 199 304 73 67 71 409 159 458 421 102 192 326 446 0 347 360 441 122 147 
62 299 183 172 270 150 178 52 377 423 499 384 375 197 187 398 422 209 62 80 166 433 339 64 465 285 117 80 225 396 178 445 194 67 116 0 414 167 451 172 
250 129 170 133 454 318 271 108 239 186 327 476 302 467 314 72 431 98 140 462 481 242 346 425 387 363 247 56 236 198 179 192 484 299 275 438 0 323 252 252 
268 388 78 243 396 495 57 175 182 312 265 350 292 213 195 423 99 264 170 313 206 74 198 348 57 203 329 201 477 288 403 451 175 188 194 278 389 0 408 403 
70 219 374 370 462 86 271 384 343 485 260 155 190 284 59 244 499 212 280 406 395 67 65 346 192 203 490 176 91 397 78 319 322 402 395 283 195 166 0 374 
488 150 340 349 498 331 358 448 329 69 227 441 415 244 456 260 143 158 456 269 407 108 298 432 136 406 326 370 100 442 450 87 299 496 142 296 326 450 243 0 

590 0 5
590 1 12
590 2 13
590 3 34
590 4 26
590 5 12
590 6 36
590 7 20
590 8 19
590 9 7
590 10 15
590 11 12
590 12 4
590 13 9
590 14 24
590 15 2
590 16 1
590 17 18
590 18 37
590 19 11
590 20 11
590 21 15
590 22 20
590 23 24
590 24 3
590 25 26
590 26 30
590 27 0
590 28 24
590 29 36
590 30 32
590 31 19
590 32 37
590 33 34
590 34 14
590 35 24
590 36 8
590 37 0
590 38 33
590 39 27

