40 40 4

0 317 458 276 197 426 85 234 122 316 218 399 239 336 431 229 53 355 189 190 61 131 404 78 319 414 173 220 329 234 372 66 50 85 499 197 217 83 137 290 
349 0 305 188 294 347 325 229 107 179 368 247 190 206 357 426 231 477 98 401 306 283 479 78 490 63 76 394 231 316 481 227 371 493 365 164 95 189 343 152 
74 417 0 349 215 122 206 140 303 389 395 204 194 384 389 429 374 403 211 474 340 477 454 66 347 202 137 217 248 483 266 106 56 183 162 428 255 74 274 265 
413 169 175 0 314 52 63 242 132 172 404 105 462 136 266 478 190 174 114 357 128 303 330 185 310 463 297 237 424 321 462 395 440 130 69 253 339 290 446 178 
412 105 233 374 0 398 205 107 87 330 172 151 408 425 431 299 441 149 302 178 279 329 139 174 269 426 400 472 264 189 173 148 101 435 88 425 333 243 482 126 
279 360 227 394 492 0 364 192 432 219 445 109 449 273 405 122 248 330 472 427 301 161 99 399 419 241 437 343 280 387 80 356 372 147 290 265 138 360 164 69 
79 315 336 478 294 240 0 306 493 277 484 419 77 144 224 182 269 415 326 111 194 419 349 257 290 446 253 55 83 112 376 309 141 190 351 118 434 91 374 426 
74 358 344 101 208 275 440 0 428 189 472 245 90 390 300 53 180 245 256 392 485 318 267 50 410 407 351 234 96 148 108 473 172 172 72 430 86 297 126 220 
193 97 416 233 438 422 443 324 0 374 198 215 114 466 432 114 131 94 172 316 140 270 130 319 149 459 98 78 495 345 154 215 244 409 337 427 346 465 369 376 
338 273 90 403 446 228 223 76 479 0 345 342 325 322 178 144 421 136 192 205 338 243 66 259 438 425 302 120 477 266 196 352 104 419 392 457 364 326 386 147 
304 231 195 128 52 324 429 423 166 120 0 334 454 70 350 419 214 274 220 284 250 437 186 308 247 312 406 410 175 231 295 479 485 476 174 113 234 448 492 156 
320 319 197 481 95 497 399 259 478 119 249 0 434 262 386 242 459 197 147 368 78 329 162 57 313 138 181 132 322 335 331 185 361 356 88 341 401 84 447 159 
61 65 358 446 484 450 187 442 146 491 309 382 0 319 177 389 339 472 276 177 50 317 458 392 177 69 430 225 420 464 171 78 232 393 143 384 376 92 277 73 
396 267 88 277 293 215 372 338 187 354 465 187 170 0 179 285 53 198 214 228 118 384 105 353 115 204 202 449 79 452 432 309 347 199 347 330 442 62 408 279 
406 261 450 299 381 335 83 140 484 454 75 308 337 130 0 367 159 285 69 314 70 227 246 86 280 395 383 109 92 151 467 77 56 434 233 61 70 68 94 160 
51 254 185 65 91 473 382 200 464 157 220 240 90 416 276 0 320 66 159 135 108 467 101 342 474 241 75 241 261 93 286 372 301 246 263 316 287 442 404 193 
405 268 364 352 308 486 127 335 52 443 420 317 410 228 366 139 0 419 391 330 180 190 322 258 441 68 227 463 61 169 366 205 280 340 275 338 355 260 172 189 
469 114 108 493 230 493 358 75 412 248 356 298 388 384 55 84 158 0 439 497 170 107 118 81 94 409 306 382 263 272 53 158 448 325 423 440 54 416 297 287 
327 251 349 331 345 232 336 379 341 274 375 461 88 443 492 132 107 53 0 220 76 482 224 184 429 499 314 368 259 229 164 252 262 121 100 92 416 283 134 294 
330 358 375 497 152 74 244 441 131 247 161 365 228 91 255 157 296 68 231 0 54 454 102 464 215 173 63 257 89 52 341 89 332 406 415 84 264 439 278 205 
276 231 316 140 166 113 102 480 359 120 210 119 74 262 82 239 386 96 203 181 0 98 250 220 137 362 134 378 126 279 156 281 262 93 303 352 209 366 160 188 
224 231 105 500 462 73 82 407 409 128 109 296 383 66 467 226 378 307 104 210 293 0 417 197 54 460 450 112 169 71 223 63 452 160 118 452 121 142 484 478 
257 318 294 260 407 66 433 133 150 239 394 311 482 310 458 242 269 164 305 144 185 234 0 158 344 344 433 51 415 281 241 148 245 58 148 455 171 371 387 254 
472 125 354 282 314 163 239 262 383 353 273 477 245 457 341 88 300 274 296 421 54 487 276 0 249 251 374 410 372 245 296 333 216 128 186 204 148 300 393 360 
389 453 133 121 197 89 413 442 96 393 237 467 153 223 242 109 424 323 469 51 274 265 334 196 0 99 471 350 197 477 242 263 365 401 102 192 97 142 104 245 
395 203 188 361 307 361 310 366 491 339 334 493 112 305 82 258 354 259 107 257 235 55 471 306 407 0 72 449 210 371 259 162 265 413 300 333 219 368 349 291 
358 187 124 106 456 136 346 213 440 104 477 404 497 482 374 302 144 396 457 305 474 216 417 238 335 423 0 277 260 290 125 50 355 469 331 167 424 417 463 136 
113 67 112 467 63 301 340 71 151 442 235 162 415 401 285 360 442 208 136 201 448 212 201 302 180 482 420 0 104 155 138 397 218 155 216 391 375 223 437 153 
324 378 338 437 500 445 221 359 386 379 445 293 83 363 444 335 250 181 461 304 286 99 407 210 411 122 100 493 0 51 487 145 326 121 189 262 120 133 189 429 
225 275 129 468 308 443 167 349 192 54 66 202 498 115 315 207 232 144 465 431 145 451 282 421 278 421 389 348 260 0 78 483 191 59 112 365 317 261 482 165 
159 487 388 67 484 209 332 397 392 426 361 78 71 68 311 198 296 231 87 351 198 322 333 339 331 151 204 354 118 392 0 225 434 134 113 451 324 272 490 428 
370 171 288 399 399 62 209 304 309 146 97 366 294 369 198 340 406 56 250 466 124 348 190 265 189 460 422 463 232 411 390 0 101 289 385 206 394 397 365 197 
412 218 244 277 218 319 426 57 431 188 464 396 469 312 293 233 451 252 155 169 190 272 266 449 267 150 154 161 497 470 64 165 0 187 466 392 355 491 73 119 
422 211 289 73 180 307 72 363 464 275 224 133 171 447 105 119 213 205 224 80 408 400 95 72 293 60 415 354 257 438 423 178 356 0 419 409 486 225 431 104 
189 412 279 479 83 432 83 152 351 238 82 382 352 432 183 375 224 400 496 78 156 189 451 492 495 125 400 236 301 86 498 196 205 483 0 174 445 414 414 96 
264 151 129 352 209 267 485 83 442 384 285 470 247 425 176 238 175 252 344 362 259 136 359 405 291 97 78 235 461 442 489 431 299 324 283 0 458 90 474 248 
482 358 239 207 104 163 90 499 289 292 342 357 50 428 422 405 426 469 189 160 185 337 355 115 135 385 104 299 426 78 253 163 142 443 77 403 0 105 117 401 
100 359 449 163 115 376 291 226 57 466 365 375 150 408 229 216 493 114 477 498 246 54 251 115 146 193 142 499 455 209 399 262 274 347 131 95 430 0 373 271 
437 338 342 67 439 249 247 361 448 67 93 446 470 98 403 84 194 302 384 400 256 299 54 224 73 352 306 325 488 178 303 180 222 351 198 367 307 151 0 434 
254 375 478 406 344 75 64 378 426 316 468 325 72 267 330 246 497 388 258 321 375 386 123 261 108 181 165 181 438 266 115 398 347 92 304 190 117 318 275 0 

984.4 0 5
984.4 1 10
984.4 2 20
984.4 3 38
984.4 4 11
984.4 5 19
984.4 6 30
984.4 7 4
984.4 8 3
984.4 9 0
984.4 10 13
984.4 11 27
984.4 12 11
984.4 13 37
984.4 14 24
984.4 15 13
984.4 16 32
984.4 17 28
984.4 18 22
984.4 19 3
984.4 20 30
984.4 21 1
984.4 22 24
984.4 23 29
984.4 24 33
984.4 25 28
984.4 26 11
984.4 27 13
984.4 28 31
984.4 29 9
984.4 30 22
984.4 31 36
984.4 32 8
984.4 33 4
984.4 34 35
984.4 35 8
984.4 36 12
984.4 37 15
984.4 38 13
984.4 39 5

