40 40 4

0 124 149 307 87 274 128 280 75 483 437 354 78 313 70 209 277 384 124 374 278 472 276 103 379 483 134 349 358 467 173 62 297 272 319 91 252 154 77 277 
343 0 465 337 127 484 358 286 260 241 360 133 226 87 359 279 172 98 120 471 162 86 350 381 334 329 199 131 80 59 158 308 353 122 351 430 105 415 423 71 
363 489 0 154 88 283 220 317 405 475 387 132 136 180 432 467 220 260 372 301 498 138 409 305 197 238 362 126 500 277 255 71 139 451 382 177 233 101 200 137 
282 87 426 0 368 424 358 90 143 324 169 394 321 257 302 332 404 246 194 236 246 421 198 267 59 148 148 393 87 407 92 174 188 336 307 263 259 164 59 352 
438 178 452 259 0 141 461 90 495 206 441 438 402 361 135 168 126 233 474 469 270 380 268 150 274 103 407 487 313 277 497 371 422 381 323 387 473 283 183 223 
439 124 160 341 435 0 452 215 268 391 395 443 367 481 210 224 255 264 337 448 283 114 200 153 242 81 426 128 260 208 261 433 147 335 300 194 477 251 115 244 
142 461 186 215 441 103 0 389 402 73 226 350 306 497 500 409 238 287 91 316 497 249 76 430 102 118 229 453 94 186 68 288 485 235 180 200 382 233 295 284 
256 471 133 268 467 339 177 0 411 126 218 226 122 173 460 51 433 77 437 385 121 123 159 115 314 100 245 464 433 185 466 216 147 436 299 366 159 344 249 276 
420 173 453 493 52 168 250 435 0 195 187 76 473 467 392 87 487 443 489 207 375 380 172 90 234 314 95 306 423 389 54 199 309 384 358 57 142 476 257 284 
377 150 310 349 323 201 142 310 350 0 337 467 224 217 138 471 401 402 65 206 81 161 417 437 176 56 50 183 148 232 146 382 108 247 398 163 276 306 462 85 
155 298 258 86 465 346 56 121 455 279 0 277 242 146 400 178 272 406 178 161 261 116 257 142 174 210 491 494 437 296 455 228 157 252 437 193 424 489 407 495 
199 185 479 391 281 378 275 259 491 159 370 0 251 225 333 99 349 494 296 98 186 298 52 120 406 462 263 305 385 252 211 379 157 102 357 499 333 442 480 91 
188 139 167 389 314 451 194 370 200 197 418 92 0 445 177 162 106 138 376 362 473 334 279 107 197 332 171 195 371 112 175 169 250 471 493 345 284 443 245 153 
142 392 278 184 337 405 53 149 249 135 217 428 175 0 447 241 322 485 362 468 111 180 349 230 380 319 223 431 309 372 176 413 221 67 397 111 110 301 114 210 
256 199 133 390 80 286 130 353 270 443 320 88 122 375 0 475 209 400 197 139 208 276 472 327 447 246 223 57 306 230 329 222 192 234 306 81 265 91 162 117 
68 104 143 106 176 224 80 335 123 435 181 488 417 152 315 0 363 104 244 126 361 425 161 289 116 346 301 148 317 99 260 384 324 70 233 380 403 407 166 445 
236 307 125 430 223 434 244 292 489 195 369 105 119 236 100 392 0 81 352 246 104 401 212 438 431 232 377 310 135 490 182 79 225 440 361 155 369 294 105 161 
489 250 236 93 75 422 144 174 454 202 370 264 309 289 202 239 471 0 285 255 312 275 387 341 206 82 201 67 402 202 330 62 397 79 248 441 312 169 291 436 
329 443 61 93 458 300 452 196 478 236 401 289 217 287 337 374 320 244 0 147 221 396 427 440 293 213 187 440 475 306 437 166 342 135 384 385 92 391 92 445 
368 278 345 156 202 338 443 75 157 394 379 84 289 306 474 288 469 367 434 0 199 173 126 71 221 211 405 105 460 295 147 404 369 131 248 476 283 293 174 64 
400 67 394 191 63 406 371 57 130 238 198 279 117 274 56 288 192 167 99 358 0 169 403 262 488 484 216 219 474 459 344 244 115 117 137 463 337 249 333 101 
329 277 249 314 100 229 320 338 127 194 143 436 313 496 404 300 236 326 470 209 492 0 69 403 106 343 247 275 387 446 314 438 482 91 393 295 141 121 322 186 
406 466 279 97 485 275 451 284 217 276 460 376 474 235 278 79 285 231 60 171 384 325 0 108 365 366 451 159 213 278 187 349 183 359 335 230 343 316 387 334 
483 370 500 358 343 235 342 373 226 280 139 347 163 414 405 478 486 111 343 199 339 481 254 0 229 95 88 165 389 110 52 429 92 372 428 156 214 369 205 293 
94 435 383 391 97 296 51 281 282 112 123 187 158 310 391 93 356 186 208 244 246 210 172 496 0 288 306 151 453 175 306 452 219 447 334 110 494 337 318 274 
325 137 104 462 452 364 108 495 219 451 202 169 197 119 498 192 357 304 500 65 185 306 468 354 459 0 57 170 453 100 439 433 131 75 487 299 233 351 358 227 
276 308 135 152 211 204 149 109 268 159 109 283 294 121 457 355 79 221 475 238 271 169 378 353 401 364 0 151 133 421 215 310 404 230 396 55 147 306 361 207 
73 471 473 63 471 300 470 325 85 190 56 274 168 175 151 227 76 221 328 159 142 250 420 252 430 71 257 0 283 83 117 440 107 294 168 327 472 418 52 52 
454 400 58 434 67 184 291 244 210 462 278 319 310 478 445 61 163 222 475 153 256 299 92 69 299 418 346 270 0 91 348 273 251 247 488 184 471 171 181 214 
331 143 199 357 159 383 57 378 253 230 352 356 192 357 154 211 156 71 263 132 113 317 111 314 271 99 205 241 220 0 336 162 258 185 67 114 295 400 328 379 
359 57 230 214 199 87 319 116 400 96 85 482 366 353 300 387 123 349 91 70 275 133 389 483 269 406 303 270 62 131 0 148 371 345 84 292 251 328 110 73 
434 363 109 416 436 412 422 322 241 270 119 468 251 202 113 441 177 469 243 153 237 80 458 108 132 493 106 89 76 373 112 0 461 235 171 132 170 289 53 198 
236 480 267 411 437 420 474 377 303 198 327 407 386 113 364 200 195 112 256 234 346 128 53 306 69 381 144 190 170 354 94 112 0 333 312 473 269 438 446 146 
240 144 179 353 236 242 424 386 388 486 141 328 87 426 87 343 445 419 437 341 295 290 386 357 329 197 86 305 341 482 157 287 332 0 286 140 67 478 63 403 
121 255 250 156 293 175 193 342 327 318 486 167 112 482 259 176 67 406 212 322 453 400 185 240 232 421 330 249 154 99 152 433 60 108 0 295 59 441 194 108 
267 463 93 384 281 281 143 407 298 255 325 326 415 225 217 154 407 344 434 155 449 239 464 137 456 72 382 222 219 75 280 436 244 79 75 0 476 310 168 382 
315 130 414 347 495 138 271 355 495 114 495 356 269 233 320 356 395 98 444 116 267 226 346 409 420 131 434 395 392 309 484 413 145 397 466 139 0 241 236 444 
235 57 438 90 276 377 116 339 271 371 282 94 344 458 390 252 134 472 186 235 119 445 425 238 89 77 410 385 268 353 84 453 360 228 250 135 311 0 72 424 
288 394 413 332 237 126 222 196 210 400 332 396 225 483 320 169 278 348 78 369 115 381 403 275 447 337 231 289 147 253 212 385 146 331 217 90 408 145 0 236 
117 251 274 219 426 463 246 94 240 300 329 108 121 417 217 346 363 53 76 151 150 280 70 241 132 351 408 172 258 52 114 82 253 94 458 385 56 203 429 0 

840.51 0 6
840.51 1 25
840.51 2 13
840.51 3 19
840.51 4 5
840.51 5 18
840.51 6 22
840.51 7 8
840.51 8 21
840.51 9 10
840.51 10 11
840.51 11 30
840.51 12 29
840.51 13 14
840.51 14 10
840.51 15 25
840.51 16 17
840.51 17 8
840.51 18 23
840.51 19 1
840.51 20 23
840.51 21 23
840.51 22 10
840.51 23 9
840.51 24 14
840.51 25 14
840.51 26 7
840.51 27 34
840.51 28 32
840.51 29 23
840.51 30 31
840.51 31 28
840.51 32 9
840.51 33 4
840.51 34 8
840.51 35 2
840.51 36 11
840.51 37 20
840.51 38 0
840.51 39 33

