40 40 3

0 292 232 158 325 306 377 200 112 414 108 298 159 255 494 437 134 426 344 146 254 446 263 473 219 488 284 160 418 190 50 206 432 233 70 464 489 153 163 307 
274 0 221 105 383 183 305 319 267 230 369 363 434 71 332 406 240 320 396 350 444 293 351 356 224 83 377 394 278 480 56 84 253 435 346 342 324 150 368 90 
86 443 0 159 470 464 441 131 204 467 234 260 410 477 110 266 407 350 349 57 127 84 63 369 495 204 214 336 478 71 410 274 107 353 383 284 72 80 121 226 
497 61 437 0 163 244 253 135 358 310 434 365 143 224 134 462 218 289 383 54 473 160 170 247 217 473 129 207 252 366 486 428 363 497 120 232 448 80 73 305 
340 213 169 433 0 387 253 151 105 248 484 316 221 350 436 418 273 165 253 431 367 119 172 50 188 168 328 126 115 114 149 126 404 312 245 92 198 205 400 460 
403 383 275 123 232 0 418 247 212 289 451 142 155 276 471 362 170 138 396 246 411 460 345 243 119 363 439 162 60 350 61 227 252 151 452 82 89 125 486 251 
364 192 99 225 418 69 0 87 87 365 433 490 482 149 90 224 218 403 369 86 170 218 305 347 177 162 54 416 408 130 401 366 444 93 415 169 217 191 413 462 
262 101 451 450 200 248 173 0 369 150 249 161 477 173 416 79 300 284 84 422 192 164 323 57 314 122 178 189 496 75 101 457 287 153 164 236 303 362 116 378 
218 71 490 195 194 161 431 201 0 396 465 122 87 335 151 301 356 430 429 495 426 455 96 138 448 406 252 391 415 320 457 500 489 234 245 390 378 356 320 78 
458 492 358 495 326 215 51 181 145 0 431 383 70 141 185 365 88 90 117 185 211 387 348 210 131 81 405 227 166 468 254 194 425 245 258 176 277 424 177 165 
68 314 498 295 405 182 159 200 429 433 0 91 346 76 390 56 364 421 167 91 86 134 295 438 59 246 402 392 229 325 68 344 99 89 97 100 200 229 417 350 
364 349 392 210 131 488 423 446 408 89 243 0 201 381 244 138 146 440 490 488 168 71 262 219 327 301 266 378 452 202 294 57 65 349 155 432 187 142 354 132 
257 150 325 408 237 68 252 333 214 448 76 88 0 225 288 257 52 296 474 380 454 175 380 461 397 435 323 85 121 171 145 203 378 245 234 492 188 252 243 471 
172 398 497 211 122 492 418 124 287 147 210 447 479 0 296 407 132 231 436 167 302 107 262 212 435 214 396 183 352 355 132 79 477 480 75 187 309 273 312 139 
266 165 300 212 144 95 326 226 276 261 99 285 318 67 0 447 460 231 342 142 290 403 224 319 380 411 100 273 219 324 291 308 89 407 314 252 257 360 77 189 
342 495 238 126 69 255 279 479 193 328 327 433 230 257 458 0 109 167 57 89 92 87 330 107 127 443 371 85 199 437 319 338 279 313 282 111 332 488 97 66 
387 375 99 319 104 307 276 371 180 490 166 430 77 446 487 361 0 389 357 396 294 294 421 132 279 440 120 96 479 314 143 495 200 224 94 225 279 107 451 356 
444 197 472 373 224 173 359 291 268 216 393 62 216 313 351 201 252 0 421 247 230 235 97 432 141 271 232 317 256 289 474 111 232 170 289 312 100 413 170 341 
180 92 233 399 465 252 456 165 211 133 119 147 74 166 78 165 387 260 0 432 143 255 406 411 194 282 200 456 333 112 332 380 449 131 320 104 95 71 59 211 
439 142 280 86 166 152 114 489 489 81 420 338 493 325 249 393 314 399 348 0 146 217 387 232 372 468 51 182 62 280 192 430 218 491 416 254 364 67 75 352 
263 313 478 100 305 59 55 198 323 160 252 419 83 138 150 406 105 359 87 325 0 138 436 254 306 183 377 267 497 394 292 104 156 104 81 414 115 90 419 263 
363 286 466 488 319 310 138 224 122 203 469 397 291 160 357 303 293 233 69 496 334 0 311 99 196 121 131 316 187 378 235 156 241 227 328 228 496 138 72 427 
210 225 395 313 222 261 376 476 54 316 495 256 149 62 306 295 340 143 111 477 227 52 0 133 174 229 411 353 431 255 131 357 171 63 458 190 235 219 66 210 
430 332 412 185 431 424 197 432 470 497 249 447 224 458 286 104 393 403 407 324 158 245 180 0 486 465 138 176 199 307 192 116 443 474 234 127 160 364 482 298 
333 234 498 486 164 455 271 219 104 174 332 378 489 76 57 474 247 352 356 153 158 498 219 307 0 227 159 385 93 473 122 342 305 306 95 291 177 256 268 346 
310 148 177 187 343 411 402 73 157 253 379 260 118 377 185 375 310 294 466 354 473 87 195 485 100 0 240 275 227 202 249 279 463 348 162 149 190 279 50 213 
387 461 92 353 78 175 245 403 191 245 369 495 218 162 396 202 419 342 183 352 495 382 130 457 436 450 0 312 126 228 69 496 321 480 294 381 264 419 125 166 
110 76 241 311 244 110 207 152 479 255 492 87 456 130 374 412 65 323 431 348 51 450 100 322 185 344 202 0 155 470 484 271 79 60 219 96 461 486 460 113 
220 215 311 257 170 391 131 289 163 160 426 461 161 131 60 190 266 111 98 371 80 82 348 316 92 273 362 52 0 258 78 322 429 450 133 392 119 230 229 114 
343 340 490 60 451 120 277 140 92 338 396 169 368 428 224 390 226 447 252 435 412 280 257 96 229 96 438 54 276 0 167 326 326 457 71 336 163 349 112 461 
391 157 356 267 475 490 441 121 215 143 323 149 54 309 112 100 244 365 245 455 348 118 487 173 74 58 215 394 357 277 0 354 454 140 416 427 115 405 367 393 
119 461 215 426 465 230 488 272 180 109 467 134 407 84 328 79 315 336 244 415 399 227 269 108 318 391 486 139 296 352 482 0 121 68 403 497 240 339 241 462 
469 300 184 309 206 425 136 442 446 178 392 360 76 325 128 342 142 226 327 438 472 385 175 299 404 284 296 350 122 243 311 297 0 249 201 106 161 125 399 102 
70 77 200 380 310 475 215 358 324 391 184 468 118 276 143 367 386 377 369 235 450 318 496 246 66 403 58 177 478 164 436 254 398 0 135 133 207 317 54 65 
140 151 406 107 426 388 407 500 273 284 368 458 440 393 209 392 409 111 157 293 295 271 228 499 168 70 339 81 337 343 303 183 201 209 0 447 126 96 354 125 
76 344 200 484 283 92 400 381 207 461 488 450 256 465 385 461 132 405 299 164 448 349 417 130 500 332 283 332 135 136 408 161 430 314 351 0 419 112 250 300 
269 418 494 426 380 459 310 340 90 421 139 411 124 438 84 411 193 122 193 475 207 487 138 74 416 402 132 91 464 88 97 440 456 90 365 335 0 499 381 175 
296 57 471 413 131 164 447 248 307 69 147 488 433 133 333 214 256 234 52 297 405 90 344 344 253 384 415 87 139 295 419 141 58 145 260 346 259 0 207 93 
272 433 190 467 121 274 299 492 480 483 494 483 143 84 326 437 287 416 351 80 261 352 206 108 360 301 319 205 60 232 455 489 164 145 455 442 125 253 0 434 
311 443 427 293 85 217 325 229 210 240 286 448 208 138 153 266 204 160 84 116 377 266 70 366 136 372 76 285 447 280 218 464 429 351 256 220 275 80 399 0 

1006.8 0 15
1006.8 1 3
1006.8 2 23
1006.8 3 38
1006.8 4 13
1006.8 5 17
1006.8 6 12
1006.8 7 28
1006.8 8 12
1006.8 9 35
1006.8 10 32
1006.8 11 12
1006.8 12 11
1006.8 13 18
1006.8 14 33
1006.8 15 12
1006.8 16 31
1006.8 17 6
1006.8 18 4
1006.8 19 24
1006.8 20 1
1006.8 21 15
1006.8 22 9
1006.8 23 24
1006.8 24 19
1006.8 25 8
1006.8 26 5
1006.8 27 7
1006.8 28 12
1006.8 29 26
1006.8 30 34
1006.8 31 28
1006.8 32 18
1006.8 33 7
1006.8 34 27
1006.8 35 20
1006.8 36 13
1006.8 37 29
1006.8 38 10
1006.8 39 25

