40 40 3

0 340 73 124 420 320 104 484 273 437 362 388 241 300 154 283 340 465 250 211 112 308 179 290 178 352 397 418 322 369 394 205 208 174 279 127 444 333 110 423 
476 0 423 66 424 429 378 206 476 98 406 186 160 421 71 157 305 373 53 429 401 372 323 105 286 203 90 363 353 130 180 276 312 309 499 235 444 376 148 419 
425 260 0 311 291 387 332 398 192 411 158 120 311 236 149 122 473 302 370 91 155 450 428 137 468 236 135 203 180 218 57 305 142 267 116 139 154 154 488 296 
65 352 122 0 326 294 222 155 473 230 475 64 335 180 198 178 147 385 264 56 271 188 63 75 280 281 348 125 141 453 319 143 468 170 215 500 415 143 154 143 
324 335 157 365 0 465 62 494 112 397 464 118 374 151 339 155 137 326 454 212 417 162 482 59 336 358 431 335 479 74 196 122 348 481 436 212 446 448 412 264 
100 375 88 424 232 0 133 79 319 409 239 238 325 351 426 90 186 283 472 227 262 496 373 90 343 110 476 261 262 424 173 232 474 254 270 154 437 354 183 462 
469 372 406 294 222 331 0 90 114 114 61 291 82 263 371 329 312 187 304 73 155 434 403 337 164 156 313 268 299 166 157 261 342 479 166 135 407 204 382 227 
475 394 224 56 363 94 91 0 175 438 345 198 92 486 100 379 149 413 192 123 212 64 230 179 356 415 51 197 321 412 79 254 386 179 428 148 492 229 189 166 
166 241 70 209 226 327 294 81 0 240 192 361 158 207 90 494 269 211 251 417 482 163 202 235 255 87 369 354 78 97 493 402 214 440 422 129 165 456 373 403 
195 272 263 59 429 59 259 404 220 0 216 76 408 329 228 349 84 472 218 144 50 265 343 158 185 283 286 264 154 241 344 57 142 115 477 358 250 243 116 153 
169 283 180 77 318 114 132 108 86 56 0 202 293 272 496 157 163 278 393 134 138 341 428 352 433 249 329 291 205 278 113 308 397 346 194 180 164 466 263 222 
258 476 131 257 454 126 364 117 110 463 201 0 405 303 335 257 236 83 292 233 238 69 296 252 172 142 153 303 463 118 272 391 82 247 472 289 201 304 152 475 
120 114 175 476 368 460 439 310 493 230 493 437 0 456 495 188 334 343 498 343 305 322 114 403 354 68 374 142 426 385 244 400 211 65 74 393 383 240 331 399 
439 267 391 375 429 141 269 263 435 267 105 446 88 0 377 348 149 151 429 241 76 313 436 182 230 207 206 123 89 152 160 438 90 134 84 415 62 382 390 482 
316 363 294 262 158 170 109 257 271 488 448 53 56 139 0 185 237 296 97 66 91 199 176 479 239 260 269 360 480 151 456 461 173 319 254 385 427 130 201 183 
351 395 130 110 402 220 245 345 222 499 361 264 197 243 449 0 142 210 218 208 189 75 164 149 198 433 110 290 359 190 441 248 248 335 328 308 443 254 260 494 
427 258 110 190 162 304 138 461 220 62 169 359 294 490 214 199 0 422 274 439 487 415 135 234 369 176 268 176 119 473 386 319 155 351 380 51 219 390 139 179 
109 359 54 174 359 494 338 57 171 319 446 364 233 80 97 101 207 0 316 434 483 495 76 57 149 133 387 150 302 483 446 431 298 60 192 422 370 392 260 377 
63 78 323 377 468 109 181 275 473 447 415 211 197 441 219 296 73 312 0 152 325 51 97 463 299 315 361 221 184 252 187 60 265 422 89 349 389 356 480 370 
84 182 284 246 329 432 171 331 455 189 433 487 190 236 205 440 50 65 367 0 391 474 53 158 446 425 197 294 69 259 480 145 294 161 379 490 440 310 367 477 
472 55 165 214 196 107 369 342 315 140 208 205 320 418 313 265 98 217 58 117 0 426 488 419 219 355 297 415 50 314 281 477 492 494 141 205 189 199 280 481 
464 126 395 375 396 312 188 161 360 111 169 183 487 364 101 413 218 104 83 426 124 0 71 402 115 64 250 270 410 155 256 390 325 332 491 199 228 302 93 339 
161 154 214 50 348 284 101 467 209 362 500 134 437 277 242 51 291 442 479 200 96 234 0 296 127 66 493 277 451 294 76 289 161 388 209 161 442 444 419 408 
152 281 163 443 424 147 184 425 388 126 159 295 379 344 297 457 116 290 440 66 290 466 61 0 158 353 220 269 294 163 395 408 472 382 278 414 305 375 98 436 
469 381 95 470 259 389 474 215 211 470 361 434 259 327 445 367 386 164 343 387 485 444 294 212 0 325 278 333 336 359 137 271 328 468 316 297 433 411 477 355 
328 446 215 261 205 492 205 278 378 76 120 264 267 270 264 429 301 249 261 136 107 348 114 385 71 0 380 389 455 498 365 309 325 311 474 86 222 466 448 450 
99 474 277 69 240 253 283 376 54 238 136 140 296 191 411 180 212 291 275 373 495 347 181 319 157 155 0 111 85 327 59 485 132 483 468 151 430 221 140 305 
432 329 147 71 124 495 433 461 414 430 443 286 180 289 418 449 396 279 267 187 312 276 378 394 465 346 251 0 394 273 341 405 204 376 52 432 450 497 120 167 
410 256 109 403 386 348 76 91 450 305 308 136 323 290 464 423 461 65 173 355 288 464 466 198 340 224 130 496 0 428 407 162 93 163 428 446 499 482 472 89 
431 483 103 273 305 343 444 434 304 459 106 365 454 70 86 358 116 261 194 111 188 101 431 231 214 114 177 212 96 0 355 459 233 338 61 213 349 111 156 283 
121 321 339 192 481 115 228 339 388 439 483 450 126 83 136 64 247 407 191 166 453 252 331 393 89 98 105 145 366 418 0 134 437 238 179 128 219 452 63 57 
339 452 490 495 285 280 130 299 233 488 196 105 196 398 142 88 194 191 350 496 56 267 129 200 456 465 485 381 416 498 388 0 255 206 133 249 441 119 86 239 
303 73 141 114 426 489 207 465 389 348 70 384 110 288 463 467 243 184 452 330 99 205 217 304 361 56 260 301 126 296 246 135 0 75 337 199 451 82 356 171 
421 410 192 305 227 186 474 193 135 157 351 415 207 56 131 217 367 344 427 168 176 429 120 468 454 408 374 161 196 436 489 116 346 0 180 371 279 316 345 422 
401 208 273 71 365 486 359 289 352 203 422 226 85 351 297 53 60 411 377 378 106 68 367 172 364 253 250 349 276 301 271 176 459 250 0 198 80 235 263 319 
293 416 447 470 208 297 473 418 64 383 50 392 439 68 258 317 139 462 66 438 237 317 415 119 483 164 474 62 105 237 87 105 359 484 74 0 66 488 253 434 
51 135 434 149 280 209 114 303 298 282 76 235 469 343 150 294 81 471 475 93 283 418 337 338 483 321 118 256 308 321 396 65 162 86 164 148 0 245 228 401 
493 460 427 434 184 477 83 185 57 261 159 308 494 283 144 87 472 415 155 227 429 426 123 444 294 366 108 392 110 286 292 309 246 426 242 136 402 0 483 271 
165 450 136 423 443 369 67 480 341 188 341 274 117 473 103 60 266 419 325 157 235 111 155 494 63 80 443 149 188 181 371 304 130 213 226 279 82 450 0 465 
129 345 305 353 412 277 163 178 493 81 454 356 267 271 461 467 491 492 165 139 386 296 216 189 132 380 366 361 168 71 325 454 366 336 306 484 112 175 369 0 

599.25 0 18
599.25 1 8
599.25 2 0
599.25 3 19
599.25 4 5
599.25 5 6
599.25 6 18
599.25 7 0
599.25 8 17
599.25 9 0
599.25 10 31
599.25 11 15
599.25 12 24
599.25 13 25
599.25 14 19
599.25 15 19
599.25 16 7
599.25 17 14
599.25 18 10
599.25 19 36
599.25 20 10
599.25 21 30
599.25 22 9
599.25 23 34
599.25 24 19
599.25 25 24
599.25 26 5
599.25 27 29
599.25 28 26
599.25 29 25
599.25 30 16
599.25 31 33
599.25 32 33
599.25 33 16
599.25 34 14
599.25 35 27
599.25 36 11
599.25 37 32
599.25 38 16
599.25 39 28

