40 40 4

0 380 119 242 95 158 101 307 116 176 184 451 434 418 439 460 389 236 241 317 167 337 163 238 324 228 324 203 398 251 67 426 338 136 374 383 451 425 396 66 
100 0 80 467 240 204 161 200 92 103 391 115 428 434 228 372 464 163 195 166 60 153 390 192 441 232 65 323 183 440 426 406 246 212 129 437 366 447 343 164 
50 233 0 229 428 373 164 299 337 277 200 453 494 303 99 393 450 281 408 480 414 348 405 76 300 116 155 236 432 101 78 95 308 468 481 442 341 144 447 177 
127 147 336 0 328 156 141 220 106 373 127 85 493 181 196 275 188 262 136 374 193 188 159 445 202 333 425 144 173 276 297 56 353 150 99 387 257 190 106 69 
269 391 311 262 0 278 457 487 416 425 123 290 117 468 155 268 376 438 399 226 318 174 474 80 478 123 129 120 86 477 177 312 245 67 122 213 295 285 407 211 
209 236 207 483 410 0 68 250 285 212 149 218 480 480 191 60 213 471 346 284 57 78 411 75 481 184 148 400 185 139 306 102 299 248 259 488 364 484 445 356 
196 93 73 175 279 421 0 392 443 391 445 226 154 473 343 180 209 477 485 109 368 123 121 421 128 320 386 116 183 370 60 489 65 310 268 397 88 188 496 481 
79 440 413 390 168 255 69 0 328 438 260 387 306 334 458 226 412 484 111 234 167 187 244 362 202 53 130 99 92 268 94 279 53 240 399 394 358 153 169 392 
298 136 278 310 420 443 486 87 0 426 303 272 92 197 466 161 349 226 241 154 475 215 405 460 219 144 358 319 209 218 194 100 466 280 85 275 406 478 467 444 
403 476 422 202 172 143 313 228 75 0 260 332 500 425 444 460 350 294 73 168 209 241 69 260 413 299 51 187 205 479 360 355 137 336 483 289 458 125 308 392 
151 274 431 357 199 374 72 255 167 96 0 130 327 494 149 293 407 154 294 93 309 479 404 370 115 446 352 111 159 184 125 51 492 350 432 348 255 305 127 460 
178 173 89 211 166 188 210 279 500 210 323 0 308 188 433 385 461 378 443 71 487 126 146 244 117 446 175 172 200 186 249 367 71 128 406 232 451 301 393 230 
300 102 52 314 448 191 198 408 68 348 429 261 0 424 281 456 248 227 337 126 133 474 81 450 251 159 356 433 109 363 81 289 369 341 498 182 495 395 87 402 
169 385 86 381 64 317 92 469 250 135 94 334 108 0 125 490 65 441 345 449 50 414 236 496 282 283 250 415 277 144 208 385 264 92 421 351 106 238 393 282 
194 234 326 478 293 158 468 64 98 68 463 305 189 406 0 57 421 395 257 91 172 107 249 263 77 498 184 378 311 128 477 92 272 211 124 457 210 232 180 224 
488 405 394 499 93 55 55 221 400 469 262 278 76 218 492 0 310 215 175 188 232 460 164 274 231 81 105 394 241 287 73 172 481 185 65 480 228 70 241 399 
420 417 368 198 199 85 189 459 457 70 146 189 480 468 169 417 0 499 224 311 447 218 90 118 405 225 133 384 160 360 332 58 486 248 132 183 397 374 78 355 
331 305 208 226 284 175 101 408 380 483 425 326 200 465 150 104 397 0 440 195 56 299 477 271 285 431 110 174 83 434 410 144 471 214 302 196 205 183 455 112 
270 437 487 302 136 207 403 397 103 98 91 316 348 274 294 339 411 354 0 219 444 287 128 295 258 500 303 160 411 437 321 473 413 257 215 214 99 372 323 203 
182 372 244 448 426 225 448 264 342 301 189 493 295 475 287 259 474 89 125 0 384 232 397 112 144 360 277 65 166 355 338 319 487 416 62 191 341 444 345 311 
493 146 207 485 147 181 271 356 361 66 187 244 456 83 62 99 150 496 321 266 0 350 159 84 93 281 303 441 122 454 285 139 446 137 296 430 234 427 407 296 
287 179 434 237 134 223 249 391 79 451 211 295 301 76 85 344 308 339 491 136 292 0 275 432 444 119 228 373 303 361 486 306 355 164 239 298 249 168 254 346 
198 204 56 443 211 83 479 261 97 73 251 183 71 233 321 465 302 255 93 104 116 78 0 360 177 399 305 181 354 424 385 199 328 296 206 270 457 446 455 218 
493 234 419 382 255 151 409 219 403 164 262 214 437 290 280 113 396 85 451 249 215 336 399 0 493 131 311 469 87 463 180 462 455 364 381 92 119 238 451 288 
141 321 50 61 257 497 291 76 148 326 478 348 247 69 453 239 150 263 208 394 225 94 356 386 0 408 443 184 477 180 341 472 478 162 472 489 369 224 280 396 
323 312 129 377 59 148 329 248 248 298 162 348 229 206 410 321 321 352 455 297 239 51 268 216 163 0 446 412 483 377 398 134 406 209 213 282 218 311 317 173 
265 114 492 319 293 405 229 113 225 287 274 228 476 275 447 399 145 148 66 127 475 414 418 380 122 337 0 368 498 354 184 377 118 248 124 143 247 479 322 66 
410 316 497 138 498 272 291 152 367 389 168 200 120 288 324 206 361 160 74 114 220 208 197 495 163 271 137 0 360 457 166 133 366 432 129 210 429 107 451 81 
424 96 406 330 166 194 360 322 261 226 346 325 396 261 228 390 374 449 478 440 405 143 72 478 281 152 187 209 0 209 138 447 340 391 353 376 56 497 236 84 
464 412 137 495 64 348 222 404 428 170 137 367 282 437 146 259 217 248 152 133 163 447 79 209 337 138 292 343 341 0 478 134 304 145 221 298 366 68 470 270 
446 347 113 68 335 50 164 300 217 118 402 56 439 349 86 147 185 174 389 235 466 122 319 476 425 246 274 290 264 450 0 266 416 52 330 190 337 86 305 136 
460 129 489 467 67 93 52 372 435 383 260 376 104 89 401 80 464 146 60 460 116 460 226 238 463 262 379 55 298 390 142 0 257 225 337 223 243 136 432 114 
70 315 80 153 125 326 53 155 289 357 165 456 423 332 181 368 50 149 246 55 397 342 354 360 66 397 83 466 483 221 286 260 0 242 73 363 318 349 366 179 
345 222 51 300 352 333 187 219 89 286 171 94 182 219 155 492 442 51 281 164 485 209 156 244 401 179 106 425 235 178 104 79 107 0 105 85 165 144 222 90 
183 458 211 434 346 136 88 93 77 297 81 398 281 240 54 231 347 183 287 272 368 171 82 153 435 137 188 99 231 360 139 120 73 56 0 53 369 142 299 169 
377 95 200 274 82 146 278 263 443 168 256 421 242 133 453 346 68 296 240 117 233 307 414 303 330 420 63 406 269 68 74 145 320 431 125 0 352 76 110 321 
225 228 76 146 176 366 305 472 384 101 212 208 491 469 121 50 54 247 270 410 466 288 190 317 314 120 393 372 146 209 192 322 387 425 174 269 0 290 429 241 
174 236 159 88 227 334 159 434 338 356 203 455 78 441 144 345 461 215 444 332 67 152 474 95 245 398 219 465 394 355 412 274 90 70 312 474 110 0 421 407 
154 484 316 108 61 463 410 112 423 331 56 254 348 365 434 394 317 87 319 281 432 173 399 205 421 175 224 394 235 144 57 339 334 323 398 101 286 307 0 164 
415 137 377 169 191 241 102 291 264 140 110 495 278 233 149 433 153 274 156 254 459 458 468 298 498 497 402 99 282 415 420 404 258 52 72 399 243 331 190 0 

576.75 0 15
576.75 1 12
576.75 2 11
576.75 3 28
576.75 4 19
576.75 5 7
576.75 6 36
576.75 7 2
576.75 8 9
576.75 9 24
576.75 10 17
576.75 11 8
576.75 12 0
576.75 13 4
576.75 14 7
576.75 15 23
576.75 16 32
576.75 17 4
576.75 18 2
576.75 19 12
576.75 20 35
576.75 21 33
576.75 22 8
576.75 23 21
576.75 24 0
576.75 25 13
576.75 26 7
576.75 27 28
576.75 28 31
576.75 29 8
576.75 30 37
576.75 31 35
576.75 32 10
576.75 33 9
576.75 34 14
576.75 35 29
576.75 36 17
576.75 37 11
576.75 38 20
576.75 39 26

