40 40 3

0 168 203 81 65 179 358 117 395 191 390 55 178 434 263 117 126 409 302 184 473 61 125 79 62 62 180 394 432 441 256 207 108 165 445 330 294 303 397 188 
200 0 493 400 328 182 369 151 258 277 159 148 456 170 223 486 390 236 165 283 167 312 245 81 126 360 476 406 154 485 58 499 184 50 399 218 389 474 75 353 
251 392 0 451 413 61 173 398 157 115 269 147 440 80 342 471 156 202 202 268 62 187 483 60 77 239 165 246 127 139 271 430 96 162 380 459 381 260 113 244 
325 332 341 0 264 119 390 234 432 298 143 200 310 280 182 76 307 128 399 259 205 488 237 342 290 349 221 248 436 431 311 387 463 143 434 226 419 323 167 350 
327 260 500 136 0 246 389 370 52 467 268 469 378 462 205 219 251 260 147 205 196 77 467 289 490 316 222 423 234 496 89 83 322 55 290 165 251 385 241 460 
351 215 428 435 176 0 132 154 133 99 251 288 452 485 461 240 231 276 412 153 216 163 399 457 192 404 246 63 361 130 254 320 187 419 455 121 301 293 432 384 
342 182 378 293 374 339 0 483 104 321 151 414 488 264 312 444 406 422 396 419 282 476 379 308 369 53 262 196 304 55 128 394 347 467 272 347 340 317 329 150 
137 186 63 331 401 81 481 0 62 453 376 188 441 107 66 249 426 277 461 122 80 222 200 181 69 373 159 366 213 426 401 313 269 87 83 100 194 114 80 413 
274 163 100 214 220 324 169 353 0 100 130 181 337 302 87 468 77 410 333 149 122 258 257 142 234 50 175 284 401 239 70 313 219 390 364 384 317 394 52 169 
200 339 300 487 348 337 211 131 453 0 250 231 75 459 194 374 399 194 499 389 94 444 165 113 163 55 183 253 322 76 255 197 226 301 447 420 148 490 337 229 
442 86 166 223 251 310 96 149 210 301 0 488 254 245 153 318 358 365 207 110 186 234 71 333 166 322 486 85 176 231 128 356 379 165 228 102 366 489 355 222 
198 156 416 159 351 68 183 415 383 340 231 0 275 280 459 314 397 488 55 188 163 236 267 225 115 138 404 374 454 148 435 382 52 90 298 161 147 72 50 268 
406 341 205 387 327 164 408 223 358 413 362 471 0 149 335 403 421 423 62 50 132 160 435 465 369 232 262 481 85 284 237 60 396 284 215 490 111 85 397 491 
393 309 352 120 164 393 473 291 315 485 498 398 351 0 189 118 219 371 86 406 162 76 143 172 179 133 94 168 194 129 271 185 473 79 243 92 401 136 271 398 
157 462 396 54 312 84 122 237 161 365 143 480 392 443 0 152 70 75 196 395 427 482 165 318 454 401 60 252 301 353 229 199 461 190 301 221 208 335 50 396 
202 365 245 181 256 187 490 483 419 185 377 101 374 492 369 0 327 393 136 286 193 439 221 98 399 362 349 120 69 390 120 171 298 191 366 186 398 259 175 380 
178 67 257 229 391 248 305 424 347 391 416 247 329 137 295 435 0 449 351 261 224 447 331 346 245 472 418 137 125 177 262 212 61 486 419 447 376 373 251 56 
427 141 422 173 177 58 418 111 213 475 322 388 422 359 440 373 330 0 357 460 162 240 428 324 251 414 449 198 496 77 155 51 454 247 180 126 374 188 495 435 
352 225 463 446 146 321 141 225 357 204 391 469 395 75 292 352 195 447 0 500 190 475 155 399 428 108 78 54 432 216 255 122 274 430 84 426 283 355 66 214 
211 221 312 387 115 337 385 417 482 332 173 378 62 485 276 440 92 60 200 0 230 434 161 58 207 298 92 133 287 153 356 451 70 76 262 407 348 98 499 265 
286 86 144 164 98 335 146 488 377 157 395 313 90 55 321 454 59 119 293 296 0 222 149 247 449 175 215 112 230 471 110 201 256 146 295 126 401 129 223 144 
212 330 489 475 370 251 51 79 260 120 323 56 499 422 460 203 303 381 265 483 351 0 81 183 314 384 184 390 284 263 319 379 181 355 123 362 431 80 363 461 
291 189 283 53 394 204 219 97 213 99 68 196 157 100 85 177 190 220 273 425 189 92 0 59 321 397 339 389 328 370 252 288 367 391 277 126 492 187 295 88 
350 100 106 252 207 363 495 90 53 421 314 184 109 356 400 136 459 238 476 493 314 434 487 0 180 80 263 256 71 400 257 109 457 64 373 415 428 235 409 469 
238 329 282 372 145 344 478 438 302 216 413 51 480 102 488 367 133 251 329 361 357 86 421 69 0 100 500 435 234 234 99 202 179 379 434 257 230 484 235 167 
286 401 287 287 136 339 481 453 178 231 282 490 295 74 166 314 331 165 248 64 349 54 217 234 139 0 357 442 319 341 176 192 333 283 429 326 369 475 306 78 
152 244 66 348 489 297 464 58 127 128 464 348 184 468 271 368 106 128 309 375 175 191 273 214 424 202 0 490 500 383 51 284 485 245 300 333 440 96 52 449 
380 131 412 434 472 379 205 95 191 490 355 272 164 252 495 84 383 196 73 382 285 281 165 270 477 171 309 0 172 424 311 120 303 148 238 236 326 323 147 372 
464 136 433 235 457 184 230 491 66 132 270 154 368 258 476 344 234 353 359 112 276 376 390 285 231 127 228 56 0 401 325 378 120 168 310 306 124 201 242 322 
424 324 298 78 398 55 260 448 446 113 306 58 339 182 398 124 119 231 58 125 131 333 210 409 451 470 214 282 377 0 162 103 301 436 107 85 90 113 295 488 
58 114 50 273 404 389 377 234 458 108 242 82 396 281 242 304 439 419 224 220 295 336 480 302 479 86 337 68 356 339 0 262 121 403 469 344 62 357 428 246 
314 486 194 103 137 182 295 392 120 420 115 497 422 402 476 223 380 268 267 154 124 105 122 402 458 91 245 471 398 379 423 0 419 364 324 472 452 212 473 99 
282 393 164 485 70 272 460 243 358 434 460 462 57 271 84 409 229 125 361 406 229 239 84 147 310 358 118 468 69 298 66 57 0 397 387 248 417 159 207 159 
467 348 326 185 111 96 426 227 482 257 87 387 436 483 178 290 499 486 114 466 262 362 238 476 258 125 224 174 234 137 491 407 435 0 72 91 497 325 223 223 
307 430 467 400 122 205 77 362 411 270 426 376 238 288 114 420 496 396 350 377 129 194 367 242 128 145 284 331 420 213 260 433 143 433 0 89 215 345 323 76 
255 299 452 130 487 446 401 163 198 296 463 74 131 156 147 324 442 242 314 479 368 477 446 301 326 378 96 491 222 369 273 427 168 432 264 0 361 377 371 474 
74 167 437 98 455 299 402 485 447 350 298 426 218 482 371 225 307 455 271 54 384 139 277 310 257 208 280 118 85 151 298 316 475 441 121 185 0 240 473 170 
393 323 174 318 491 155 395 215 169 106 192 173 440 281 156 456 245 315 236 69 106 337 73 372 67 465 199 202 411 172 322 303 445 447 328 191 308 0 429 112 
427 485 254 306 424 241 413 380 192 434 115 211 246 158 235 324 382 406 474 83 316 145 112 118 296 58 396 437 72 325 499 206 65 459 462 440 199 130 0 75 
342 63 347 259 466 455 200 290 336 105 470 125 127 114 187 196 116 402 298 52 425 329 257 130 345 215 298 491 364 379 65 412 148 362 171 114 72 77 110 0 

801.24 0 4
801.24 1 22
801.24 2 23
801.24 3 27
801.24 4 0
801.24 5 10
801.24 6 28
801.24 7 36
801.24 8 30
801.24 9 15
801.24 10 31
801.24 11 34
801.24 12 8
801.24 13 35
801.24 14 21
801.24 15 19
801.24 16 20
801.24 17 4
801.24 18 32
801.24 19 24
801.24 20 36
801.24 21 20
801.24 22 34
801.24 23 0
801.24 24 15
801.24 25 16
801.24 26 29
801.24 27 21
801.24 28 9
801.24 29 11
801.24 30 19
801.24 31 13
801.24 32 22
801.24 33 3
801.24 34 30
801.24 35 12
801.24 36 2
801.24 37 19
801.24 38 9
801.24 39 32

