40 40 3

0 136 425 93 180 133 168 110 350 95 453 137 490 471 406 67 418 247 56 318 224 488 175 145 88 305 117 207 255 238 463 229 324 144 272 211 434 390 271 283 
192 0 430 371 388 156 483 405 280 436 167 97 159 155 429 255 400 234 78 107 439 267 276 374 90 126 146 458 59 242 435 293 140 365 370 479 227 108 139 458 
494 257 0 261 360 362 190 321 261 130 349 74 275 115 301 149 363 377 452 320 143 193 255 142 284 326 462 469 52 69 107 216 269 314 428 128 175 324 399 143 
404 455 167 0 385 69 174 484 138 258 435 409 107 335 370 199 118 195 367 293 404 142 350 120 361 164 254 196 496 284 94 138 394 499 463 278 275 343 469 363 
307 159 478 364 0 444 347 269 268 248 135 60 152 227 361 429 88 231 389 441 226 172 485 71 65 240 240 500 221 289 468 290 96 127 268 166 277 321 386 496 
69 471 55 378 198 0 122 306 443 303 401 383 236 72 123 464 294 69 203 293 447 442 468 237 244 301 455 361 77 275 246 279 50 423 492 378 327 113 390 269 
123 290 358 65 68 188 0 479 312 414 181 312 361 329 279 97 73 286 258 384 69 483 336 299 240 258 290 117 85 109 214 60 389 454 125 404 473 470 382 491 
383 62 302 450 342 287 497 0 121 72 461 211 92 444 253 97 183 461 93 457 252 152 170 470 492 331 301 395 59 270 277 256 359 496 58 309 93 51 61 164 
281 473 81 79 172 284 126 61 0 452 169 224 410 478 345 379 469 382 386 120 391 155 103 146 221 98 361 236 349 363 454 219 350 182 251 379 60 241 455 71 
192 330 246 102 307 297 187 483 178 0 73 309 275 385 362 127 105 166 439 498 465 57 452 391 357 133 141 442 144 332 152 372 231 432 324 490 445 120 176 183 
455 406 442 229 291 303 63 102 176 452 0 100 347 215 258 237 278 97 84 219 398 367 321 270 304 459 93 293 403 371 175 86 325 81 234 54 78 488 67 337 
370 225 143 216 146 351 404 130 155 438 55 0 52 60 82 479 70 491 72 313 149 149 439 392 424 226 126 184 254 320 408 297 189 339 391 355 191 241 465 271 
102 159 276 105 376 64 83 397 54 312 209 361 0 411 354 252 335 286 328 225 246 147 133 494 493 178 384 104 320 331 68 90 384 384 73 439 260 294 228 156 
299 491 71 366 401 132 117 442 368 152 374 114 456 0 213 107 449 341 441 259 367 478 277 164 361 368 187 55 127 431 234 440 436 224 461 57 331 299 125 480 
167 434 109 231 145 272 495 93 319 191 58 186 168 493 0 300 236 360 193 241 193 330 425 132 473 355 299 480 393 98 311 128 215 244 187 152 340 165 353 139 
434 494 148 326 368 140 125 103 206 268 51 349 98 182 431 0 70 244 229 256 136 277 67 421 198 261 314 56 307 429 359 397 118 352 251 395 427 97 470 480 
253 445 237 101 249 370 238 269 113 417 475 406 401 248 326 305 0 460 139 312 473 67 377 125 342 229 326 236 362 129 413 97 332 357 285 139 105 154 327 80 
217 451 261 122 107 460 398 118 175 243 136 147 467 464 223 308 399 0 255 251 260 335 163 307 373 470 91 463 281 195 496 311 118 202 71 397 466 237 50 84 
362 243 170 216 209 133 389 224 238 143 425 448 184 87 255 57 263 52 0 226 494 405 221 60 473 130 81 370 95 476 370 336 337 320 457 52 479 296 147 409 
485 448 333 188 131 126 393 138 339 152 70 332 56 449 342 479 78 130 104 0 330 312 181 166 148 451 122 358 185 124 455 94 315 158 133 454 240 210 102 84 
499 204 105 87 417 260 135 396 288 422 206 117 233 337 233 88 494 61 152 179 0 343 313 430 157 422 62 317 161 222 370 402 428 280 213 221 197 423 306 299 
210 435 455 485 374 499 424 412 492 192 63 170 485 327 306 348 455 319 165 115 247 0 485 467 174 264 387 345 411 309 358 209 470 499 371 454 372 369 133 491 
360 275 260 237 259 293 493 107 247 67 429 312 265 413 486 389 383 128 441 294 387 54 0 209 356 52 79 65 374 398 149 120 465 130 331 408 96 123 156 153 
321 174 288 339 389 200 80 484 289 158 180 82 496 184 449 107 393 478 330 474 132 429 93 0 303 265 374 210 311 448 316 170 475 440 408 313 84 314 344 275 
103 208 161 342 203 52 290 468 395 475 297 124 106 432 168 359 196 492 275 458 195 90 127 169 0 237 486 433 478 299 483 459 108 190 327 401 100 329 190 274 
430 164 70 54 427 452 172 492 147 370 266 104 65 307 389 184 250 130 323 227 135 61 393 194 409 0 219 94 215 498 441 439 183 105 459 394 238 410 272 230 
263 142 446 74 364 459 413 254 208 493 77 142 334 295 485 478 203 410 278 368 163 219 306 296 481 264 0 397 218 380 168 154 143 260 100 167 330 265 286 84 
180 485 318 272 318 112 463 296 266 372 73 133 241 449 146 487 429 116 383 354 447 258 458 296 468 264 169 0 298 480 161 88 159 145 356 137 169 418 306 415 
390 177 195 230 124 350 326 110 279 148 200 132 94 408 89 96 131 60 215 135 490 326 380 355 177 235 442 297 0 360 247 418 456 130 319 185 411 169 217 471 
398 316 377 236 116 491 482 163 329 492 84 414 481 117 294 91 244 235 239 247 301 192 165 257 272 434 392 182 309 0 316 360 206 338 443 148 404 190 130 273 
469 121 64 382 309 338 382 350 81 324 89 486 124 231 150 331 210 290 430 98 99 452 164 462 289 314 110 399 454 397 0 172 422 468 393 59 483 230 148 89 
468 422 335 453 496 272 309 83 188 99 463 237 355 170 107 316 409 127 376 307 80 272 185 208 447 77 218 185 257 72 224 0 225 444 58 384 195 281 193 435 
175 242 397 362 96 273 176 118 181 253 445 439 491 423 123 198 125 358 122 261 114 144 191 496 294 200 380 196 187 72 130 312 0 471 234 381 273 457 263 341 
138 222 492 283 212 171 112 117 246 420 189 213 241 491 355 443 491 261 322 186 154 100 474 172 277 207 52 500 370 472 341 214 194 0 88 447 112 209 59 179 
162 185 75 81 132 272 386 75 469 353 347 362 457 154 335 129 381 248 338 381 117 66 428 489 210 222 435 479 138 200 365 250 92 390 0 488 174 368 374 199 
336 433 253 404 146 357 238 432 444 192 269 80 467 492 214 455 201 387 389 387 475 296 251 431 338 347 418 462 214 498 368 256 187 120 367 0 283 183 104 214 
126 454 189 157 420 181 321 130 88 414 225 425 388 471 175 74 64 228 199 233 392 196 100 355 333 377 428 322 59 482 486 135 191 175 449 317 0 62 270 397 
100 183 122 476 278 92 357 58 314 85 207 497 183 354 303 244 393 179 171 422 188 360 407 480 50 288 185 74 300 161 421 107 294 493 289 278 292 0 352 287 
105 387 200 308 277 260 110 471 153 239 349 74 133 415 187 319 415 182 454 195 432 114 116 245 115 315 484 343 106 336 336 368 429 487 175 205 246 235 0 383 
105 424 438 336 263 352 230 82 473 362 486 168 500 100 234 245 165 499 435 214 312 270 257 179 406 450 305 110 402 246 199 214 377 136 256 139 438 436 171 0 

616.5 0 34
616.5 1 33
616.5 2 14
616.5 3 24
616.5 4 5
616.5 5 1
616.5 6 13
616.5 7 29
616.5 8 19
616.5 9 33
616.5 10 7
616.5 11 33
616.5 12 13
616.5 13 28
616.5 14 3
616.5 15 9
616.5 16 5
616.5 17 2
616.5 18 3
616.5 19 8
616.5 20 29
616.5 21 26
616.5 22 8
616.5 23 20
616.5 24 4
616.5 25 21
616.5 26 18
616.5 27 17
616.5 28 36
616.5 29 4
616.5 30 8
616.5 31 32
616.5 32 37
616.5 33 22
616.5 34 5
616.5 35 2
616.5 36 12
616.5 37 7
616.5 38 20
616.5 39 31

