40 40 4

0 58 454 460 74 410 343 53 215 482 105 405 107 299 96 299 75 321 300 186 156 161 470 87 444 117 445 292 483 127 345 255 135 298 215 160 207 264 370 373 
452 0 181 484 266 187 286 64 212 313 314 348 419 181 73 212 331 347 364 123 329 441 418 291 75 422 456 392 129 426 469 208 133 149 191 349 286 183 363 449 
446 384 0 52 120 64 283 282 346 129 352 175 165 292 299 406 74 220 117 416 55 249 140 420 332 240 317 388 476 450 250 180 395 340 390 465 355 172 454 407 
458 305 288 0 122 304 86 234 328 463 57 450 469 463 90 388 295 280 412 389 462 361 138 142 256 185 482 220 490 360 173 152 317 185 390 146 439 182 86 266 
144 94 422 319 0 56 462 414 57 448 325 396 410 185 241 258 147 376 446 318 121 305 197 223 328 88 319 424 477 207 461 449 57 261 371 327 474 88 447 238 
243 478 133 152 369 0 80 116 467 162 268 491 233 279 394 162 106 433 187 237 409 344 404 114 352 164 435 385 137 229 331 325 422 308 165 280 383 402 102 349 
64 320 339 247 98 233 0 116 155 372 253 98 487 97 452 100 155 115 241 490 409 421 76 441 342 90 312 122 423 213 174 272 227 201 317 181 249 256 247 110 
127 450 158 114 253 109 371 0 114 381 112 103 497 483 336 193 80 376 211 359 55 374 240 484 308 391 300 195 139 263 392 407 96 97 271 367 57 87 238 121 
418 300 382 170 489 217 69 68 0 300 230 378 305 311 117 288 325 214 294 470 59 263 117 416 310 164 187 176 171 224 120 450 348 126 331 225 114 498 244 340 
53 181 217 308 442 491 302 266 204 0 96 442 213 65 58 336 325 172 229 208 50 159 278 450 457 355 487 388 175 240 132 465 244 470 388 258 411 134 60 383 
288 313 80 208 328 88 250 153 417 429 0 67 417 87 51 122 250 356 315 138 238 55 427 409 249 396 297 457 62 381 223 151 376 486 181 290 70 219 490 380 
342 174 397 259 418 398 87 374 461 353 462 0 198 358 144 106 313 246 109 476 465 441 199 322 72 391 209 312 411 378 57 290 220 388 186 185 305 291 429 178 
251 281 347 155 345 197 418 157 394 478 133 114 0 174 489 387 196 379 95 214 290 180 221 286 106 108 423 448 119 213 376 247 170 157 300 275 452 448 192 316 
341 169 155 161 500 143 498 195 228 300 359 224 430 0 286 461 242 344 383 189 413 302 64 367 422 378 166 403 330 113 301 352 160 177 457 272 176 306 476 322 
484 275 387 208 204 380 168 396 223 257 291 343 265 306 0 416 393 183 288 51 219 352 302 277 218 429 233 196 105 245 172 133 436 397 470 143 308 349 468 410 
279 431 201 328 402 213 450 294 346 237 295 272 295 96 499 0 464 232 439 159 287 183 488 370 118 385 95 418 399 151 141 308 136 278 215 170 179 378 119 179 
431 62 180 202 308 434 407 478 165 345 343 158 235 331 478 59 0 422 279 428 320 136 275 334 429 260 500 98 389 377 374 275 63 143 405 422 401 94 329 134 
209 380 427 317 114 257 50 124 178 487 258 204 122 239 489 51 449 0 488 306 94 120 387 319 134 480 430 262 136 475 90 220 183 421 146 207 241 110 414 71 
238 400 486 393 473 225 137 230 173 124 242 217 401 128 242 241 314 172 0 454 400 353 250 119 242 170 423 399 118 483 313 346 427 419 332 75 391 56 162 327 
386 443 69 310 344 354 51 291 168 380 244 274 439 445 344 181 321 266 286 0 145 455 98 442 381 468 273 407 114 486 68 148 371 462 374 387 61 227 145 302 
101 475 253 82 414 197 376 301 224 348 86 320 302 342 261 182 65 240 88 129 0 225 314 434 302 482 307 189 493 241 284 50 499 465 253 80 378 400 162 178 
331 460 422 150 468 263 117 357 278 307 151 113 482 415 498 283 396 304 178 388 251 0 412 389 250 377 348 280 461 455 393 346 285 108 267 385 76 480 208 383 
257 465 484 320 202 155 73 191 50 328 320 145 78 438 240 485 314 87 265 275 492 364 0 120 276 422 93 367 448 72 74 86 486 245 277 61 153 382 85 295 
382 363 321 233 147 258 423 132 72 461 103 53 208 417 330 191 338 373 57 493 395 289 78 0 380 484 305 391 137 186 182 138 275 495 409 458 349 166 381 187 
395 97 240 154 462 156 434 152 200 306 367 192 407 155 221 286 345 232 384 188 369 65 483 143 0 267 391 307 322 264 394 459 365 197 198 470 159 60 403 468 
210 416 334 353 322 195 280 315 247 462 405 385 330 420 124 179 393 465 193 214 435 86 379 56 234 0 283 232 99 293 134 66 210 256 107 62 78 252 499 343 
205 460 247 90 497 373 164 382 473 335 74 393 477 318 272 239 258 54 421 307 298 261 79 214 468 343 0 433 496 95 431 94 250 390 498 497 142 126 367 475 
98 409 499 442 141 72 213 330 280 424 250 293 221 461 323 141 184 165 73 386 417 454 430 374 100 183 126 0 192 260 200 166 64 108 372 456 406 394 375 235 
174 299 191 417 226 358 446 318 493 318 341 378 234 51 64 314 101 197 391 243 163 90 360 178 355 438 340 260 0 331 422 201 211 220 98 335 152 162 487 176 
154 304 468 239 245 225 460 58 276 363 399 469 477 439 84 361 293 472 407 259 59 328 410 220 254 214 261 357 327 0 248 483 187 51 206 132 246 381 91 462 
156 405 360 332 137 55 366 204 54 94 110 264 103 145 380 480 349 301 241 205 127 195 395 264 403 100 347 149 188 144 0 110 50 255 176 332 98 181 405 252 
393 449 69 156 258 164 242 237 463 493 184 375 119 329 269 90 232 75 387 87 213 237 354 214 443 480 252 491 368 156 450 0 260 311 469 122 68 339 70 463 
301 63 146 382 339 426 150 379 364 176 472 401 95 209 461 259 358 196 218 348 63 324 297 480 342 265 101 116 103 122 78 111 0 342 175 443 180 307 300 266 
170 182 444 277 227 359 444 193 216 139 361 64 360 391 67 339 232 490 147 299 299 426 83 360 267 208 59 153 221 65 125 97 197 0 69 80 130 134 474 273 
301 113 340 71 423 231 88 468 169 77 114 174 327 490 208 393 463 366 158 323 294 380 154 341 76 173 372 364 258 101 136 265 164 183 0 286 293 364 324 261 
483 108 325 157 141 71 71 240 240 387 349 269 387 228 374 228 462 253 306 325 217 113 167 432 228 300 217 227 370 248 438 109 306 470 423 0 397 247 444 343 
193 86 191 413 424 126 286 358 294 245 370 325 413 433 198 344 367 205 61 94 74 466 238 340 271 414 262 374 160 205 216 304 449 114 423 372 0 397 415 436 
397 159 305 428 71 444 125 366 311 280 133 111 61 98 299 351 75 213 320 155 79 475 321 89 179 141 462 50 244 132 192 140 242 447 67 470 147 0 350 91 
408 129 174 225 347 429 474 198 454 393 224 108 179 198 136 218 84 434 387 84 178 225 227 268 417 380 493 143 477 342 184 140 177 309 315 475 444 496 0 379 
398 144 102 212 480 457 54 405 491 439 291 282 323 222 215 297 139 301 289 439 485 337 122 124 465 137 146 195 81 348 73 185 198 332 347 178 288 108 82 0 

599.5 0 17
599.5 1 8
599.5 2 28
599.5 3 35
599.5 4 34
599.5 5 6
599.5 6 33
599.5 7 8
599.5 8 19
599.5 9 29
599.5 10 7
599.5 11 21
599.5 12 2
599.5 13 14
599.5 14 28
599.5 15 9
599.5 16 5
599.5 17 15
599.5 18 19
599.5 19 29
599.5 20 31
599.5 21 19
599.5 22 17
599.5 23 31
599.5 24 13
599.5 25 26
599.5 26 27
599.5 27 10
599.5 28 16
599.5 29 26
599.5 30 14
599.5 31 33
599.5 32 34
599.5 33 3
599.5 34 18
599.5 35 18
599.5 36 9
599.5 37 12
599.5 38 25
599.5 39 17

