40 40 3

0 346 488 324 54 267 229 219 193 273 463 262 51 345 315 474 61 392 183 175 268 359 225 397 198 359 384 56 213 234 87 150 79 74 180 291 499 359 460 191 
132 0 178 160 133 229 181 314 447 72 447 122 291 61 53 187 417 362 277 179 281 461 217 381 490 448 61 487 446 126 446 344 415 330 454 255 59 341 68 456 
364 221 0 284 361 233 287 498 356 355 481 485 135 441 201 223 430 149 441 173 301 66 118 351 432 399 60 393 164 352 411 326 215 131 110 75 70 347 279 376 
202 259 361 0 494 199 268 216 335 367 363 458 375 136 283 225 274 388 236 166 51 87 76 327 459 157 387 484 385 441 469 260 142 434 327 342 339 95 58 380 
168 127 94 493 0 213 327 425 437 421 160 102 422 404 128 455 362 443 98 101 327 489 276 293 337 209 120 178 498 165 393 377 283 471 421 483 183 454 407 120 
374 273 172 51 176 0 458 213 244 400 261 51 433 456 277 225 292 436 295 176 189 410 69 272 400 246 400 382 379 109 288 449 434 60 328 191 393 285 354 136 
391 321 137 323 276 120 0 498 274 55 500 401 401 165 176 379 64 372 278 152 250 338 146 406 478 363 440 375 255 431 436 97 321 256 391 350 239 461 103 463 
222 102 119 122 425 245 452 0 439 323 436 298 73 480 150 185 457 464 331 332 425 261 267 473 81 229 119 381 174 80 190 344 252 243 413 81 167 365 239 312 
187 174 316 417 154 417 308 317 0 380 138 355 304 105 328 483 136 57 102 223 181 339 364 231 90 313 144 328 186 215 66 448 108 398 264 232 51 180 246 74 
266 335 380 276 390 207 466 233 421 0 67 162 309 356 232 490 152 251 340 431 387 54 203 91 320 100 305 51 308 191 247 333 163 288 212 389 385 125 110 324 
497 127 192 305 189 131 294 499 332 134 0 185 426 345 338 467 164 389 478 372 403 375 119 235 488 113 397 132 448 229 193 478 225 477 170 480 373 251 480 371 
289 113 55 214 165 99 387 279 194 364 358 0 97 238 427 282 225 246 386 308 401 114 207 378 289 183 254 475 55 211 454 132 451 274 344 371 389 394 258 374 
87 121 231 341 66 364 330 241 110 215 255 217 0 486 168 94 481 302 299 455 63 216 164 146 373 144 440 244 483 89 208 113 334 486 50 174 51 121 454 450 
388 375 411 104 116 79 148 96 87 153 257 100 76 0 372 403 399 466 99 349 205 138 263 475 178 249 475 59 457 95 219 162 433 301 73 243 367 309 342 414 
346 201 170 396 227 248 299 333 421 348 181 125 192 395 0 306 77 350 280 86 62 82 255 175 221 262 405 415 129 213 463 249 58 370 369 404 304 324 409 136 
244 463 474 75 362 124 331 389 180 317 425 193 105 386 74 0 277 148 429 398 434 141 116 182 149 192 257 259 446 80 375 288 481 337 469 55 198 299 92 86 
430 116 217 122 171 310 353 154 408 281 51 341 372 324 229 227 0 467 436 436 168 467 310 407 447 354 131 209 51 380 458 295 309 73 218 137 195 478 440 299 
385 427 57 432 298 331 160 231 53 96 374 172 269 390 285 422 243 0 366 130 452 245 88 453 261 111 170 104 463 148 495 262 239 177 269 378 426 306 244 363 
310 497 236 188 265 126 423 187 75 495 474 233 446 268 185 206 86 62 0 468 499 160 218 260 105 345 235 433 270 248 177 340 57 380 75 402 145 358 324 489 
140 74 218 323 470 437 459 383 473 227 350 471 337 67 438 148 362 172 81 0 339 370 415 178 133 294 410 241 145 268 64 340 358 295 58 387 265 445 345 147 
173 278 203 350 114 427 287 213 288 166 451 333 242 121 461 326 121 127 66 424 0 345 288 263 409 82 271 295 53 422 347 357 301 124 59 151 396 436 388 315 
431 53 472 263 246 92 431 278 370 57 50 293 108 495 56 223 284 484 224 287 162 0 277 351 413 352 360 63 454 52 402 475 189 161 446 402 357 244 88 341 
113 95 98 357 360 92 119 82 326 102 257 320 421 484 170 334 91 236 347 495 445 455 0 225 133 116 170 242 179 364 280 471 184 82 68 491 392 317 316 425 
143 368 181 169 496 371 289 329 413 231 175 163 176 337 339 259 403 215 451 81 79 438 258 0 213 470 276 410 361 93 225 285 393 299 172 268 294 494 56 122 
162 444 455 275 119 291 320 85 400 486 486 431 271 179 189 190 148 171 99 460 421 274 451 69 0 279 330 287 280 323 500 108 191 444 62 172 62 59 443 97 
165 184 290 96 405 419 442 94 274 112 350 440 240 330 390 259 108 219 497 338 248 496 397 145 439 0 165 268 208 382 417 462 497 100 458 299 211 133 240 462 
357 59 311 296 249 140 392 458 405 111 454 243 65 206 346 161 351 217 135 58 98 51 471 302 308 428 0 100 469 267 498 430 123 56 447 369 255 86 468 419 
441 285 373 390 300 285 442 167 135 159 252 144 414 460 321 215 267 455 473 442 222 470 127 51 476 73 127 0 437 316 94 355 464 329 434 109 335 425 51 453 
60 367 411 361 280 371 388 202 344 342 174 286 270 350 119 479 81 350 105 468 165 149 78 128 428 219 188 469 0 143 396 421 360 262 88 220 248 409 107 400 
459 156 280 451 132 129 70 110 160 370 165 334 485 471 119 320 154 495 214 123 137 316 250 204 77 288 374 275 196 0 188 382 362 50 161 312 132 448 332 400 
107 408 271 148 393 242 424 419 102 418 339 175 54 154 376 415 181 163 289 162 66 183 494 378 183 362 189 472 309 228 0 127 122 135 349 427 234 297 350 359 
349 267 197 231 479 57 313 393 395 426 388 57 198 70 257 282 410 325 178 382 133 356 215 413 197 63 339 138 66 189 447 0 122 162 351 59 140 358 322 240 
253 454 127 467 152 148 223 384 264 499 268 145 338 330 67 250 478 287 296 115 304 191 268 132 303 118 141 150 427 413 340 179 0 122 173 352 224 478 74 315 
242 279 289 93 117 119 110 73 96 348 75 368 151 216 135 440 226 204 80 82 337 199 372 222 478 251 73 409 229 97 223 421 83 0 462 464 357 287 74 380 
333 372 162 200 229 328 493 168 53 196 405 292 483 310 163 411 287 121 434 195 300 237 124 220 270 293 390 126 79 414 213 119 492 325 0 476 427 359 468 301 
119 163 205 361 352 221 475 262 215 302 402 116 101 139 398 478 359 190 367 192 426 281 355 251 479 386 227 406 244 194 206 313 64 118 174 0 122 496 355 91 
210 156 443 484 207 81 381 184 147 277 50 289 409 488 350 160 223 235 337 128 429 237 491 242 251 108 366 80 311 220 121 471 82 270 210 239 0 58 90 129 
155 317 129 150 226 324 450 92 497 184 379 331 319 322 321 60 73 136 132 103 397 58 381 123 90 150 284 486 158 80 114 470 104 401 119 487 224 0 68 78 
427 409 163 257 435 435 284 201 214 126 284 474 473 499 354 303 296 211 293 281 75 323 102 496 133 453 321 119 383 96 354 65 455 467 272 145 402 262 0 297 
115 339 287 296 67 285 149 320 287 66 319 68 92 349 327 294 432 486 114 51 124 160 355 139 322 78 117 173 430 329 420 251 167 206 497 185 442 353 211 0 

949.2 0 11
949.2 1 6
949.2 2 5
949.2 3 18
949.2 4 7
949.2 5 37
949.2 6 36
949.2 7 0
949.2 8 13
949.2 9 34
949.2 10 33
949.2 11 16
949.2 12 13
949.2 13 30
949.2 14 38
949.2 15 23
949.2 16 4
949.2 17 32
949.2 18 26
949.2 19 31
949.2 20 21
949.2 21 20
949.2 22 26
949.2 23 3
949.2 24 32
949.2 25 1
949.2 26 36
949.2 27 35
949.2 28 6
949.2 29 4
949.2 30 37
949.2 31 17
949.2 32 10
949.2 33 3
949.2 34 25
949.2 35 7
949.2 36 29
949.2 37 11
949.2 38 7
949.2 39 3

