40 40 4

0 165 73 270 278 459 189 439 146 265 488 336 267 227 426 494 373 480 428 133 336 111 198 240 387 249 248 165 269 435 245 318 99 475 294 328 434 434 266 286 
405 0 460 328 171 394 253 371 266 439 299 105 482 360 461 221 453 416 419 117 185 353 68 209 158 494 453 192 427 142 165 419 497 331 246 167 224 205 245 196 
144 250 0 252 125 109 212 52 268 127 177 336 469 236 354 177 344 103 337 243 236 429 358 154 426 188 106 299 363 262 250 58 112 450 467 394 58 178 396 277 
463 72 319 0 431 258 379 315 308 433 151 50 168 286 114 480 211 253 85 217 322 297 417 86 115 367 53 459 131 388 354 114 106 376 383 488 340 469 58 355 
157 159 355 275 0 395 176 461 313 135 497 480 407 500 152 199 115 469 202 73 100 297 134 164 353 216 254 96 56 222 104 117 329 420 422 310 71 97 478 334 
182 474 69 295 229 0 171 445 50 347 353 281 397 149 365 267 209 80 471 255 293 399 310 360 434 436 489 244 457 292 221 497 181 401 65 182 336 394 333 337 
447 186 117 343 492 188 0 109 200 218 287 162 218 185 422 77 119 357 272 69 70 64 447 66 402 103 289 83 389 389 367 432 335 259 499 177 250 186 443 157 
111 436 269 279 328 397 62 0 397 460 492 172 480 262 118 497 163 171 285 403 266 173 269 198 458 234 403 341 191 296 490 298 357 426 273 342 460 169 110 356 
128 101 234 108 313 58 104 182 0 386 95 85 151 425 60 55 138 452 409 429 142 204 174 390 267 306 162 108 265 488 168 327 115 427 60 173 446 275 434 128 
160 235 370 262 159 136 267 247 87 0 382 382 179 85 263 275 302 68 143 116 491 130 442 317 196 368 84 75 313 309 216 147 420 157 467 388 267 310 361 220 
103 243 309 440 485 278 214 494 296 308 0 109 286 144 50 310 497 124 344 72 388 152 445 485 278 101 208 165 74 224 233 452 277 426 467 216 166 244 137 159 
246 151 426 483 245 182 499 242 257 342 471 0 144 200 171 335 185 429 249 300 454 423 239 161 407 164 127 329 488 77 416 353 273 66 278 462 469 167 460 210 
374 57 180 224 415 301 265 99 229 465 349 389 0 143 88 256 500 409 89 85 152 116 451 456 340 224 440 57 192 313 468 108 186 231 238 360 145 245 125 194 
180 296 250 276 389 495 482 145 159 71 387 262 344 0 337 424 390 267 119 398 165 383 121 223 68 302 167 135 398 362 417 298 249 419 498 231 63 492 212 158 
358 440 251 119 284 295 249 173 61 318 277 177 200 348 0 106 426 150 224 267 254 292 390 51 247 308 500 428 77 247 347 393 104 286 143 380 276 388 128 156 
400 153 383 283 303 231 95 435 87 269 408 291 268 297 499 0 465 311 254 393 339 452 239 231 262 231 80 349 458 419 427 320 318 79 202 307 89 139 352 230 
176 328 138 173 95 141 172 59 159 376 402 204 83 347 141 296 0 78 171 351 242 89 277 61 113 63 420 126 309 59 185 489 392 463 333 272 57 181 394 273 
290 476 175 200 59 228 291 61 463 168 362 204 208 345 422 478 358 0 342 311 373 107 446 118 205 408 401 427 171 81 76 394 77 52 275 227 61 454 224 72 
416 343 384 327 257 435 248 441 293 296 251 372 109 196 440 265 310 341 0 398 431 128 425 325 363 427 99 296 438 52 471 216 175 69 306 452 276 240 406 423 
483 202 174 355 261 76 50 232 337 341 130 267 176 54 91 489 187 348 284 0 124 106 461 290 231 480 95 389 462 285 295 385 475 203 265 85 170 291 85 109 
334 133 189 308 259 400 105 454 86 403 444 367 460 405 363 397 384 164 286 346 0 155 287 437 129 440 201 371 109 198 163 168 483 453 63 497 418 169 101 371 
412 455 314 278 414 218 347 310 309 461 302 361 116 88 297 402 234 204 273 50 352 0 142 375 90 94 389 86 218 264 345 88 176 299 108 160 419 484 458 435 
292 418 237 359 240 482 155 142 216 309 121 216 367 420 90 164 464 185 407 388 156 251 0 182 282 500 240 148 174 430 105 109 428 230 52 286 420 484 147 268 
199 406 339 121 480 258 369 350 428 260 256 315 366 214 203 147 213 394 453 94 79 57 153 0 214 444 155 450 120 345 97 338 495 209 384 322 395 141 190 244 
276 401 451 297 266 164 451 120 83 100 72 334 129 286 437 500 437 298 450 56 143 253 100 344 0 168 434 165 63 282 62 257 57 169 414 60 141 284 461 211 
74 60 440 358 347 433 51 346 369 299 51 131 148 461 388 442 129 322 314 349 310 326 312 73 445 0 433 83 292 423 251 454 203 468 149 268 70 81 269 123 
156 274 124 444 129 292 88 70 127 360 334 426 376 366 444 399 66 376 188 309 299 145 469 208 113 324 0 426 133 112 401 206 218 175 488 369 254 279 407 481 
112 473 71 488 104 143 431 209 160 63 347 175 68 199 350 226 262 173 152 101 235 52 465 160 384 452 479 0 344 437 141 81 499 113 102 242 374 195 379 82 
61 392 135 186 166 284 486 99 496 159 201 97 344 410 61 454 50 219 188 100 362 279 131 360 98 183 308 422 0 85 186 210 96 285 296 233 401 79 425 450 
282 83 357 85 134 474 303 294 230 472 433 280 333 418 118 399 223 251 206 351 493 98 61 89 333 307 272 441 92 0 403 390 324 193 454 359 277 183 161 277 
363 339 416 349 378 334 417 483 263 375 188 113 367 237 331 162 276 344 140 216 387 494 313 210 186 266 276 169 155 387 0 396 224 433 312 72 310 352 196 293 
321 277 187 140 350 130 422 463 357 265 102 279 358 95 91 68 438 63 50 106 168 143 209 342 75 471 121 92 78 474 91 0 349 250 228 439 99 65 116 268 
128 332 77 357 189 329 155 414 267 375 414 79 494 57 238 91 289 208 369 331 443 342 372 291 91 307 437 348 78 52 115 156 0 334 349 219 230 178 80 350 
395 406 264 424 155 478 162 403 266 76 272 97 470 113 175 467 362 188 403 209 216 406 481 78 239 330 455 175 458 485 476 108 146 0 446 482 251 423 350 154 
188 377 132 442 102 195 324 68 56 462 422 422 178 327 403 206 272 439 160 398 152 352 129 210 448 74 398 199 447 248 59 341 331 141 0 490 383 493 313 401 
256 274 78 177 158 355 286 71 334 431 181 438 82 239 66 242 187 90 140 92 243 94 101 290 131 399 279 464 147 298 120 353 72 149 237 0 387 210 473 408 
494 404 89 431 192 485 203 385 171 450 231 213 192 482 471 189 112 125 174 282 223 423 352 282 201 207 469 87 124 198 446 117 308 241 255 450 0 225 408 90 
103 358 478 266 256 459 444 151 70 275 276 58 448 405 361 437 312 274 405 105 348 102 257 172 360 448 133 66 380 491 106 433 104 84 405 67 249 0 104 168 
477 330 150 485 484 261 345 420 72 326 325 335 380 133 91 51 200 490 134 216 125 332 479 57 142 269 168 159 469 223 485 445 52 341 429 486 102 481 0 406 
331 306 437 165 185 69 207 394 426 403 234 141 234 272 327 448 365 95 115 230 63 288 421 458 497 262 143 239 70 123 351 351 379 287 223 270 62 136 370 0 

759.33 0 14
759.33 1 31
759.33 2 34
759.33 3 2
759.33 4 16
759.33 5 18
759.33 6 38
759.33 7 26
759.33 8 19
759.33 9 10
759.33 10 36
759.33 11 25
759.33 12 18
759.33 13 36
759.33 14 26
759.33 15 37
759.33 16 12
759.33 17 18
759.33 18 19
759.33 19 38
759.33 20 11
759.33 21 31
759.33 22 28
759.33 23 21
759.33 24 5
759.33 25 16
759.33 26 19
759.33 27 29
759.33 28 34
759.33 29 5
759.33 30 8
759.33 31 37
759.33 32 36
759.33 33 3
759.33 34 28
759.33 35 2
759.33 36 10
759.33 37 17
759.33 38 28
759.33 39 19

