40 40 4

0 340 258 83 133 284 170 428 314 256 439 287 163 288 434 186 204 101 314 166 57 76 156 110 282 253 270 140 145 233 353 401 279 110 191 362 101 67 497 121 
273 0 435 358 386 222 291 278 133 98 298 249 106 324 111 373 105 314 142 402 166 325 254 273 104 71 414 172 122 431 375 193 203 310 257 295 238 498 72 321 
303 320 0 276 359 351 337 231 162 358 80 271 474 111 475 453 372 252 367 251 80 53 125 223 414 141 430 208 330 184 438 357 437 257 133 51 314 176 439 427 
484 469 197 0 213 287 378 166 158 337 239 359 367 242 435 90 155 282 226 70 111 116 458 175 259 421 465 260 235 347 199 368 87 374 271 250 160 148 122 476 
191 67 334 58 0 467 475 305 328 257 481 348 74 304 305 199 62 226 370 273 167 217 178 485 254 51 255 210 369 109 490 344 251 263 384 259 229 359 63 57 
322 250 355 346 260 0 367 252 273 92 121 252 416 495 136 400 455 344 361 372 212 176 361 262 133 123 146 98 59 455 111 66 483 68 371 328 278 237 79 257 
486 358 459 157 108 301 0 56 63 145 123 141 307 250 452 69 333 281 372 382 290 82 199 62 64 424 140 342 409 83 128 165 69 192 331 176 457 131 390 470 
226 219 110 240 175 268 466 0 459 256 337 96 252 369 452 472 139 132 111 187 491 144 265 362 370 163 192 253 120 481 349 296 413 67 113 152 193 87 324 358 
500 160 160 459 235 111 430 324 0 400 491 462 390 134 433 459 211 303 357 414 129 337 262 375 250 279 194 108 178 232 383 486 438 249 145 396 435 414 325 465 
313 71 182 410 156 322 124 73 124 0 431 437 203 268 405 284 224 390 429 282 68 367 371 260 304 120 356 407 54 476 231 225 495 253 358 160 115 179 234 138 
460 165 281 162 139 185 152 313 281 80 0 301 299 153 172 59 164 242 121 70 453 303 251 177 297 210 241 164 482 370 348 119 85 219 106 404 308 448 56 327 
229 86 128 234 397 457 450 60 405 277 80 0 357 79 281 240 83 198 432 197 179 57 251 456 93 421 61 447 435 216 453 262 151 246 96 335 349 52 285 359 
407 61 389 470 298 376 209 87 280 347 234 410 0 355 191 365 398 318 132 100 253 54 260 465 155 212 267 441 60 269 432 369 382 199 464 107 447 95 266 484 
326 113 424 235 174 115 306 278 139 144 328 342 149 0 294 62 254 456 279 401 466 254 332 90 342 238 260 399 184 306 372 375 131 191 54 72 315 326 328 92 
416 422 126 257 277 127 270 482 82 255 138 255 460 421 0 51 301 365 262 407 499 67 278 129 355 175 134 377 440 410 204 238 325 332 70 289 109 147 58 297 
387 470 385 348 429 61 349 437 376 317 343 131 90 327 210 0 395 452 294 271 147 411 181 91 235 220 318 474 279 172 238 75 265 208 166 112 343 178 167 279 
53 435 328 134 475 154 295 126 312 295 103 165 205 235 413 147 0 405 231 327 390 109 272 171 324 430 287 386 479 171 259 465 175 193 292 466 375 153 467 451 
171 262 53 287 173 445 406 477 105 136 304 201 195 75 322 469 211 0 316 110 189 437 320 153 318 219 152 284 300 255 250 250 132 218 461 369 98 161 275 74 
217 117 328 124 470 109 397 194 270 419 255 166 355 281 476 380 206 127 0 163 457 88 119 413 171 495 129 246 299 241 227 323 164 295 358 238 264 417 341 408 
394 259 369 266 321 356 241 200 62 75 69 469 113 345 137 441 339 217 187 0 137 408 364 167 71 158 475 466 128 147 307 243 247 272 111 463 299 174 411 205 
186 436 224 361 255 69 448 196 114 164 89 202 278 403 75 55 268 256 472 346 0 353 485 295 307 463 113 476 262 237 142 417 373 284 348 440 490 367 387 392 
187 258 431 95 486 333 120 492 307 326 219 153 386 203 154 192 372 217 374 133 404 0 467 257 483 457 311 422 446 384 309 93 70 66 230 116 258 270 186 456 
76 219 174 386 104 83 491 453 406 207 326 245 111 499 208 93 456 469 222 157 352 481 0 408 129 253 137 195 461 357 87 417 140 256 297 476 310 331 466 469 
236 380 51 187 197 256 346 447 418 70 168 75 129 148 189 208 107 276 109 275 340 146 398 0 430 109 194 161 125 475 334 94 417 213 302 104 360 57 156 306 
426 383 425 207 462 279 346 169 337 328 435 318 374 288 215 303 347 359 171 178 334 455 429 457 0 167 230 267 233 445 129 489 370 463 169 76 424 155 128 300 
198 406 234 466 280 472 180 289 74 489 166 410 78 120 338 486 444 275 459 176 219 88 372 295 50 0 247 77 424 352 155 223 500 267 164 465 253 342 351 493 
123 340 365 483 368 436 76 109 379 301 68 262 226 313 133 471 313 86 498 443 389 152 166 144 126 487 0 316 329 328 166 77 157 456 393 139 80 328 373 346 
413 173 120 174 106 383 464 76 195 50 281 138 145 139 461 239 215 203 54 495 481 171 278 345 333 170 434 0 119 204 62 416 324 186 486 448 449 369 168 475 
270 168 462 114 470 101 74 208 266 227 420 467 415 90 245 259 129 121 399 199 276 412 321 99 304 306 253 459 0 381 371 433 358 245 395 422 214 202 203 129 
418 136 499 141 50 295 336 466 130 407 121 279 389 239 99 194 249 112 398 207 199 475 346 56 427 447 429 347 148 0 131 426 66 217 180 364 425 425 199 146 
55 312 424 491 408 162 297 101 117 359 449 274 57 424 120 64 350 66 199 196 372 487 329 388 410 459 458 90 140 156 0 394 352 174 317 342 81 186 138 133 
253 203 288 234 418 211 60 188 267 76 93 170 154 79 205 248 439 370 205 236 460 311 129 311 192 396 360 223 288 204 62 0 492 114 301 432 482 218 442 376 
192 224 419 312 329 448 223 76 142 92 232 328 52 249 163 69 391 59 135 321 53 290 333 251 354 340 182 91 58 123 417 200 0 54 335 218 333 282 391 115 
130 189 297 165 191 497 278 418 143 494 52 414 498 292 454 248 352 293 137 393 301 417 309 207 421 350 375 460 131 472 75 419 161 0 322 83 58 74 311 426 
168 305 429 81 58 427 241 463 486 485 99 378 285 467 394 443 143 243 73 103 81 496 128 450 363 156 239 371 181 500 297 299 60 432 0 86 275 114 278 238 
99 469 287 184 253 460 77 402 103 270 182 363 57 384 441 457 246 303 195 116 434 402 119 439 168 257 232 394 322 460 131 371 428 124 54 0 387 84 288 496 
344 265 384 413 272 267 353 229 463 362 130 285 296 238 355 234 357 318 416 250 139 131 87 217 265 161 428 359 402 216 110 452 431 444 364 409 0 210 423 137 
379 285 425 163 80 162 224 471 469 493 143 425 131 431 462 54 403 330 433 261 438 355 321 390 492 264 253 400 424 383 244 302 167 168 171 404 487 0 346 130 
212 338 430 136 175 361 305 180 263 341 319 230 278 173 50 167 371 471 127 270 394 216 220 402 333 338 279 443 81 124 279 243 168 209 85 50 69 96 0 387 
489 387 412 218 165 291 218 489 161 188 322 381 288 488 101 396 76 145 174 469 383 456 248 332 330 163 368 86 182 170 423 170 57 334 94 379 124 469 367 0 

936 0 33
936 1 2
936 2 21
936 3 17
936 4 23
936 5 1
936 6 32
936 7 5
936 8 2
936 9 23
936 10 19
936 11 8
936 12 0
936 13 21
936 14 31
936 15 8
936 16 6
936 17 9
936 18 33
936 19 5
936 20 29
936 21 10
936 22 31
936 23 27
936 24 25
936 25 5
936 26 27
936 27 22
936 28 29
936 29 12
936 30 19
936 31 12
936 32 13
936 33 1
936 34 18
936 35 25
936 36 31
936 37 11
936 38 30
936 39 22

