40 40 4

0 408 474 247 489 458 442 353 190 414 80 243 163 88 466 487 145 207 147 356 421 454 383 466 174 207 230 130 450 201 216 174 315 396 371 303 354 68 362 250 
432 0 392 199 302 430 165 495 75 322 141 381 242 95 263 414 426 176 351 55 332 258 428 456 73 324 82 326 177 308 395 133 446 286 282 454 216 397 449 448 
218 296 0 84 167 341 53 287 474 179 137 479 218 102 407 173 125 230 413 157 113 220 51 196 165 288 428 119 210 325 274 157 249 69 191 122 117 194 116 90 
79 410 68 0 247 462 181 127 86 117 490 401 387 209 402 82 80 189 217 356 349 248 129 212 203 356 353 276 423 497 98 219 283 458 444 480 420 125 106 212 
399 95 112 286 0 461 465 74 248 360 241 103 416 195 390 127 349 452 187 331 374 390 379 299 172 336 242 152 462 73 415 174 423 217 443 415 177 163 439 375 
230 387 185 145 81 0 74 429 136 476 115 417 105 212 295 354 334 338 302 192 299 326 107 179 455 274 122 369 157 442 63 239 171 156 374 473 188 154 402 481 
336 223 398 391 385 399 0 451 426 236 459 117 242 284 174 371 445 154 199 313 262 348 83 451 469 189 324 442 83 428 99 64 470 479 168 360 120 66 66 496 
253 475 112 201 466 444 71 0 410 97 428 430 309 275 463 259 450 151 289 147 185 423 403 406 392 382 73 458 208 89 230 410 499 205 472 199 377 171 428 286 
219 111 422 234 92 384 200 492 0 242 439 139 133 118 492 489 216 129 61 174 287 307 354 403 62 265 375 211 348 252 345 341 421 406 262 362 448 146 61 196 
338 206 492 421 274 483 165 197 319 0 383 77 312 189 381 215 201 353 296 119 407 498 414 247 175 76 460 487 474 105 254 376 149 410 367 276 391 106 391 87 
375 273 114 393 168 201 107 320 260 109 0 389 167 314 58 120 439 84 79 181 265 134 141 140 440 50 214 215 147 270 312 391 351 84 211 243 203 119 57 229 
329 116 324 202 380 332 273 74 123 302 412 0 94 143 52 391 289 260 104 455 357 80 473 248 381 57 165 124 417 234 131 145 63 404 419 422 491 457 401 271 
286 410 183 86 259 392 428 498 151 238 208 215 0 269 181 169 149 188 284 430 311 469 60 406 238 171 80 159 161 243 267 382 236 176 271 272 385 163 199 382 
264 388 297 429 363 428 97 462 322 332 392 132 56 0 158 244 244 279 481 353 146 223 119 479 165 452 249 388 336 362 293 425 333 387 221 468 249 355 65 211 
176 103 309 465 109 173 208 59 403 188 362 499 117 188 0 233 233 139 189 327 182 50 119 313 89 457 484 57 205 338 279 122 220 88 137 184 354 261 342 363 
370 236 431 124 59 118 308 449 415 447 275 303 203 101 115 0 243 57 305 250 419 142 235 492 68 273 335 202 126 95 494 439 415 436 369 490 445 194 53 394 
315 450 375 117 359 426 389 101 189 193 57 108 492 242 306 59 0 221 140 211 297 186 411 235 307 346 311 52 497 455 55 146 476 211 472 92 70 153 431 328 
293 330 92 351 321 491 156 330 212 246 491 459 138 157 401 396 453 0 418 398 205 128 160 302 103 321 273 145 97 376 282 376 375 111 174 225 138 164 331 418 
326 284 164 492 372 271 148 474 430 65 128 134 143 238 386 196 58 365 0 498 106 448 486 188 322 303 312 254 391 182 84 308 459 74 178 206 153 155 304 126 
84 75 204 375 375 148 468 277 157 332 274 420 486 466 314 64 268 125 268 0 158 464 302 172 422 83 300 334 186 161 344 469 195 125 380 276 450 478 243 226 
134 282 206 260 267 378 73 281 145 355 499 253 319 57 131 447 297 137 488 433 0 248 331 157 393 407 487 169 112 465 118 289 305 350 201 65 324 79 295 104 
381 357 310 134 175 73 422 328 320 59 315 459 257 353 115 150 259 102 476 321 66 0 300 316 77 150 224 92 424 460 94 234 340 401 250 424 282 273 346 109 
299 111 375 464 318 227 79 174 192 338 356 219 110 156 242 137 463 416 387 386 375 431 0 326 214 331 76 345 112 55 397 171 61 458 252 475 275 185 260 156 
83 97 462 253 157 117 445 452 79 360 338 171 441 268 204 154 98 437 449 367 198 101 244 0 209 58 447 391 491 338 150 146 372 405 107 331 268 382 275 219 
167 341 56 496 281 481 406 385 285 342 90 151 490 141 346 406 357 499 52 347 92 152 199 414 0 263 256 244 482 344 225 407 218 65 170 213 296 150 118 388 
386 166 184 487 362 482 88 267 94 86 269 391 336 128 296 249 97 259 200 285 102 131 192 270 147 0 312 189 149 412 464 243 53 129 133 491 442 115 285 415 
159 78 391 257 364 469 259 319 272 468 469 57 70 100 406 497 404 424 393 259 91 356 453 95 436 85 0 292 377 357 76 291 223 104 181 186 418 356 395 237 
335 363 412 98 139 218 454 135 328 377 478 87 418 90 490 219 476 281 461 108 138 488 105 311 298 444 447 0 216 55 97 159 340 410 277 388 499 202 97 341 
480 424 74 66 98 114 262 267 89 494 435 354 131 422 410 148 219 353 301 141 358 348 457 405 258 234 292 463 0 142 340 59 121 470 84 345 274 355 106 492 
151 306 426 455 143 103 364 241 479 423 492 327 488 96 283 392 60 223 390 473 315 229 239 387 406 273 438 179 334 0 494 377 435 300 58 390 149 111 460 341 
90 383 88 367 370 134 356 261 351 79 357 80 100 293 269 193 198 492 130 83 325 331 411 467 337 419 356 436 237 71 0 276 484 404 71 106 480 362 412 447 
213 197 304 243 248 96 462 391 451 209 228 484 240 58 150 206 345 69 268 280 463 290 263 446 400 284 51 136 352 413 82 0 64 317 92 464 271 138 181 161 
295 340 95 279 287 103 379 199 398 154 174 385 116 414 147 61 69 137 62 155 439 182 188 210 205 437 173 426 75 61 293 320 0 107 339 305 344 392 391 250 
497 495 374 381 318 494 234 329 269 77 98 375 466 437 269 382 141 205 262 66 437 273 309 464 330 354 268 381 246 158 130 449 360 0 210 85 177 203 269 212 
178 296 260 52 468 403 478 106 250 183 318 473 326 297 489 289 126 342 57 457 294 372 293 242 231 453 277 358 362 496 70 491 498 487 0 249 222 146 227 485 
346 116 302 319 392 305 63 388 381 355 395 94 149 473 93 341 204 253 118 268 114 320 495 311 74 482 267 453 127 444 437 179 266 445 204 0 364 249 217 251 
336 72 352 136 378 325 180 218 235 383 493 453 203 69 448 221 300 185 438 252 469 137 395 147 353 95 302 216 50 469 418 336 247 269 179 124 0 300 309 500 
485 398 248 438 307 474 141 478 273 276 415 231 244 51 332 341 110 377 349 277 377 74 401 420 478 376 305 309 176 113 64 160 217 262 304 474 443 0 395 452 
215 377 122 153 120 331 435 168 391 312 223 374 395 247 481 70 432 357 325 240 239 144 254 349 311 222 360 285 371 461 443 86 338 64 189 408 101 330 0 282 
443 141 456 72 243 409 53 263 340 116 88 286 305 182 246 153 200 419 219 435 289 180 133 81 468 147 427 131 199 257 120 348 104 75 126 297 190 129 267 0 

994.8 0 22
994.8 1 13
994.8 2 9
994.8 3 33
994.8 4 31
994.8 5 3
994.8 6 11
994.8 7 22
994.8 8 28
994.8 9 27
994.8 10 11
994.8 11 27
994.8 12 5
994.8 13 27
994.8 14 15
994.8 15 21
994.8 16 29
994.8 17 20
994.8 18 30
994.8 19 13
994.8 20 23
994.8 21 29
994.8 22 23
994.8 23 25
994.8 24 29
994.8 25 21
994.8 26 12
994.8 27 4
994.8 28 38
994.8 29 15
994.8 30 16
994.8 31 21
994.8 32 17
994.8 33 14
994.8 34 16
994.8 35 38
994.8 36 7
994.8 37 16
994.8 38 21
994.8 39 24

