40 40 3

0 242 376 289 446 272 296 259 199 419 154 270 281 221 219 209 272 63 70 324 449 199 318 236 295 357 190 152 97 228 421 289 177 52 77 122 275 323 88 424 
448 0 399 400 228 119 325 388 341 339 164 372 494 70 189 230 315 253 126 417 300 61 93 88 188 95 322 467 76 351 54 451 298 403 106 477 472 382 120 69 
427 234 0 147 420 254 286 356 275 489 189 191 495 200 441 82 94 243 354 267 269 204 272 426 209 381 239 185 109 120 255 335 497 195 432 172 156 424 479 381 
413 167 279 0 407 73 426 196 324 375 256 90 351 167 68 276 326 156 465 461 215 291 422 256 494 323 394 166 429 317 351 66 436 468 295 99 247 220 245 70 
302 207 110 152 0 324 336 378 149 442 99 316 363 96 444 325 297 267 218 413 402 485 470 418 177 193 212 226 390 139 177 410 391 334 226 493 158 268 126 464 
209 382 280 71 185 0 430 102 432 196 270 100 98 462 69 466 138 212 385 70 101 230 197 217 327 481 149 75 345 368 151 309 76 240 295 305 375 224 357 306 
127 334 356 382 295 375 0 347 139 293 438 159 344 374 306 267 200 493 366 225 94 233 83 109 467 273 354 478 354 284 90 366 117 374 221 449 168 302 296 464 
94 440 122 144 314 134 361 0 464 334 226 396 378 166 429 437 132 408 497 316 468 487 356 333 104 230 260 52 104 61 54 68 312 445 140 162 465 432 473 428 
265 405 79 349 277 214 285 115 0 328 488 381 295 474 237 334 77 173 93 80 227 311 84 245 122 235 92 234 199 474 413 334 445 74 363 293 301 77 284 123 
355 271 454 357 451 397 190 479 69 0 234 265 247 495 55 442 324 241 240 264 390 213 384 430 157 408 293 156 415 76 146 488 137 367 198 444 74 94 341 52 
114 74 474 311 275 479 459 305 219 199 0 69 316 118 159 245 433 66 244 295 187 270 392 175 114 465 79 57 489 123 348 247 187 128 220 204 110 199 370 365 
124 275 140 146 99 249 98 482 472 292 484 0 366 269 375 247 333 339 276 96 84 349 151 281 243 436 452 397 496 357 473 117 431 454 414 77 53 370 125 241 
97 123 224 413 98 305 159 137 144 385 184 385 0 234 492 165 427 427 323 79 179 179 259 453 317 212 122 100 215 442 382 407 246 211 337 158 260 142 475 347 
443 359 237 327 299 435 198 432 118 228 462 247 357 0 220 406 380 138 234 430 304 383 67 417 128 229 253 443 439 101 417 492 494 276 436 76 74 370 225 457 
438 403 174 391 466 100 52 102 188 237 238 198 119 256 0 114 404 435 74 346 129 125 263 120 326 489 55 352 269 132 283 432 276 392 312 167 114 118 169 166 
257 112 354 405 181 316 226 84 250 457 381 85 288 350 156 0 113 94 368 172 69 206 405 452 433 297 470 99 117 88 425 233 51 244 293 162 375 109 338 166 
65 50 253 101 289 309 414 352 353 488 474 372 194 135 79 333 0 138 500 138 205 294 269 144 295 463 143 407 94 202 452 210 425 452 169 232 240 428 352 299 
280 339 479 358 239 320 388 71 408 143 366 319 143 135 169 388 97 0 263 50 141 171 452 57 95 160 176 484 350 310 335 355 296 174 334 154 119 360 248 348 
268 341 213 293 190 298 413 77 346 175 77 437 296 236 445 98 346 327 0 81 402 137 367 257 383 247 297 243 316 156 441 163 130 488 327 374 177 331 286 204 
176 167 439 320 413 381 471 217 226 53 249 127 140 115 90 230 68 337 423 0 334 200 364 204 280 107 237 360 235 67 352 145 401 469 290 220 138 170 397 305 
346 400 53 180 247 325 220 427 99 264 105 384 170 419 294 400 233 481 467 418 0 498 318 62 154 287 303 324 375 423 427 386 476 327 146 362 73 177 288 206 
227 258 261 110 378 387 110 485 119 90 451 487 294 268 255 399 261 264 429 135 394 0 356 228 369 389 324 437 412 451 224 324 177 433 84 444 310 421 53 50 
246 300 451 232 94 426 194 199 186 408 127 479 301 189 206 376 77 236 312 195 186 243 0 469 70 175 53 220 191 180 431 192 377 437 349 315 481 274 459 386 
167 123 464 145 130 359 301 213 387 487 231 81 379 424 257 155 305 467 82 447 146 463 345 0 229 399 400 495 136 381 209 228 498 489 398 142 119 257 149 489 
350 342 219 137 220 143 344 82 398 310 114 100 407 283 151 135 388 51 336 230 138 252 409 135 0 240 306 434 65 62 82 53 118 374 223 206 300 72 500 332 
420 310 152 227 423 385 328 264 273 85 100 453 380 58 117 465 248 374 398 264 142 186 267 418 59 0 196 123 66 218 122 104 345 138 207 71 60 91 105 482 
70 348 288 230 227 296 53 399 494 133 52 257 433 189 231 350 405 133 423 421 302 495 476 146 133 182 0 167 350 430 429 331 207 276 118 387 210 364 146 108 
358 230 110 321 162 456 258 462 361 342 384 281 143 378 463 446 217 144 319 67 281 247 104 438 230 173 80 0 390 243 176 204 307 356 471 335 468 427 92 429 
287 140 68 67 440 397 481 385 320 331 410 93 318 157 148 255 337 478 492 433 427 375 136 234 437 106 68 161 0 483 317 296 269 164 315 494 310 418 230 402 
237 267 311 488 85 418 342 497 461 319 245 393 245 119 235 185 55 292 410 166 481 227 413 457 97 434 450 357 351 0 386 258 294 359 69 281 394 193 122 391 
154 147 342 253 343 411 439 234 172 230 144 496 417 77 408 373 124 97 322 187 398 414 396 191 273 171 423 373 314 495 0 470 174 349 311 378 398 221 72 131 
100 252 432 95 375 459 209 248 289 256 276 427 153 190 78 50 169 406 423 492 219 174 462 100 473 272 184 370 200 206 207 0 250 164 139 51 489 97 210 236 
93 416 463 226 275 359 254 275 478 159 405 469 84 285 186 134 464 165 475 89 315 180 246 271 294 335 479 283 139 188 469 182 0 310 187 114 291 496 318 272 
473 183 176 198 424 167 334 265 130 205 239 169 226 370 122 203 370 407 181 152 252 319 328 140 335 221 204 125 217 228 104 396 117 0 230 93 492 104 134 463 
391 496 408 267 222 277 339 375 354 452 56 212 204 81 490 50 123 418 205 405 134 139 459 236 207 396 487 405 450 327 123 340 322 481 0 106 494 465 151 125 
318 103 131 480 257 369 226 257 442 143 168 347 434 258 305 169 171 200 155 282 356 188 355 196 461 335 459 454 299 110 78 116 163 366 96 0 126 235 272 89 
383 121 415 229 54 172 485 380 500 391 242 281 247 380 135 149 340 176 107 50 426 374 285 248 487 151 50 319 92 479 359 425 99 273 361 310 0 151 101 190 
357 442 382 137 395 261 429 494 101 104 308 308 236 181 92 191 375 400 191 193 198 170 258 123 426 237 190 236 338 241 376 194 182 464 488 284 224 0 172 277 
482 227 84 496 169 216 88 310 90 194 208 440 343 328 198 416 253 385 105 195 430 52 70 330 391 240 318 174 415 196 158 152 373 192 148 249 114 393 0 265 
361 86 423 57 379 250 205 50 210 296 312 355 225 314 132 262 205 322 286 85 443 432 193 302 61 92 156 260 156 499 475 224 291 398 231 377 354 142 377 0 

630 0 1
630 1 7
630 2 21
630 3 9
630 4 1
630 5 19
630 6 9
630 7 37
630 8 16
630 9 5
630 10 30
630 11 2
630 12 7
630 13 28
630 14 33
630 15 2
630 16 37
630 17 38
630 18 31
630 19 20
630 20 0
630 21 15
630 22 30
630 23 10
630 24 7
630 25 38
630 26 13
630 27 35
630 28 30
630 29 4
630 30 6
630 31 21
630 32 0
630 33 27
630 34 19
630 35 29
630 36 35
630 37 28
630 38 27
630 39 13

