40 40 3

0 255 281 299 382 282 222 163 261 394 195 140 80 105 473 267 225 443 310 344 208 481 63 302 79 99 352 239 170 158 351 283 120 131 81 452 120 460 322 331 
354 0 223 177 384 278 356 357 209 298 166 53 213 354 66 465 139 322 317 328 443 425 178 225 251 466 463 410 85 423 438 366 276 160 250 366 388 105 430 304 
354 302 0 307 66 155 79 481 244 352 53 278 50 185 162 432 386 335 394 295 370 316 232 443 298 342 192 371 437 454 300 240 307 101 253 79 414 282 267 364 
340 270 142 0 340 405 461 271 291 295 372 292 372 394 475 314 192 72 212 269 215 165 275 161 179 82 364 208 446 353 425 66 399 195 365 446 99 325 423 96 
327 294 95 198 0 188 69 462 86 298 380 61 220 251 286 331 380 318 402 88 471 461 219 487 359 364 107 304 170 382 227 423 208 227 468 356 121 243 73 364 
248 159 375 418 361 0 160 248 240 185 149 485 362 109 204 104 175 274 161 429 394 249 362 73 164 296 491 226 367 234 457 231 432 115 312 105 426 179 303 373 
314 159 357 382 425 60 0 192 306 285 303 442 385 258 303 408 372 305 155 305 379 95 261 109 233 326 127 288 252 256 297 331 276 162 187 157 87 405 299 99 
396 308 491 280 273 294 395 0 144 305 256 399 183 301 366 449 240 192 76 478 150 282 481 431 58 143 117 372 387 228 171 436 123 185 427 110 408 427 455 259 
231 210 364 121 217 230 69 407 0 128 95 140 228 84 120 158 92 420 432 414 306 160 291 449 440 183 375 500 90 57 454 55 238 370 370 309 293 306 85 199 
384 130 496 111 164 116 426 413 242 0 113 83 499 430 80 447 370 213 77 369 461 84 79 466 479 399 91 495 192 347 79 97 437 366 300 254 481 122 179 149 
314 450 182 312 379 213 465 248 132 248 0 117 92 282 146 265 468 251 306 462 149 360 491 404 296 356 203 257 92 275 386 399 88 91 80 107 421 450 278 168 
289 477 442 331 465 294 95 432 252 108 393 0 351 418 139 254 420 202 163 176 244 388 269 349 183 310 136 240 437 85 224 312 80 200 253 362 165 254 163 303 
456 428 196 306 101 492 267 472 193 380 354 144 0 475 329 443 157 346 78 103 282 321 277 93 351 428 53 419 299 464 289 101 419 216 454 431 268 446 404 446 
345 491 55 439 465 335 138 328 180 166 381 168 437 0 364 419 495 498 178 413 52 141 201 104 266 124 264 196 342 416 307 287 261 297 499 406 468 333 494 295 
219 367 382 94 59 245 463 53 450 347 173 452 438 80 0 262 410 154 477 312 446 148 118 439 115 121 438 228 88 477 221 89 403 87 421 447 97 373 165 307 
322 218 430 480 155 461 242 271 114 425 82 267 72 151 412 0 345 222 349 72 261 82 450 56 435 488 428 137 291 56 459 304 84 176 234 63 488 401 255 258 
221 386 290 438 165 147 350 460 320 405 482 287 193 431 293 127 0 174 427 421 171 433 135 426 223 261 366 237 455 266 198 419 193 291 209 131 406 306 187 365 
332 91 102 325 235 239 118 68 120 251 196 448 391 281 129 113 249 0 445 56 410 417 412 329 110 202 244 398 107 500 84 178 88 332 437 363 273 382 187 292 
452 389 194 400 486 181 235 98 136 180 312 497 303 223 325 119 131 275 0 467 395 481 257 72 68 89 215 138 312 96 275 310 255 370 454 361 355 342 95 160 
428 225 422 424 235 351 455 304 432 229 478 326 210 234 104 435 480 269 72 0 292 71 54 308 276 130 469 136 436 310 182 302 237 113 430 368 54 280 322 309 
418 258 493 450 174 226 260 108 206 235 131 204 256 342 462 239 422 430 325 113 0 239 213 365 427 277 294 50 488 280 322 296 404 286 495 353 410 221 112 469 
133 297 306 494 260 147 455 449 275 141 273 339 330 193 203 463 176 204 463 163 190 0 492 166 94 277 160 397 187 87 216 362 170 219 374 163 429 227 325 133 
452 416 113 497 452 256 407 171 382 110 133 495 250 331 160 50 315 271 398 208 64 320 0 69 185 489 149 54 174 326 85 464 277 207 76 274 159 282 387 280 
370 447 119 121 403 401 231 404 215 208 57 373 223 83 148 114 278 247 325 158 72 117 122 0 55 274 148 486 383 137 372 162 213 74 439 284 184 339 222 87 
260 380 301 132 309 90 437 129 318 183 161 427 412 228 499 417 452 353 159 91 196 237 203 360 0 262 141 143 396 186 315 189 396 402 196 234 417 236 170 497 
53 59 364 186 421 91 391 94 493 244 203 83 146 390 444 456 358 291 306 253 184 327 148 79 435 0 294 264 352 480 140 104 240 150 418 376 70 215 267 321 
414 217 474 448 313 120 147 476 428 144 488 388 278 70 486 64 456 487 485 63 466 124 324 412 431 448 0 288 208 162 261 479 75 184 453 229 203 279 82 178 
413 177 372 300 161 393 493 175 104 479 366 117 200 441 147 112 127 94 106 285 206 317 264 438 451 423 374 0 153 201 406 489 113 289 360 120 157 459 112 282 
62 297 355 129 447 295 226 58 128 477 114 364 389 137 127 327 294 500 407 398 407 312 142 226 308 208 296 415 0 167 358 403 179 361 257 259 308 258 191 72 
337 375 344 200 263 431 484 296 432 239 202 85 145 465 177 77 272 335 324 393 452 388 295 338 249 52 96 56 467 0 444 285 303 318 128 209 288 266 192 83 
197 137 236 232 439 200 115 467 178 400 290 277 108 177 71 396 376 280 198 138 247 348 374 500 373 208 416 160 424 107 0 193 327 402 379 265 340 285 330 306 
169 230 302 396 495 430 174 146 61 404 294 357 357 348 437 113 220 144 479 330 275 292 230 308 193 315 73 240 100 353 496 0 426 289 298 78 283 434 202 379 
201 312 379 57 376 227 200 439 153 51 173 190 276 415 370 290 315 184 313 54 441 166 256 367 161 260 395 151 400 303 236 101 0 114 115 315 440 499 222 134 
358 223 257 498 205 379 367 445 400 51 258 160 442 130 366 64 448 333 409 98 439 418 285 246 239 106 61 178 311 233 470 168 162 0 226 166 317 311 239 261 
210 240 225 320 389 61 393 403 460 225 68 264 370 436 499 116 174 311 334 59 121 273 235 447 385 167 319 201 429 57 168 138 455 344 0 165 343 355 57 452 
70 439 226 285 308 369 490 374 249 301 414 465 128 186 199 281 70 317 99 428 245 107 96 89 61 390 204 110 451 418 61 228 356 445 219 0 371 313 208 451 
61 215 365 233 50 50 382 281 278 405 331 205 356 388 251 396 155 347 306 215 54 224 433 232 286 377 401 156 396 315 107 164 481 422 347 237 0 178 435 468 
406 340 54 318 195 392 68 297 253 122 103 418 126 484 107 64 269 434 171 376 86 436 433 200 172 110 497 359 238 431 83 144 477 87 168 172 186 0 186 419 
389 465 228 63 297 211 120 311 431 260 188 62 296 124 445 446 453 54 198 68 449 336 101 92 312 138 210 434 274 103 109 370 274 494 139 71 205 416 0 88 
342 175 227 354 178 57 54 330 460 265 235 234 213 70 285 463 332 130 379 473 110 432 81 186 413 74 275 434 436 190 472 484 72 198 93 407 412 97 236 0 

772.2 0 7
772.2 1 28
772.2 2 0
772.2 3 19
772.2 4 22
772.2 5 14
772.2 6 37
772.2 7 16
772.2 8 4
772.2 9 2
772.2 10 22
772.2 11 29
772.2 12 5
772.2 13 6
772.2 14 5
772.2 15 22
772.2 16 1
772.2 17 4
772.2 18 37
772.2 19 20
772.2 20 11
772.2 21 8
772.2 22 15
772.2 23 7
772.2 24 15
772.2 25 4
772.2 26 25
772.2 27 17
772.2 28 17
772.2 29 16
772.2 30 24
772.2 31 13
772.2 32 34
772.2 33 14
772.2 34 33
772.2 35 17
772.2 36 17
772.2 37 20
772.2 38 22
772.2 39 21

