40 40 3

0 400 238 193 407 299 57 291 215 268 54 102 493 497 102 261 59 449 441 437 188 97 99 261 344 318 414 406 240 335 150 153 441 339 52 348 344 60 345 58 
278 0 106 317 271 309 370 238 74 74 385 461 212 188 60 423 239 328 336 144 67 378 245 378 318 290 136 372 133 353 424 142 338 480 165 315 495 485 259 68 
265 143 0 235 428 281 245 106 226 279 393 321 53 270 65 137 294 305 223 166 388 283 89 236 120 275 352 141 269 92 350 494 308 199 228 442 186 424 498 363 
409 146 183 0 412 122 405 499 367 416 429 239 303 418 278 246 244 52 304 335 478 102 184 471 360 333 198 57 469 328 55 331 444 358 220 355 431 124 110 53 
490 245 242 500 0 369 470 452 112 228 255 397 412 307 80 382 374 119 286 381 294 321 142 332 264 451 51 325 137 333 141 140 78 92 332 77 411 57 479 229 
442 440 125 353 247 0 362 441 120 187 433 207 432 460 300 263 430 457 471 255 93 303 102 183 332 352 221 359 469 228 94 198 376 240 273 435 437 342 375 263 
479 63 177 166 474 427 0 379 403 383 350 364 426 152 417 315 434 475 486 500 443 420 300 140 295 490 120 229 183 168 310 152 146 323 279 263 296 412 348 406 
50 197 269 182 56 392 447 0 196 366 432 402 309 107 408 155 108 154 432 287 287 99 303 389 196 126 375 165 128 286 463 484 287 367 460 419 373 351 122 275 
424 260 177 439 318 84 93 376 0 395 476 370 181 74 172 277 427 455 358 91 290 143 261 480 136 127 195 262 206 497 334 187 176 93 314 114 117 105 157 200 
450 339 69 338 364 398 321 497 109 0 178 295 105 478 55 291 114 339 437 326 251 189 366 388 315 165 202 379 440 464 486 139 169 325 365 213 395 469 484 147 
77 161 392 339 139 397 130 410 442 66 0 235 192 412 307 80 226 422 439 104 361 158 296 206 277 327 70 441 221 490 424 75 273 292 417 319 381 70 155 497 
462 378 438 154 289 244 391 465 372 329 68 0 440 437 314 145 420 141 373 360 68 118 491 93 97 282 217 366 369 237 471 121 198 348 58 58 136 252 399 307 
330 434 325 269 370 346 121 290 193 444 356 418 0 61 346 218 315 334 385 181 409 328 358 480 476 413 488 241 499 446 346 306 276 280 337 495 149 389 115 145 
81 265 452 450 483 53 167 298 94 258 185 209 85 0 493 396 267 405 383 458 160 85 304 172 311 290 459 61 389 348 334 241 135 98 399 84 81 158 408 85 
409 165 220 118 407 212 464 174 324 102 131 434 137 141 0 312 154 381 270 166 477 324 450 424 166 254 78 407 285 186 315 76 95 186 246 370 93 409 333 217 
439 141 54 372 229 353 183 89 440 159 205 172 190 361 95 0 306 115 330 212 106 467 233 133 268 370 329 137 169 444 176 92 382 267 303 460 202 155 349 242 
302 215 153 424 355 465 226 367 79 55 285 342 228 225 425 202 0 301 461 289 420 404 171 462 493 389 471 452 297 126 57 489 134 222 349 264 283 313 440 356 
98 202 347 390 136 71 71 289 322 482 284 448 385 406 165 133 50 0 136 292 297 419 299 493 52 227 341 266 216 360 413 71 408 321 368 53 407 146 74 402 
174 55 186 122 147 298 444 230 298 79 472 301 204 477 500 206 410 96 0 179 125 406 298 146 313 118 221 317 231 73 341 133 197 103 476 476 200 273 420 136 
277 205 315 77 360 291 77 272 201 123 401 483 480 405 129 499 473 56 71 0 411 79 119 250 226 379 432 409 78 204 328 164 431 483 185 214 98 427 241 321 
334 71 428 316 257 333 151 462 61 364 240 178 393 65 378 326 394 309 234 422 0 219 268 292 356 250 428 70 55 110 468 326 150 245 460 172 452 499 481 414 
60 344 360 188 237 375 273 269 268 81 209 396 458 427 394 313 383 321 333 388 137 0 57 420 237 252 380 116 204 378 96 324 144 390 390 490 333 264 262 308 
238 500 467 133 457 393 477 477 483 54 309 370 141 72 497 85 275 132 358 185 460 404 0 459 311 500 104 300 89 318 268 347 55 474 70 345 187 413 321 163 
151 81 178 228 380 201 224 171 426 306 479 110 472 138 275 282 137 329 288 176 353 262 230 0 114 236 250 409 373 369 436 242 471 468 370 198 347 70 128 224 
446 140 202 262 111 290 243 100 133 278 94 467 130 307 196 194 249 396 102 328 264 245 69 441 0 212 389 345 265 166 423 439 318 62 347 80 331 343 480 137 
182 258 181 148 94 438 50 239 393 396 498 220 367 242 446 63 160 91 359 131 207 488 276 475 257 0 329 261 87 171 448 174 304 205 61 158 249 206 159 194 
98 261 399 476 127 347 421 141 214 218 206 295 375 193 71 106 400 350 73 193 228 471 73 238 382 85 0 346 338 241 211 238 496 423 136 471 256 190 148 103 
354 316 259 355 398 159 132 210 265 189 233 165 367 411 188 311 292 430 363 336 377 74 74 373 203 367 343 0 409 56 441 219 116 464 184 422 361 293 53 70 
265 399 460 380 265 370 67 75 369 204 145 411 80 169 435 403 78 302 453 193 64 149 362 131 112 497 259 179 0 496 469 406 260 368 366 139 339 442 364 121 
66 67 216 428 304 91 362 207 119 370 366 262 141 465 124 429 284 327 187 413 322 362 75 82 436 147 378 275 88 0 241 346 105 465 268 239 269 309 307 182 
378 177 498 346 475 462 176 403 245 453 296 365 482 157 390 270 93 487 147 74 281 95 126 92 59 344 281 278 152 295 0 166 236 422 163 288 396 125 415 54 
76 123 300 147 104 163 243 324 413 436 178 437 217 223 62 466 439 356 247 424 214 248 89 156 169 203 395 271 485 65 482 0 60 138 281 158 193 394 351 223 
307 287 107 450 210 280 463 175 426 74 128 349 446 326 388 308 201 90 409 178 281 424 159 292 269 146 156 168 247 213 341 260 0 450 399 209 366 385 378 492 
310 159 326 158 104 359 253 362 59 500 478 395 281 401 53 279 169 357 385 287 103 97 335 313 254 440 228 119 324 106 317 341 422 0 350 449 476 208 408 93 
424 408 70 318 395 178 78 173 53 385 57 291 438 311 332 457 64 271 391 341 301 203 364 141 124 213 297 306 127 204 350 51 318 126 0 75 212 461 103 91 
465 438 305 462 131 116 293 87 337 270 429 177 70 131 248 162 413 167 165 218 452 319 67 453 344 351 478 262 311 81 304 482 225 108 443 0 307 381 442 100 
218 418 479 101 439 317 299 307 436 173 422 153 124 447 378 283 290 435 260 259 452 498 62 434 223 327 132 236 208 281 286 376 198 472 427 136 0 495 433 149 
430 312 70 82 386 468 410 168 464 100 134 222 52 339 441 436 268 268 67 454 426 54 239 57 203 210 190 496 204 329 145 133 140 165 373 476 339 0 489 350 
303 89 191 231 91 480 172 477 247 390 250 200 71 462 389 78 164 306 425 159 460 254 254 300 100 126 172 76 415 367 132 424 406 273 155 203 459 484 0 386 
205 129 136 111 150 304 207 385 418 463 65 76 178 269 488 428 320 113 306 102 478 173 391 158 285 371 263 439 329 453 324 241 81 166 302 181 420 459 272 0 

945.6 0 14
945.6 1 18
945.6 2 19
945.6 3 37
945.6 4 19
945.6 5 37
945.6 6 21
945.6 7 26
945.6 8 29
945.6 9 11
945.6 10 15
945.6 11 13
945.6 12 24
945.6 13 1
945.6 14 1
945.6 15 38
945.6 16 31
945.6 17 30
945.6 18 14
945.6 19 10
945.6 20 17
945.6 21 6
945.6 22 37
945.6 23 7
945.6 24 21
945.6 25 7
945.6 26 14
945.6 27 12
945.6 28 34
945.6 29 7
945.6 30 6
945.6 31 9
945.6 32 25
945.6 33 15
945.6 34 35
945.6 35 33
945.6 36 13
945.6 37 17
945.6 38 10
945.6 39 31

