40 40 4

0 303 377 88 57 150 498 306 397 381 399 386 370 272 310 433 104 89 344 97 235 160 411 434 255 66 112 473 365 281 244 347 83 327 386 91 427 139 103 79 
470 0 208 415 339 430 225 479 240 471 322 287 206 188 405 139 150 177 408 122 492 189 72 95 222 350 431 470 483 69 72 62 245 438 183 84 367 358 269 107 
85 297 0 100 241 435 211 86 84 338 445 363 86 133 386 338 305 442 268 275 180 494 53 192 238 441 326 479 64 390 247 328 425 494 378 372 185 296 409 426 
340 353 289 0 132 192 381 420 447 78 187 428 208 180 188 107 369 128 139 347 349 235 301 176 160 294 54 238 185 300 146 111 139 205 350 222 347 437 348 50 
465 486 428 172 0 165 115 229 240 401 318 294 249 53 94 376 370 94 136 314 230 142 411 291 438 322 347 366 169 283 214 169 247 199 303 125 70 125 61 468 
232 85 261 431 88 0 61 62 164 105 148 429 492 447 95 282 385 367 335 250 242 117 414 117 70 319 127 146 340 202 157 63 384 192 274 70 438 492 290 308 
96 388 443 88 335 244 0 76 426 318 362 175 59 429 296 334 206 114 411 58 160 112 165 173 202 63 153 429 207 144 218 222 398 313 371 436 354 115 462 279 
383 79 404 392 215 199 225 0 371 471 342 379 130 160 250 461 312 470 113 448 177 208 165 105 105 184 426 247 488 491 415 473 373 445 133 472 159 282 403 236 
459 245 114 89 355 314 500 374 0 490 319 77 166 477 399 428 288 83 354 241 277 100 156 250 180 307 333 358 416 321 260 151 280 211 422 75 273 442 281 353 
431 99 136 304 283 485 231 277 274 0 291 469 51 342 124 458 472 381 290 85 52 317 295 360 303 213 281 328 192 429 315 251 359 365 337 162 354 321 100 130 
95 341 98 303 389 379 260 116 466 256 0 151 224 72 153 83 82 316 70 360 214 449 382 415 64 453 251 383 306 278 433 142 323 481 398 125 369 276 91 192 
449 297 293 172 76 396 413 108 418 189 174 0 338 345 55 252 359 458 209 448 470 438 137 112 260 117 460 92 192 235 133 334 390 137 334 269 163 436 181 221 
354 76 345 191 371 351 150 436 64 309 384 485 0 246 471 96 213 294 55 255 436 447 94 477 337 181 310 105 294 245 443 221 305 469 66 203 96 123 303 482 
137 318 121 121 271 298 374 434 91 379 395 234 326 0 195 210 369 327 226 180 327 177 122 499 433 297 271 342 343 344 351 81 431 168 152 259 389 401 132 78 
198 218 179 382 250 325 298 118 358 474 248 391 151 76 0 145 290 79 366 131 129 209 432 160 347 306 469 312 195 369 394 430 274 318 109 155 67 140 404 135 
448 377 89 94 234 322 190 474 352 55 311 187 422 242 297 0 475 499 265 286 400 341 386 85 114 204 351 426 221 441 329 63 144 413 309 189 146 131 329 327 
189 334 137 326 462 86 329 436 291 300 428 397 140 314 432 411 0 224 283 337 395 430 165 164 74 284 424 213 381 261 492 414 156 81 50 188 494 293 467 185 
83 266 113 430 113 377 118 474 100 107 66 201 487 389 72 60 172 0 446 223 259 413 421 172 68 453 380 413 202 172 379 337 206 351 156 342 414 239 166 144 
496 223 367 197 210 255 426 220 378 127 150 343 490 70 466 264 229 345 0 176 381 467 261 425 379 111 287 428 232 477 93 82 472 474 399 375 390 361 300 316 
445 377 416 287 122 193 252 92 372 303 218 460 477 185 384 111 247 170 489 0 185 353 289 217 81 469 322 406 358 182 413 173 126 496 296 120 325 439 322 367 
310 332 85 269 308 220 359 369 173 236 114 64 88 109 231 119 77 260 232 141 0 392 351 264 225 346 59 295 377 448 323 244 465 154 486 440 168 412 299 244 
85 241 308 99 279 123 488 105 150 247 494 241 345 344 211 276 396 428 70 273 131 0 100 467 95 204 452 242 79 363 247 273 154 438 80 411 423 360 154 478 
460 107 227 407 402 70 324 178 417 251 405 396 333 455 362 134 366 69 326 395 138 72 0 374 450 460 160 360 139 470 220 116 185 277 294 91 385 70 121 269 
193 323 381 88 362 335 156 446 407 175 479 57 471 257 381 420 424 491 486 62 460 205 335 0 144 188 128 392 279 356 464 255 499 493 135 294 354 176 400 55 
290 282 240 297 252 448 178 378 371 375 363 383 335 274 217 185 168 52 77 153 114 247 358 112 0 239 443 356 299 326 463 60 115 244 251 362 202 198 246 79 
275 121 148 157 162 128 80 297 453 289 80 105 353 277 414 416 222 112 478 227 388 196 238 453 390 0 195 71 298 343 267 83 324 338 388 431 450 222 217 454 
174 457 484 230 309 468 350 431 189 412 409 123 56 104 311 459 201 456 236 205 54 454 446 328 498 333 0 465 448 55 181 157 386 137 140 322 153 107 171 83 
454 290 442 76 296 253 93 461 160 499 197 71 259 357 467 293 354 300 464 57 61 144 164 397 439 255 426 0 91 68 96 331 472 92 480 498 94 232 90 262 
98 295 165 119 260 472 86 52 81 92 222 89 103 317 410 206 462 371 131 259 390 385 89 117 427 68 115 472 0 457 362 233 54 364 104 331 123 75 123 333 
106 165 54 352 425 77 469 130 489 339 419 454 435 303 494 52 436 268 117 163 225 185 102 436 499 156 266 329 388 0 95 368 445 210 372 52 134 156 471 422 
351 66 340 305 451 349 54 453 491 272 276 154 203 168 206 139 166 69 111 201 407 157 68 107 73 147 317 158 253 287 0 286 103 59 125 114 217 180 118 169 
170 341 152 274 494 270 187 339 142 206 157 294 319 264 312 377 287 409 193 151 368 186 387 422 196 218 486 363 104 311 238 0 225 151 96 205 351 72 98 397 
165 461 53 165 280 474 427 156 260 92 55 118 410 191 211 87 93 380 280 162 190 90 107 365 398 153 277 455 176 81 351 498 0 493 354 162 272 327 295 134 
294 93 139 118 454 487 279 247 80 365 477 399 55 273 456 126 170 109 353 332 442 385 182 195 133 243 307 355 69 308 195 69 352 0 491 137 61 477 367 258 
263 438 442 162 443 214 324 69 91 139 128 373 80 219 261 432 302 454 238 363 230 253 57 456 104 498 300 115 231 373 79 200 310 471 0 68 253 392 343 479 
189 432 313 61 219 483 479 150 284 189 95 147 125 298 361 287 352 115 86 173 52 409 202 202 219 380 221 178 271 63 363 410 201 175 177 0 370 157 362 471 
148 50 272 245 332 69 312 119 127 377 155 457 379 271 158 288 196 244 459 324 465 228 186 130 379 67 257 456 175 119 182 273 326 404 224 365 0 423 242 434 
256 119 295 212 204 65 320 198 211 64 363 241 235 297 133 316 383 151 279 338 483 104 470 462 137 373 185 452 51 377 385 257 202 386 419 113 402 0 445 468 
319 215 331 60 401 127 143 423 216 244 408 53 433 463 229 394 99 101 78 257 309 162 348 65 70 233 434 340 134 379 64 160 300 345 170 407 178 263 0 329 
345 214 237 104 146 406 284 247 211 91 275 418 351 143 265 366 371 204 56 417 496 141 431 155 391 482 275 298 367 244 126 418 164 69 472 468 181 462 214 0 

593.5 0 30
593.5 1 34
593.5 2 1
593.5 3 19
593.5 4 23
593.5 5 32
593.5 6 0
593.5 7 23
593.5 8 17
593.5 9 3
593.5 10 34
593.5 11 22
593.5 12 0
593.5 13 16
593.5 14 2
593.5 15 9
593.5 16 10
593.5 17 29
593.5 18 25
593.5 19 12
593.5 20 26
593.5 21 25
593.5 22 23
593.5 23 25
593.5 24 14
593.5 25 26
593.5 26 2
593.5 27 8
593.5 28 23
593.5 29 32
593.5 30 5
593.5 31 4
593.5 32 27
593.5 33 6
593.5 34 23
593.5 35 11
593.5 36 38
593.5 37 13
593.5 38 24
593.5 39 5

