40 40 3

0 53 183 388 95 363 76 305 449 310 394 325 480 172 180 83 360 407 350 168 226 156 88 344 151 133 135 477 496 121 262 171 331 151 266 133 221 499 144 169 
308 0 245 444 287 367 331 77 433 237 133 100 169 446 139 220 97 429 61 73 425 132 492 302 170 350 67 460 70 66 103 189 324 54 340 318 371 377 345 304 
320 428 0 110 440 129 406 366 176 335 377 407 466 215 398 267 335 454 285 50 474 57 104 370 87 108 416 355 186 292 199 196 111 333 256 257 413 369 122 295 
410 449 201 0 375 164 306 141 205 259 132 206 440 139 467 309 177 281 224 482 173 222 388 319 490 220 282 247 339 357 75 134 266 231 492 140 345 297 231 256 
263 70 168 202 0 159 134 461 493 122 391 475 245 112 118 271 101 495 259 54 334 115 80 418 331 261 409 421 312 413 358 274 175 378 393 83 244 233 494 236 
61 140 417 464 409 0 485 234 460 480 199 221 313 264 251 437 301 218 101 221 236 220 285 460 345 163 352 134 357 292 127 299 303 424 216 266 332 407 206 499 
386 355 219 405 325 176 0 97 125 100 149 296 286 319 288 245 371 401 304 455 464 95 289 262 104 212 184 321 251 91 477 249 183 88 418 88 363 300 135 439 
350 441 441 135 467 228 86 0 93 128 96 498 298 141 493 267 196 412 401 223 162 442 406 117 125 444 241 370 307 491 211 245 96 359 185 181 325 364 424 368 
198 471 121 203 318 321 420 220 0 439 320 149 100 469 55 374 300 449 114 169 255 311 86 450 357 395 342 488 219 412 167 293 316 344 121 469 162 392 388 88 
330 415 188 136 139 193 460 389 141 0 280 264 103 90 300 259 397 195 100 140 120 218 257 364 485 101 435 453 420 82 97 458 362 218 352 448 63 251 163 158 
99 393 372 152 433 378 361 85 72 168 0 175 350 336 382 213 76 189 354 236 108 386 283 273 454 207 331 157 220 82 270 328 131 369 406 440 57 283 56 92 
62 381 217 362 217 305 281 450 445 341 185 0 259 433 174 238 386 331 69 249 257 308 469 291 389 93 403 84 100 393 90 349 405 422 65 473 345 320 460 294 
471 56 186 230 439 310 418 80 348 193 279 311 0 451 247 309 95 497 211 129 303 103 377 151 214 298 166 393 349 192 352 142 163 358 278 343 52 295 467 82 
142 367 311 159 317 264 418 363 260 129 198 62 389 0 74 163 103 322 486 446 170 178 54 470 291 362 454 340 365 455 62 397 96 379 415 413 196 178 330 265 
145 165 413 157 54 194 478 107 222 463 259 99 347 263 0 68 137 332 228 183 196 183 196 299 436 281 420 348 427 98 178 398 193 293 67 56 297 211 484 110 
383 203 320 432 500 289 206 344 120 385 233 473 274 135 272 0 209 367 191 57 500 446 392 154 345 391 171 352 395 88 91 455 421 451 481 109 207 270 472 257 
96 356 440 69 336 75 498 496 148 395 259 147 341 357 458 185 0 247 128 243 141 166 492 303 294 442 490 109 148 466 80 111 62 143 51 81 429 283 285 424 
137 179 389 441 226 245 399 362 443 477 311 290 350 302 299 143 244 0 289 202 98 461 232 160 473 81 368 260 461 357 495 140 444 381 480 384 106 431 282 174 
129 466 436 370 315 444 375 164 394 163 316 443 124 254 309 303 286 383 0 270 453 239 471 92 182 351 278 272 164 209 261 288 288 226 430 364 247 374 239 361 
267 352 383 416 182 343 224 192 335 106 412 287 51 382 330 183 440 107 162 0 103 473 373 341 261 98 478 124 51 351 69 362 117 128 451 484 260 293 414 158 
128 227 69 121 228 158 401 118 304 215 230 357 187 102 404 154 357 381 436 358 0 438 455 426 55 82 132 245 293 375 158 157 209 335 177 281 63 492 388 131 
51 309 311 358 447 119 468 307 182 105 242 490 493 197 171 254 229 253 449 228 334 0 107 336 250 148 219 237 161 417 331 449 418 140 466 482 293 291 449 99 
423 260 292 168 460 439 289 213 374 248 369 102 289 426 144 489 280 313 432 392 229 262 0 96 146 352 269 127 144 59 282 401 433 249 192 100 208 337 96 127 
417 294 446 469 82 127 319 277 358 131 208 456 310 421 51 162 479 270 239 123 280 228 230 0 419 427 128 469 341 171 64 418 87 65 120 263 97 197 81 81 
54 163 239 460 179 366 218 292 345 194 237 174 424 171 354 98 304 432 67 144 102 288 269 346 0 303 339 108 351 486 140 138 247 460 327 206 345 193 130 343 
244 275 287 368 405 408 428 454 212 115 471 306 374 465 281 219 268 119 278 325 105 124 413 302 290 0 446 214 134 138 51 184 88 276 421 162 387 328 89 340 
246 154 66 259 478 482 490 197 249 109 181 73 371 462 192 379 251 137 299 91 433 300 225 471 282 145 0 133 169 180 379 215 376 484 232 341 217 213 331 120 
168 390 251 398 467 419 89 345 376 383 143 418 315 150 349 493 382 201 125 257 87 210 423 169 193 154 461 0 117 73 291 187 398 387 145 295 353 63 90 404 
390 179 253 63 445 353 362 437 442 269 268 405 306 428 327 426 328 187 386 395 417 383 288 314 269 383 315 328 0 397 111 231 286 241 190 299 392 494 367 84 
191 136 58 95 392 192 129 73 226 473 409 120 390 291 359 410 266 241 432 93 344 493 481 336 440 171 341 87 371 0 208 121 268 50 129 69 392 479 355 416 
204 328 80 482 217 78 340 126 294 287 264 94 338 257 281 173 403 402 465 441 479 172 268 453 172 348 229 270 82 83 0 392 236 361 179 217 77 207 263 361 
451 50 124 251 94 87 483 217 197 140 388 137 119 266 355 278 388 409 457 365 441 491 463 384 351 141 100 135 298 314 202 0 456 70 483 206 114 277 188 488 
424 279 376 267 104 141 328 332 236 444 496 307 140 242 269 474 92 361 281 384 365 94 292 320 114 275 477 385 51 371 372 181 0 149 454 154 410 95 432 242 
488 131 444 294 222 185 62 402 434 129 182 74 445 433 316 471 253 90 203 137 298 74 216 185 380 169 289 290 421 428 238 408 265 0 181 408 193 72 421 95 
456 256 434 480 407 367 52 378 119 299 287 414 97 311 129 439 191 455 435 187 132 118 375 490 333 262 398 233 284 74 485 446 487 418 0 426 394 491 184 271 
317 433 264 230 236 75 65 175 423 470 316 316 101 384 190 298 423 402 402 155 392 182 346 337 168 264 469 61 461 152 489 277 85 253 457 0 271 485 472 152 
163 198 418 429 249 57 118 253 187 226 361 499 117 493 345 160 161 315 129 379 275 438 368 52 229 327 215 451 311 187 309 424 335 434 352 290 0 197 176 250 
334 108 110 89 175 310 384 492 177 198 120 55 179 265 129 181 444 406 347 150 423 240 410 346 281 99 404 277 246 286 233 287 344 294 326 225 310 0 209 217 
437 113 494 442 242 258 71 130 202 183 183 302 106 373 418 158 360 467 269 136 213 54 76 450 349 320 482 73 336 190 240 272 460 234 420 201 198 197 0 281 
350 331 170 152 387 493 276 251 108 243 470 402 162 475 428 318 79 454 299 102 289 195 500 267 154 440 186 61 137 334 500 438 164 169 296 257 369 71 214 0 

644.75 0 17
644.75 1 30
644.75 2 6
644.75 3 0
644.75 4 15
644.75 5 37
644.75 6 27
644.75 7 8
644.75 8 36
644.75 9 34
644.75 10 25
644.75 11 24
644.75 12 35
644.75 13 14
644.75 14 10
644.75 15 3
644.75 16 7
644.75 17 12
644.75 18 21
644.75 19 9
644.75 20 21
644.75 21 14
644.75 22 38
644.75 23 0
644.75 24 14
644.75 25 34
644.75 26 29
644.75 27 25
644.75 28 33
644.75 29 6
644.75 30 14
644.75 31 12
644.75 32 37
644.75 33 9
644.75 34 1
644.75 35 2
644.75 36 7
644.75 37 29
644.75 38 39
644.75 39 32

