40 40 4

0 243 337 320 76 96 291 177 56 237 168 124 149 459 291 413 318 498 456 182 433 448 260 145 402 404 463 256 141 203 171 481 396 458 57 422 260 54 98 474 
241 0 423 97 96 382 94 216 406 92 171 88 231 118 54 326 227 408 495 189 499 197 66 236 92 475 450 464 441 454 269 414 194 398 217 447 279 262 162 392 
60 284 0 186 241 108 190 273 492 304 268 388 303 171 404 245 214 134 194 384 75 147 359 195 498 257 363 444 242 331 313 340 341 96 476 288 154 165 267 353 
420 485 240 0 429 156 143 380 76 228 73 410 460 377 476 154 130 232 223 280 180 53 92 471 100 345 446 338 206 318 105 58 444 296 248 128 158 97 458 184 
482 237 301 441 0 113 276 95 400 458 475 179 344 479 429 314 78 273 260 367 429 284 178 437 227 424 391 61 82 195 469 423 176 205 223 117 475 449 369 374 
162 343 259 457 77 0 187 477 106 167 443 179 95 226 307 239 159 437 336 170 225 481 138 148 157 500 321 431 474 477 299 103 345 348 313 301 376 206 485 188 
323 427 73 125 360 86 0 70 469 473 112 346 198 93 434 52 407 190 323 337 370 55 342 424 351 396 443 358 478 355 342 165 385 269 188 216 335 431 236 303 
160 54 148 308 304 289 66 0 210 185 95 253 54 101 301 184 402 197 126 466 174 432 308 497 72 283 391 238 117 322 180 126 432 184 432 446 439 220 462 148 
355 56 108 115 314 359 250 422 0 262 326 388 143 464 402 139 242 391 480 430 214 57 109 290 439 244 221 140 389 147 308 243 208 71 301 274 335 367 474 257 
128 55 351 221 470 252 66 211 349 0 497 348 62 53 407 302 199 357 230 289 245 327 304 439 242 325 446 466 159 312 439 122 147 444 423 74 169 381 91 87 
229 294 385 241 297 498 250 202 111 186 0 198 62 219 452 207 411 276 153 376 141 171 70 214 268 465 343 500 340 224 90 377 159 334 468 107 337 222 307 246 
283 199 394 295 368 101 453 279 83 312 154 0 174 433 175 338 408 346 388 163 392 111 203 476 427 243 443 484 286 371 497 482 360 195 131 155 63 182 314 292 
215 332 152 96 264 484 140 378 85 478 491 428 0 295 400 403 222 142 101 205 379 423 202 360 489 347 198 143 116 330 163 358 252 445 217 54 416 200 144 500 
443 122 491 370 367 390 479 295 239 286 451 117 415 0 359 183 404 412 331 253 479 368 367 336 326 67 259 330 433 166 180 433 108 252 179 184 326 275 369 327 
464 154 277 287 69 342 177 179 254 214 382 232 288 455 0 274 113 473 484 149 161 149 280 300 414 238 429 97 270 204 416 97 374 276 80 368 295 373 495 180 
126 415 62 308 203 467 288 473 195 271 329 307 126 108 106 0 490 52 242 86 273 152 208 320 476 435 350 99 436 222 93 116 54 215 128 312 124 301 100 96 
447 77 375 253 154 189 65 143 192 257 387 415 359 94 234 91 0 235 290 140 171 219 184 237 223 105 71 242 179 322 499 432 268 75 307 227 386 202 243 236 
344 206 122 465 65 373 405 106 108 195 196 229 364 86 416 86 141 0 193 278 477 465 276 409 440 58 422 166 394 123 115 129 174 272 408 138 287 281 494 99 
339 395 245 274 258 282 396 50 129 88 486 106 52 468 221 442 232 349 0 315 333 422 380 412 302 151 320 391 144 307 140 193 352 485 389 125 449 377 471 205 
212 265 397 475 267 121 402 416 303 250 230 135 379 316 254 180 174 280 277 0 268 86 367 168 144 107 263 219 55 139 396 418 57 160 314 483 133 141 384 499 
395 341 435 236 219 251 196 349 375 426 126 349 218 199 467 312 257 229 237 469 0 74 132 386 289 449 407 478 82 254 117 80 148 408 222 91 126 179 237 426 
53 370 258 108 87 407 282 106 163 217 293 132 449 132 224 237 80 337 214 112 91 0 281 350 396 396 278 437 472 407 381 153 166 250 117 224 494 475 212 99 
344 380 343 182 328 181 113 64 211 400 435 481 197 422 86 93 317 314 236 496 220 323 0 148 92 72 423 266 273 397 185 322 447 64 371 129 342 51 399 112 
420 298 497 400 446 418 192 245 235 456 187 437 382 461 291 424 239 213 396 462 316 80 284 0 263 301 361 98 142 363 447 411 489 451 407 388 152 325 286 103 
266 448 241 202 85 201 443 459 390 363 110 352 178 348 342 147 355 202 195 448 64 348 358 52 0 55 472 146 157 52 138 211 475 85 158 383 120 309 81 285 
198 394 102 256 72 400 97 169 254 250 71 408 471 125 473 474 130 200 326 445 202 415 362 176 450 0 470 58 277 485 89 61 182 434 113 145 212 219 192 87 
180 392 315 87 119 147 266 299 227 416 124 378 117 245 446 450 402 415 458 178 399 254 396 288 394 460 0 139 312 178 281 349 64 380 371 102 449 468 74 247 
401 441 77 279 264 480 224 421 381 346 378 265 451 338 160 445 438 326 83 249 211 315 305 225 401 175 484 0 105 142 265 58 493 205 85 478 175 271 409 95 
358 461 180 122 411 224 440 356 162 472 389 361 389 410 165 114 66 497 304 121 138 68 129 338 430 372 71 105 0 142 186 357 207 146 487 486 57 418 181 119 
79 153 214 146 492 124 262 312 347 258 116 419 103 341 254 147 271 332 375 82 181 61 389 338 157 132 323 164 256 0 455 233 285 314 398 381 305 228 349 324 
281 314 146 199 123 437 160 220 414 442 301 202 122 312 298 410 420 136 440 290 342 394 230 126 207 334 213 218 268 62 0 248 499 326 344 405 155 488 64 325 
401 456 332 103 285 144 351 401 270 437 340 266 278 440 446 110 353 486 273 278 253 492 476 252 73 320 363 178 307 377 453 0 414 88 492 467 323 135 73 431 
111 216 270 327 200 417 480 260 269 221 240 497 425 231 473 383 255 499 245 383 305 328 92 425 366 83 392 396 375 171 326 436 0 338 302 469 488 425 204 455 
194 376 194 397 56 131 125 145 336 330 96 426 341 374 468 266 446 257 157 341 338 485 373 480 322 175 448 66 99 359 227 450 234 0 127 103 447 208 385 91 
251 215 137 176 55 461 350 271 406 106 134 454 394 119 326 373 147 207 76 370 464 385 96 169 325 173 429 478 88 314 68 289 479 362 0 415 240 78 264 462 
435 76 302 144 176 371 420 499 225 334 281 94 53 373 348 172 404 227 101 382 265 121 400 53 99 469 418 289 497 388 457 431 414 259 281 0 296 336 408 294 
60 241 282 312 451 154 159 122 57 336 380 145 308 451 252 311 256 220 436 252 216 79 208 354 200 173 134 446 460 492 240 226 439 228 488 389 0 332 146 218 
95 189 97 191 447 255 393 464 461 112 399 212 485 429 127 338 335 457 423 280 416 170 226 349 316 404 336 204 442 189 128 488 84 176 385 237 137 0 277 200 
97 95 306 467 79 441 300 368 275 256 497 54 379 373 231 227 188 341 269 99 283 408 177 270 442 59 361 385 146 344 85 401 389 97 367 174 488 373 0 248 
469 128 451 229 213 324 410 146 462 458 366 60 240 273 188 216 422 197 76 306 50 370 97 401 465 144 474 345 338 346 93 306 180 494 242 100 73 358 196 0 

620.25 0 7
620.25 1 2
620.25 2 19
620.25 3 4
620.25 4 20
620.25 5 26
620.25 6 27
620.25 7 21
620.25 8 38
620.25 9 20
620.25 10 19
620.25 11 19
620.25 12 28
620.25 13 24
620.25 14 16
620.25 15 14
620.25 16 6
620.25 17 2
620.25 18 8
620.25 19 26
620.25 20 0
620.25 21 17
620.25 22 21
620.25 23 26
620.25 24 20
620.25 25 20
620.25 26 15
620.25 27 38
620.25 28 0
620.25 29 31
620.25 30 17
620.25 31 7
620.25 32 33
620.25 33 36
620.25 34 0
620.25 35 4
620.25 36 12
620.25 37 17
620.25 38 14
620.25 39 11

