40 40 4

0 87 145 425 359 90 235 421 235 115 337 78 447 254 195 77 480 52 86 121 273 486 291 84 417 431 465 70 462 78 162 119 115 464 251 180 54 436 100 446 
257 0 387 231 203 141 376 437 327 135 473 398 114 215 188 149 131 118 113 358 286 141 226 356 413 396 313 93 400 455 143 102 211 237 283 120 84 158 57 361 
450 236 0 258 64 401 152 163 238 221 433 302 457 281 234 68 193 130 87 443 236 492 293 288 409 480 70 480 270 386 243 130 335 429 94 349 86 196 218 481 
123 358 490 0 80 138 223 305 488 59 343 187 246 334 430 484 450 165 54 429 385 146 171 465 431 306 265 487 98 411 411 79 485 268 68 271 112 448 75 307 
458 124 444 203 0 165 129 393 114 244 153 493 335 249 370 55 387 175 270 129 224 180 490 460 164 465 234 141 283 181 167 89 345 448 239 498 112 318 391 176 
268 250 375 309 450 0 244 314 92 126 83 171 56 421 367 222 291 331 406 383 321 86 256 116 138 203 306 135 266 330 232 148 305 433 474 113 138 424 134 180 
500 374 301 262 294 167 0 434 85 205 339 174 232 132 380 298 220 82 310 61 54 140 451 153 151 383 126 421 227 500 54 357 256 379 364 468 379 237 402 170 
148 447 294 330 78 173 335 0 248 413 144 467 173 441 417 276 91 55 108 219 232 108 223 295 70 308 158 488 187 101 145 307 200 92 308 236 327 187 70 282 
99 165 248 430 312 164 205 354 0 169 264 279 107 78 452 352 98 467 216 292 153 267 388 166 173 186 424 116 463 111 343 244 367 214 442 296 477 312 208 86 
431 178 315 488 206 266 95 461 232 0 261 252 91 235 346 415 114 238 94 387 201 362 230 151 229 394 300 231 370 111 145 406 249 273 220 443 185 193 489 145 
131 456 104 380 190 156 294 462 345 338 0 348 252 200 284 109 135 178 359 72 254 421 168 160 169 147 86 318 283 229 306 134 311 262 188 190 158 51 190 326 
102 478 381 60 177 164 119 262 499 429 285 0 253 349 159 363 224 256 155 248 245 335 54 330 352 473 224 248 337 225 388 163 484 121 250 494 249 120 113 217 
119 492 208 322 96 73 391 477 280 496 224 475 0 86 228 60 388 407 235 342 244 410 436 113 394 57 69 143 463 139 206 386 208 197 94 236 450 324 126 426 
103 329 150 285 365 84 295 253 198 236 301 392 353 0 237 211 453 244 437 95 413 75 252 298 441 155 98 176 105 373 460 481 182 288 337 173 152 372 419 111 
276 361 363 374 213 99 84 165 500 471 211 412 252 413 0 209 192 67 258 75 329 130 485 310 262 272 353 142 374 431 60 192 206 127 54 79 291 310 320 406 
309 290 116 220 249 235 135 391 460 343 172 288 179 156 304 0 148 378 157 240 459 87 457 357 451 83 361 480 324 170 300 437 429 296 259 355 495 201 440 142 
160 490 264 154 375 127 165 473 211 272 419 376 65 131 232 222 0 165 92 202 195 419 208 338 103 454 97 408 205 248 104 53 114 300 474 218 174 100 333 354 
262 311 272 344 83 110 76 255 225 325 163 126 244 321 415 297 275 0 218 412 186 416 466 189 236 472 369 404 145 420 444 205 388 461 184 231 250 244 464 212 
175 289 325 251 483 146 372 279 127 296 190 470 418 362 158 153 333 477 0 264 185 152 414 340 246 374 474 428 124 217 147 286 342 386 317 300 368 413 171 354 
246 418 250 215 91 319 79 195 358 263 409 493 365 322 333 111 402 62 245 0 232 230 98 468 278 435 492 77 58 160 406 118 357 79 75 278 120 344 308 265 
201 277 380 401 141 201 233 409 103 245 360 492 181 409 216 410 99 207 437 107 0 317 342 176 380 371 201 158 198 251 172 413 158 399 293 58 246 200 241 362 
460 193 221 452 80 336 167 440 385 324 377 199 347 425 81 227 52 232 335 200 189 0 213 319 297 318 318 306 63 469 253 131 184 396 59 135 427 345 459 122 
437 489 205 135 336 337 166 62 339 104 103 245 243 473 270 246 290 88 51 59 263 255 0 141 397 357 150 239 490 445 197 112 381 393 474 222 228 310 338 240 
355 392 500 99 341 472 320 87 261 114 295 270 327 500 361 430 113 461 375 309 162 72 127 0 249 171 101 422 349 361 466 295 216 114 294 472 405 472 498 198 
232 111 444 208 144 199 276 281 469 443 155 278 104 384 355 60 54 406 432 353 474 153 147 396 0 217 147 367 329 118 121 477 56 182 176 215 484 82 441 264 
50 139 369 485 194 253 340 411 257 452 342 317 425 201 414 76 369 268 394 197 336 465 380 343 353 0 263 264 92 295 411 62 51 500 138 243 400 341 82 310 
304 240 358 327 372 59 448 398 378 215 498 281 257 218 160 99 71 129 69 320 374 430 333 132 430 421 0 325 329 468 113 139 478 303 447 305 174 212 252 72 
89 173 276 76 380 445 187 430 222 266 205 492 347 135 80 185 64 207 216 99 174 279 188 359 288 342 163 0 413 53 121 191 300 451 417 326 330 117 219 466 
289 192 171 281 245 256 67 380 477 225 95 75 105 80 214 414 318 262 283 437 472 110 334 271 60 458 304 341 0 74 473 306 314 371 427 301 115 389 318 201 
365 249 453 391 305 483 311 218 57 72 452 444 494 268 485 472 279 442 275 119 222 454 131 242 81 265 249 146 153 0 67 298 225 266 250 115 277 440 376 446 
447 154 153 146 354 371 130 81 356 278 62 181 207 467 263 399 254 234 148 350 337 372 354 268 344 311 333 121 250 415 0 273 196 275 132 499 336 209 129 367 
65 357 380 196 270 102 165 169 306 349 474 155 393 345 216 160 188 477 200 466 226 321 238 128 303 320 126 138 236 412 455 0 251 476 334 153 245 386 269 364 
191 117 93 53 460 388 426 327 283 402 477 248 334 53 193 168 306 219 451 394 405 363 349 362 338 389 466 289 482 234 153 379 0 301 403 382 468 291 307 294 
280 415 477 234 248 480 377 122 493 303 73 386 414 386 441 276 430 330 241 218 311 181 77 189 188 431 278 362 428 291 362 207 413 0 338 391 160 74 475 440 
66 484 463 158 397 348 99 379 484 135 326 201 152 457 229 498 145 159 482 457 86 480 319 450 392 363 340 258 143 70 197 159 53 159 0 475 401 213 280 486 
196 121 312 348 223 268 283 427 119 148 409 76 391 388 101 340 279 414 386 243 264 407 391 129 166 500 103 273 420 333 259 115 404 70 169 0 333 495 158 467 
114 463 375 347 353 469 398 399 454 67 285 196 281 398 293 361 63 500 170 287 419 454 252 240 113 272 116 153 266 224 119 330 187 200 176 246 0 375 280 145 
328 54 136 230 492 484 474 352 253 473 229 490 147 389 241 337 452 219 159 311 436 334 380 472 227 286 355 179 160 341 274 194 345 116 131 337 99 0 311 395 
303 490 123 499 136 462 447 179 170 372 289 431 63 329 67 486 55 303 96 391 170 387 372 314 232 438 395 275 244 412 169 253 401 243 251 487 411 404 0 166 
80 276 405 462 289 233 479 481 445 488 283 335 157 170 413 178 108 351 279 333 94 191 208 297 91 157 254 78 68 365 401 98 347 61 266 342 244 451 323 0 

831.6 0 26
831.6 1 20
831.6 2 3
831.6 3 33
831.6 4 36
831.6 5 3
831.6 6 15
831.6 7 29
831.6 8 11
831.6 9 15
831.6 10 25
831.6 11 32
831.6 12 4
831.6 13 24
831.6 14 34
831.6 15 35
831.6 16 13
831.6 17 5
831.6 18 35
831.6 19 26
831.6 20 38
831.6 21 26
831.6 22 25
831.6 23 24
831.6 24 26
831.6 25 6
831.6 26 0
831.6 27 36
831.6 28 20
831.6 29 37
831.6 30 26
831.6 31 7
831.6 32 18
831.6 33 17
831.6 34 30
831.6 35 4
831.6 36 21
831.6 37 6
831.6 38 34
831.6 39 21

