40 40 4

0 330 364 196 428 297 285 440 174 181 489 63 248 336 227 249 237 358 208 153 326 226 375 372 478 259 476 292 158 268 316 140 305 387 494 439 183 278 378 307 
165 0 366 321 363 202 254 111 389 112 476 249 144 201 123 223 385 88 198 177 403 173 199 494 428 85 487 366 218 471 450 232 135 315 259 204 223 463 472 319 
281 203 0 274 376 354 347 98 445 142 453 121 495 125 271 244 259 62 437 331 438 407 280 169 248 95 378 158 475 96 129 293 328 282 66 410 342 120 214 494 
419 166 114 0 413 449 91 157 207 104 93 489 248 207 268 367 161 69 451 477 495 253 312 494 287 301 267 196 142 93 116 135 462 233 407 374 388 204 237 94 
465 488 289 212 0 401 264 285 268 283 442 244 484 195 56 478 188 307 451 335 155 494 157 448 455 96 110 84 434 264 272 235 229 466 230 391 366 444 383 133 
434 324 84 417 469 0 90 150 364 103 100 405 208 93 61 362 254 108 422 289 492 186 267 433 121 232 163 462 304 106 100 143 490 375 177 163 99 424 263 413 
477 70 317 392 320 329 0 253 74 387 382 69 134 67 286 274 345 224 387 306 478 199 357 327 396 438 455 58 487 134 478 400 111 498 423 209 74 251 168 305 
344 500 324 185 273 316 409 0 117 246 51 130 430 200 193 256 95 130 417 310 116 51 288 222 319 492 352 478 65 102 145 76 153 145 350 288 368 372 403 192 
324 404 272 253 103 415 460 356 0 495 376 165 317 133 403 246 402 151 97 379 373 356 231 400 459 326 456 453 400 84 111 91 358 465 313 111 275 434 70 337 
428 152 452 452 236 111 197 137 212 0 451 223 84 306 404 190 472 436 146 424 91 180 486 133 488 206 152 98 187 293 325 474 220 184 182 378 126 243 281 213 
161 231 142 402 488 496 92 459 187 188 0 138 229 318 330 312 61 243 170 110 380 413 141 110 340 275 449 217 351 191 205 271 302 386 119 203 129 115 452 87 
252 139 383 187 163 212 449 175 161 326 442 0 248 445 289 308 284 64 463 208 121 153 363 98 161 455 168 70 84 440 473 328 398 318 210 85 432 129 240 313 
240 65 254 438 217 249 452 207 263 414 365 91 0 273 434 139 140 389 464 161 179 403 340 457 301 157 167 92 295 453 282 107 192 54 67 337 221 267 495 378 
236 165 450 484 388 139 330 479 234 293 346 363 403 0 185 76 203 499 193 452 294 352 233 107 494 444 332 86 371 305 81 456 491 196 405 231 290 250 60 268 
191 303 320 53 205 455 79 114 210 429 65 210 280 456 0 267 481 155 305 273 477 109 304 432 307 206 92 488 447 292 498 421 189 300 241 193 212 402 429 276 
111 114 499 478 100 454 245 287 108 256 60 84 316 70 222 0 122 227 264 109 173 263 106 93 402 356 491 301 67 393 437 50 210 257 499 188 63 208 139 301 
266 345 67 57 160 87 436 232 264 407 498 143 169 103 394 277 0 166 384 285 390 483 221 390 193 184 144 87 197 302 176 448 275 471 465 489 338 52 424 276 
473 330 274 116 205 83 216 189 406 306 424 296 289 351 392 188 485 0 243 225 181 495 107 336 476 284 300 464 121 58 144 104 238 180 84 60 92 117 226 231 
230 482 154 476 477 211 123 164 195 316 95 326 67 152 161 493 387 168 0 213 214 383 63 268 120 193 302 130 235 126 306 172 62 495 483 244 471 193 317 342 
338 340 387 371 357 246 238 105 132 356 475 52 446 488 271 65 181 279 146 0 122 111 158 452 123 152 434 317 330 127 341 378 171 180 471 248 243 216 437 54 
54 499 480 57 444 467 485 460 354 263 312 183 81 420 134 154 279 67 178 315 0 351 469 192 229 355 369 427 97 85 363 101 296 118 287 303 61 254 287 227 
107 257 489 240 288 165 324 148 150 98 276 171 155 451 69 334 61 388 261 108 423 0 330 367 219 398 360 228 410 113 466 343 378 429 88 117 216 203 148 70 
59 403 297 180 57 454 199 342 466 86 309 280 216 138 353 141 487 213 75 152 276 491 0 201 360 175 239 428 341 148 282 118 157 184 365 494 398 74 399 446 
246 436 254 477 358 99 329 205 292 248 230 150 231 428 301 90 102 491 224 150 138 456 218 0 453 346 289 202 244 313 101 396 59 487 150 242 100 406 277 255 
197 476 191 297 413 118 304 453 171 294 177 478 139 339 195 298 185 434 450 135 453 50 481 218 0 243 337 410 293 449 394 254 145 125 396 148 488 464 403 196 
341 403 79 318 248 369 463 496 260 152 446 101 312 202 288 480 396 125 146 395 280 490 149 376 114 0 251 230 308 421 132 454 262 242 484 286 440 108 456 192 
318 107 344 125 125 496 363 105 147 194 408 493 425 153 348 56 424 305 236 231 225 75 391 193 267 374 0 430 413 188 385 104 212 198 398 287 274 394 150 85 
491 50 199 239 425 302 86 187 432 341 374 162 273 399 259 416 372 340 345 284 478 436 339 190 341 443 427 0 321 336 283 112 83 284 261 479 415 269 65 102 
200 112 182 68 335 80 277 458 158 323 58 392 301 445 437 441 285 380 123 312 422 113 374 211 103 134 190 468 0 109 412 276 466 230 408 484 272 194 467 229 
302 290 237 401 90 388 337 237 379 423 66 190 101 129 63 262 182 354 158 357 169 69 339 134 457 454 117 228 147 0 291 163 156 80 350 56 327 445 99 270 
323 473 493 464 280 122 233 492 461 294 357 73 169 132 363 254 88 72 77 266 169 318 135 275 104 436 488 381 380 87 0 357 409 266 350 128 496 178 68 243 
138 312 99 369 431 182 438 391 220 460 419 193 335 236 278 110 498 420 97 378 55 341 235 415 106 291 249 101 419 267 295 0 263 285 344 131 423 232 275 313 
403 234 231 302 276 174 286 336 378 206 139 255 418 431 196 332 243 437 288 51 111 54 296 325 290 346 162 419 285 388 231 187 0 328 169 195 103 500 431 145 
377 343 235 338 261 372 241 299 321 177 86 322 446 91 324 270 87 377 382 456 161 476 393 54 304 61 199 357 267 336 209 143 179 0 150 432 390 472 172 188 
499 55 225 321 451 473 144 427 59 471 65 221 338 491 113 342 294 332 247 358 98 83 66 192 212 166 330 101 344 208 446 342 420 170 0 369 371 349 220 53 
358 397 68 285 235 59 349 76 59 180 274 367 435 63 139 126 225 462 162 483 305 320 428 354 240 305 429 317 153 148 76 218 496 95 453 0 437 104 57 463 
320 394 443 187 329 456 483 161 387 445 481 369 456 56 53 65 246 308 445 269 167 299 296 91 294 97 251 230 358 465 400 177 359 98 70 394 0 261 53 261 
147 204 241 223 366 248 226 382 200 240 82 176 113 331 178 155 125 225 356 61 82 320 167 416 385 216 437 278 427 196 246 73 350 193 246 215 147 0 178 303 
298 368 335 180 432 166 308 86 448 239 148 215 478 418 333 393 303 499 329 287 425 231 239 204 80 383 401 453 480 285 255 484 153 297 370 291 413 177 0 83 
116 122 181 281 99 305 113 199 314 111 478 308 242 416 497 397 446 135 53 398 322 288 360 61 147 156 382 144 275 265 177 341 94 64 121 143 320 392 292 0 

942.4 0 32
942.4 1 12
942.4 2 28
942.4 3 33
942.4 4 29
942.4 5 25
942.4 6 35
942.4 7 16
942.4 8 4
942.4 9 22
942.4 10 2
942.4 11 24
942.4 12 15
942.4 13 38
942.4 14 26
942.4 15 37
942.4 16 12
942.4 17 37
942.4 18 32
942.4 19 24
942.4 20 27
942.4 21 28
942.4 22 20
942.4 23 27
942.4 24 9
942.4 25 38
942.4 26 13
942.4 27 18
942.4 28 33
942.4 29 27
942.4 30 22
942.4 31 16
942.4 32 1
942.4 33 0
942.4 34 38
942.4 35 19
942.4 36 14
942.4 37 34
942.4 38 35
942.4 39 19

