40 40 4

0 499 108 134 213 227 433 416 312 94 388 204 86 123 196 221 57 106 78 463 178 241 135 322 102 240 461 160 147 61 396 423 266 210 263 185 388 195 100 199 
446 0 195 109 239 268 255 410 275 312 194 444 440 386 78 468 438 268 428 304 366 195 200 495 411 360 464 96 454 158 353 152 103 498 418 499 472 173 408 453 
191 102 0 396 337 194 425 60 131 192 438 385 264 340 291 258 250 358 221 52 311 85 356 170 346 109 87 344 81 417 459 484 107 267 136 150 411 60 160 248 
409 305 339 0 173 144 130 137 344 438 309 103 455 100 165 124 396 224 162 447 462 78 405 446 343 171 81 199 288 298 310 486 206 114 80 85 208 367 173 258 
60 188 67 466 0 238 182 89 134 357 408 287 318 193 191 470 242 68 257 391 306 261 200 498 174 471 284 209 385 151 332 143 161 470 160 126 415 293 373 255 
356 487 492 380 386 0 182 106 127 407 313 225 212 281 375 416 405 102 199 113 437 300 396 286 168 121 397 244 486 396 323 240 458 66 231 93 402 119 149 480 
476 169 204 394 400 285 0 309 304 337 215 367 481 465 469 266 339 297 369 290 489 471 112 436 184 128 373 228 237 443 327 216 174 446 126 68 345 117 83 148 
161 248 222 141 420 397 113 0 258 193 433 498 182 159 317 117 294 151 440 472 338 138 298 260 263 451 92 488 295 160 277 150 478 476 322 118 151 425 388 115 
118 320 320 457 430 343 280 430 0 444 426 401 489 64 405 248 484 355 498 227 150 157 454 457 341 185 485 409 493 409 296 108 477 323 134 189 459 427 419 388 
370 345 495 114 115 399 69 305 254 0 66 482 110 380 191 66 220 83 257 128 75 165 130 340 349 159 424 488 117 350 163 211 427 458 205 491 279 104 59 83 
64 75 271 331 405 168 103 331 201 310 0 165 227 425 246 66 480 111 441 468 179 497 130 96 423 294 252 414 279 62 179 312 283 412 289 113 72 407 166 354 
108 426 469 285 106 421 301 86 483 448 260 0 368 445 96 414 123 340 372 487 118 140 373 136 373 284 375 192 306 488 64 159 95 440 335 86 253 255 94 289 
444 492 255 311 192 301 432 266 347 303 459 415 0 150 331 257 473 114 338 372 127 325 386 443 371 82 277 163 285 239 207 280 182 199 485 444 97 285 131 313 
131 384 272 252 484 309 459 213 130 52 291 207 327 0 176 356 404 208 133 67 199 78 224 429 210 129 413 360 177 197 441 196 485 81 418 236 271 434 401 434 
63 403 431 220 230 107 282 340 472 365 357 171 393 288 0 99 310 367 219 169 250 366 317 397 351 348 70 293 118 454 194 259 223 96 189 393 483 453 175 323 
425 246 179 302 346 173 351 362 247 276 481 447 142 53 99 0 199 351 327 198 420 487 342 178 210 145 317 309 127 477 190 400 401 143 286 202 439 409 259 56 
155 486 243 309 334 247 114 239 97 147 387 467 134 436 351 50 0 80 375 309 157 351 206 264 458 299 500 366 444 164 331 450 477 72 192 285 356 389 105 301 
193 203 395 159 494 330 217 250 360 91 265 467 148 421 230 105 426 0 436 421 369 100 251 74 76 274 217 67 336 312 122 137 211 482 482 77 231 67 244 431 
377 285 196 343 383 116 280 194 493 215 114 117 472 71 142 498 295 65 0 271 338 83 100 181 245 81 369 272 263 386 222 400 262 213 95 311 95 369 297 446 
117 463 59 184 190 80 483 395 82 498 165 126 288 215 257 483 454 125 461 0 423 461 182 322 222 345 368 239 146 443 487 91 59 205 307 400 345 93 383 239 
332 136 111 408 374 483 164 112 192 239 72 114 406 411 387 334 255 461 73 351 0 159 59 148 168 214 405 274 265 205 156 211 487 243 479 395 323 461 265 386 
153 211 408 424 116 319 66 401 280 233 180 338 342 189 436 216 109 97 441 80 459 0 96 241 445 496 219 95 319 180 311 411 490 472 318 169 294 343 186 401 
330 369 80 167 418 426 309 133 241 356 73 272 314 327 463 466 78 389 60 103 275 77 0 464 264 255 489 383 500 87 275 156 367 144 187 484 61 319 293 351 
60 355 131 489 376 164 451 97 192 95 107 453 320 342 172 83 96 160 173 302 405 154 409 0 271 455 302 462 222 327 254 73 93 315 154 81 397 475 239 444 
373 284 51 325 104 99 448 344 352 314 223 154 218 328 269 196 282 277 157 455 103 117 234 147 0 138 338 385 486 68 123 429 391 358 186 216 412 235 370 462 
87 390 185 398 315 463 166 461 451 393 324 405 202 391 138 55 479 182 391 220 200 464 149 298 321 0 285 464 439 471 89 401 57 185 292 405 450 254 277 166 
204 376 440 316 77 86 404 290 272 293 180 442 199 143 90 447 171 326 166 316 52 412 423 266 97 214 0 377 497 174 153 370 329 235 309 351 469 102 461 258 
324 253 388 472 403 238 62 105 115 94 222 137 96 133 60 312 180 224 188 384 349 498 460 384 232 268 234 0 200 76 194 409 350 154 52 322 263 447 90 318 
61 134 246 149 387 330 159 405 216 89 299 306 144 296 265 234 234 240 418 140 266 319 255 323 179 258 351 392 0 204 391 416 423 231 162 71 117 198 387 472 
120 182 477 133 484 272 348 217 212 294 135 302 267 160 57 89 289 472 146 180 175 487 302 304 424 414 81 247 318 0 418 425 389 307 401 472 290 172 75 457 
90 320 298 342 293 408 105 332 403 76 428 289 409 170 91 212 93 455 244 497 273 368 421 368 174 321 339 170 199 120 0 127 239 390 131 80 389 246 343 220 
148 369 354 388 277 230 429 440 480 139 390 476 118 257 396 436 138 216 481 258 121 101 91 310 197 173 97 86 369 390 463 0 223 258 73 110 242 253 245 388 
233 91 277 415 159 240 311 302 328 233 489 293 305 296 334 321 444 213 124 236 288 464 198 462 429 428 278 170 181 230 57 120 0 271 491 485 136 230 51 144 
58 235 133 57 246 135 341 66 285 261 141 471 255 311 376 423 446 303 201 115 190 137 329 260 358 319 245 200 500 246 295 264 187 0 134 271 139 426 318 156 
211 285 454 181 491 471 56 413 417 66 320 238 206 407 274 417 471 92 368 171 298 320 172 268 214 463 245 303 388 63 165 98 54 325 0 437 495 296 199 164 
419 215 190 156 128 97 380 251 274 179 325 151 183 144 480 402 64 442 146 318 86 366 433 341 371 465 277 121 260 427 235 385 348 376 491 0 426 179 127 383 
159 463 207 261 145 58 240 497 72 389 350 340 425 215 480 472 85 444 249 364 410 382 98 294 436 180 491 118 65 324 451 175 286 158 386 138 0 166 332 134 
188 427 190 235 107 356 214 79 147 364 485 461 273 366 266 273 57 396 470 125 168 294 283 293 79 391 385 167 263 423 459 157 350 355 342 407 210 0 262 436 
64 332 420 231 104 492 447 83 500 99 53 331 217 297 113 216 82 210 307 407 423 229 121 287 78 426 335 192 343 97 127 357 135 254 87 397 452 241 0 430 
207 290 433 489 213 436 101 135 225 262 392 131 391 120 409 177 356 334 463 498 383 266 331 446 351 291 484 247 243 431 384 400 427 72 144 139 459 403 431 0 

983.2 0 11
983.2 1 6
983.2 2 7
983.2 3 2
983.2 4 15
983.2 5 38
983.2 6 37
983.2 7 19
983.2 8 18
983.2 9 0
983.2 10 8
983.2 11 15
983.2 12 34
983.2 13 37
983.2 14 0
983.2 15 1
983.2 16 8
983.2 17 31
983.2 18 30
983.2 19 29
983.2 20 10
983.2 21 18
983.2 22 24
983.2 23 12
983.2 24 12
983.2 25 19
983.2 26 10
983.2 27 17
983.2 28 0
983.2 29 3
983.2 30 31
983.2 31 11
983.2 32 37
983.2 33 38
983.2 34 13
983.2 35 14
983.2 36 27
983.2 37 0
983.2 38 22
983.2 39 6

