40 40 3

0 322 372 300 178 164 202 280 435 54 103 271 309 464 489 100 390 405 451 67 367 411 408 109 365 130 227 389 324 224 250 308 496 121 315 380 442 467 159 376 
228 0 420 147 487 383 342 87 480 246 244 253 319 361 367 134 226 204 311 114 478 486 314 492 237 141 306 117 82 480 226 409 207 352 262 193 235 103 437 421 
55 180 0 173 324 492 491 409 424 194 426 488 378 411 57 369 148 148 175 422 387 154 354 51 67 206 263 210 391 72 147 311 77 484 190 108 475 180 223 398 
80 148 141 0 164 266 148 484 364 453 365 492 340 225 345 341 242 50 311 158 147 333 255 164 117 239 61 382 420 191 104 74 429 409 165 92 174 264 282 244 
423 146 235 262 0 77 287 310 269 287 120 378 141 159 339 462 433 284 473 314 204 371 124 228 55 484 99 97 157 69 86 352 443 182 293 411 210 79 427 185 
73 253 269 371 363 0 108 332 295 342 61 316 252 382 390 186 387 373 236 190 237 255 226 88 404 115 87 315 482 117 448 373 347 201 142 217 270 407 255 271 
455 266 86 207 354 427 0 99 447 55 492 137 242 454 69 487 357 341 281 378 322 348 326 195 401 477 287 117 453 193 322 223 147 295 260 60 148 393 110 95 
398 101 389 347 261 408 89 0 118 249 320 202 277 374 478 422 274 210 415 341 162 314 370 336 412 371 302 178 469 194 445 270 91 253 158 144 464 273 184 81 
228 454 234 455 328 418 133 308 0 335 498 356 203 312 225 489 430 302 290 314 270 190 259 247 439 462 355 82 181 334 423 213 61 377 153 223 411 277 306 218 
318 303 73 472 321 455 216 457 256 0 213 271 233 353 236 186 291 404 247 80 84 81 453 454 299 85 313 472 202 297 277 371 114 287 150 85 314 312 252 271 
274 415 248 213 267 190 349 265 93 96 0 295 334 334 247 288 132 283 307 104 435 103 87 61 168 324 369 410 138 387 161 115 160 282 69 80 256 209 379 471 
459 181 265 292 465 218 79 304 451 93 358 0 142 146 151 153 471 182 228 381 477 114 248 91 432 481 317 462 236 476 96 206 434 435 177 225 155 345 462 409 
52 54 473 144 357 124 454 328 256 389 415 232 0 453 162 480 140 142 296 101 84 478 355 240 411 289 123 342 394 175 59 59 177 270 482 478 127 312 431 161 
67 319 75 456 479 187 435 118 487 437 377 70 414 0 438 468 80 433 90 373 82 215 382 91 98 152 73 75 436 91 457 303 109 482 328 271 460 221 413 285 
207 349 161 228 470 305 402 500 237 442 372 269 364 461 0 311 412 319 90 438 461 131 150 263 397 338 297 375 298 468 287 289 382 342 156 316 311 411 217 67 
147 158 389 366 228 105 383 140 130 179 284 90 468 140 303 0 120 428 99 445 432 274 231 220 155 280 326 421 297 443 137 314 89 452 410 162 180 465 251 477 
95 381 467 342 104 106 145 174 240 401 119 172 174 56 98 486 0 286 131 406 290 73 493 103 320 201 463 432 87 184 389 63 436 269 236 277 79 499 372 204 
238 480 273 360 360 486 165 346 272 246 251 61 269 451 321 88 151 0 284 226 395 418 115 408 109 90 350 336 120 348 415 481 85 394 253 152 460 238 267 305 
216 219 263 434 438 213 462 233 70 245 165 415 369 437 78 428 234 378 0 470 60 432 384 491 467 484 450 325 444 394 91 248 317 467 461 250 405 380 211 344 
400 162 215 70 237 152 98 371 336 182 341 346 113 224 92 287 208 492 111 0 151 385 360 105 201 326 66 158 437 152 75 487 52 188 202 279 131 304 84 453 
346 216 293 191 487 223 233 480 137 431 297 445 315 156 50 467 189 273 331 332 0 375 356 319 133 250 471 363 332 481 397 284 326 319 283 223 61 456 406 491 
93 336 288 488 357 150 244 79 496 467 360 328 98 216 146 181 172 323 494 454 303 0 146 444 128 416 226 301 427 389 413 174 188 455 168 382 311 268 126 97 
264 299 407 298 347 329 394 479 452 423 228 161 225 325 105 59 447 281 66 129 169 429 0 253 63 139 371 396 156 346 472 203 316 270 317 113 117 145 213 302 
303 135 480 415 66 60 470 75 457 457 91 86 333 226 496 346 315 123 241 421 419 419 331 0 441 189 147 53 463 449 216 471 252 57 206 373 73 217 342 98 
380 54 346 172 337 278 168 390 92 448 337 219 366 256 256 306 151 353 65 320 302 231 290 53 0 445 446 376 468 369 424 65 456 184 117 127 228 345 452 117 
143 399 160 68 264 366 275 276 467 127 498 286 135 435 282 345 379 435 427 346 303 106 117 465 241 0 184 92 419 235 494 242 328 393 352 103 363 218 328 346 
391 161 343 384 247 485 165 91 363 99 225 209 109 281 483 73 472 374 322 390 108 72 338 143 415 190 0 196 484 114 230 329 455 341 379 94 294 363 210 92 
432 466 267 347 281 498 330 61 470 203 333 115 468 355 404 317 476 300 463 460 364 399 495 74 240 129 119 0 240 198 486 282 130 451 499 427 439 497 463 450 
222 165 489 287 340 100 397 156 75 403 326 241 473 224 443 498 170 278 323 361 427 308 142 263 465 141 396 403 0 344 359 108 65 230 97 58 69 147 162 176 
379 64 452 120 244 382 269 448 52 497 270 363 179 284 211 392 455 302 495 358 352 353 172 367 289 219 132 309 72 0 244 191 402 465 349 228 208 230 447 155 
232 443 131 301 329 365 463 220 320 471 421 384 323 480 262 396 269 432 478 284 210 428 425 111 149 480 289 63 209 235 0 169 392 385 457 399 213 78 361 139 
104 88 60 194 117 246 406 463 465 337 197 455 254 124 135 315 430 114 104 444 274 496 319 372 380 275 270 299 303 338 389 0 113 132 155 257 199 351 163 161 
72 206 308 477 410 139 112 432 68 176 486 218 156 237 487 478 324 469 455 122 478 499 217 91 130 322 298 279 380 167 390 402 0 324 405 134 440 250 196 371 
268 79 112 437 185 300 179 370 330 147 324 402 125 322 326 166 158 147 170 387 233 288 276 134 318 387 219 257 136 121 335 111 357 0 397 498 249 403 383 118 
439 481 148 97 105 176 373 428 284 226 97 170 410 335 152 250 359 490 175 323 332 454 157 393 310 260 146 58 370 480 333 308 460 187 0 355 271 313 434 198 
303 160 245 179 69 287 489 269 352 478 151 174 65 104 488 409 364 455 54 129 80 484 168 94 199 306 156 420 325 89 324 335 199 276 464 0 425 62 452 401 
120 185 51 245 201 105 439 109 175 393 320 461 179 60 129 224 209 141 330 336 172 125 159 457 275 385 421 406 153 128 306 224 264 63 175 171 0 325 320 437 
207 420 463 167 98 473 453 272 182 93 308 224 216 384 333 172 365 425 299 270 284 134 283 214 348 296 95 225 328 366 368 485 285 330 151 89 303 0 104 312 
191 354 326 365 276 416 404 155 280 84 404 50 319 488 490 483 91 492 285 473 319 150 340 303 141 170 161 180 179 422 442 320 275 475 391 258 390 294 0 363 
170 85 473 377 354 217 122 92 465 113 327 194 383 183 484 185 274 360 52 405 245 424 102 64 406 76 405 163 173 406 476 293 441 204 376 50 371 448 92 0 

994.8 0 7
994.8 1 20
994.8 2 32
994.8 3 16
994.8 4 30
994.8 5 18
994.8 6 26
994.8 7 18
994.8 8 21
994.8 9 34
994.8 10 30
994.8 11 12
994.8 12 11
994.8 13 30
994.8 14 8
994.8 15 0
994.8 16 37
994.8 17 29
994.8 18 37
994.8 19 32
994.8 20 23
994.8 21 6
994.8 22 30
994.8 23 32
994.8 24 35
994.8 25 10
994.8 26 5
994.8 27 21
994.8 28 38
994.8 29 27
994.8 30 3
994.8 31 34
994.8 32 8
994.8 33 35
994.8 34 11
994.8 35 28
994.8 36 3
994.8 37 38
994.8 38 7
994.8 39 24

