40 40 3

0 393 304 98 463 449 276 194 85 436 290 271 245 379 419 388 365 447 165 129 83 302 88 248 255 483 176 486 160 428 150 350 76 404 398 245 108 380 389 143 
315 0 385 121 267 471 490 154 335 192 270 414 225 71 209 424 484 191 99 469 57 233 325 357 466 229 461 417 287 96 305 137 117 397 208 334 367 404 439 201 
95 415 0 115 478 192 481 401 175 171 206 351 385 145 175 448 317 354 164 233 348 210 244 435 484 140 349 318 457 252 463 158 297 377 430 481 68 410 137 194 
287 500 495 0 171 144 376 325 167 230 439 350 284 355 94 218 338 391 66 155 348 475 117 212 478 200 141 459 219 257 95 119 250 95 320 127 396 195 402 63 
131 340 119 365 0 401 370 289 238 261 305 100 315 486 374 477 464 74 324 178 450 287 223 68 487 475 338 113 127 239 465 347 321 60 416 185 411 493 181 355 
253 436 405 67 178 0 486 250 141 59 73 476 459 310 198 233 52 380 277 115 213 466 286 59 493 52 425 385 413 417 65 474 376 207 135 149 335 120 349 182 
336 128 157 50 144 62 0 440 146 392 216 211 104 388 447 320 381 449 451 265 117 124 280 298 450 193 383 99 479 209 154 160 251 440 475 251 83 487 190 180 
134 112 97 395 450 251 214 0 86 406 164 301 230 238 287 478 395 431 116 200 165 482 304 482 232 450 456 189 484 198 85 370 282 147 417 383 303 167 96 340 
280 418 347 460 155 134 437 256 0 271 259 406 142 240 417 123 178 366 286 317 349 434 352 425 423 205 342 305 458 215 108 297 445 476 351 404 337 435 96 93 
412 305 205 260 251 121 89 379 438 0 325 195 493 466 253 418 144 164 466 399 122 180 213 125 332 188 426 235 232 116 489 482 234 293 186 444 251 258 484 129 
402 308 482 150 480 441 274 123 105 446 0 229 177 126 392 459 164 287 141 349 225 207 93 206 392 93 342 91 294 306 74 129 414 89 110 271 68 258 495 349 
313 441 284 196 273 382 154 387 375 452 442 0 99 159 486 255 257 78 304 298 322 316 79 157 437 118 218 207 343 182 201 191 445 348 181 140 327 63 451 213 
388 403 362 438 268 347 399 231 131 409 479 159 0 432 57 266 368 332 190 74 175 322 432 72 266 487 204 112 313 217 270 233 311 379 94 455 146 147 354 83 
228 469 61 93 400 276 309 474 107 206 254 439 478 0 393 462 451 379 165 269 191 88 245 374 105 123 174 60 426 271 364 459 449 88 227 492 439 453 57 168 
266 213 373 205 397 265 166 347 143 488 323 491 282 67 0 121 337 141 245 347 273 467 417 232 171 456 409 163 150 117 377 268 89 89 140 244 192 111 116 246 
411 310 68 402 298 85 229 135 383 424 188 363 146 312 94 0 268 267 209 137 123 483 220 341 71 259 188 266 157 249 88 353 367 349 371 475 146 163 203 438 
252 333 333 114 430 144 365 404 117 73 247 190 55 417 481 284 0 382 375 500 489 331 294 342 197 142 419 171 446 81 324 139 491 363 422 311 292 272 176 402 
339 406 148 479 168 64 216 402 396 90 157 141 127 401 433 274 250 0 107 151 402 139 181 491 336 495 169 146 493 147 479 395 437 385 493 171 52 264 337 160 
366 134 267 457 211 167 145 192 123 203 293 475 499 425 222 334 419 97 0 186 411 194 165 61 130 256 261 459 258 475 295 368 96 135 341 53 53 458 355 195 
81 57 438 55 262 118 434 302 243 481 439 361 175 310 372 462 65 132 420 0 480 313 422 103 360 56 394 363 59 351 424 411 138 188 105 351 400 173 284 202 
367 265 347 434 146 363 305 107 378 144 234 357 407 155 166 266 368 59 128 134 0 360 259 495 205 397 99 55 296 430 496 204 52 467 257 436 112 119 447 170 
203 90 110 266 448 422 382 213 289 391 499 129 458 257 331 162 153 136 374 155 65 0 369 66 274 336 273 416 154 99 363 481 252 403 90 469 350 462 106 270 
458 448 268 86 405 231 123 273 90 210 146 402 432 221 418 206 263 191 121 368 447 190 0 348 198 93 145 373 149 313 430 125 270 377 343 63 488 280 136 260 
320 52 112 222 191 490 346 103 253 243 174 327 189 71 381 338 114 476 417 420 289 346 496 0 265 429 94 485 172 81 328 138 351 330 407 279 471 397 332 73 
149 74 405 426 214 426 62 258 246 489 174 372 484 227 367 455 362 168 440 485 199 267 122 256 0 303 480 242 274 132 73 53 231 97 164 363 468 89 131 225 
492 119 106 364 309 283 437 471 144 311 166 335 460 383 164 423 392 350 164 372 432 394 376 369 441 0 246 438 165 493 68 340 484 345 396 103 360 385 247 330 
236 57 446 277 224 84 391 353 427 447 467 54 378 116 136 453 263 333 390 378 325 165 218 308 460 320 0 118 319 412 315 356 147 78 57 130 459 92 472 311 
225 418 484 229 52 99 316 455 313 355 101 190 179 216 114 193 382 141 468 407 52 489 262 356 67 270 436 0 232 68 163 494 243 288 233 178 290 490 200 451 
58 54 258 405 390 424 470 83 61 110 257 419 112 246 180 174 470 156 109 201 174 223 401 367 217 341 252 457 0 330 158 163 338 370 372 242 259 51 418 499 
63 478 256 432 296 452 318 420 421 425 236 328 98 165 229 172 332 69 130 495 105 238 157 393 107 235 341 73 237 0 259 71 250 443 484 388 239 435 205 365 
111 336 100 146 385 422 325 263 253 100 343 247 155 287 111 254 345 296 301 368 483 59 145 439 453 129 82 398 270 445 0 262 88 280 69 184 371 441 215 133 
401 265 182 354 126 176 415 86 471 418 337 94 400 347 396 95 55 231 127 403 452 278 371 246 58 146 380 135 294 94 426 0 194 65 107 498 348 233 169 140 
410 86 427 210 192 480 313 444 241 494 278 350 201 55 221 397 270 73 276 356 317 76 281 217 298 94 215 352 485 90 442 394 0 333 125 311 231 104 123 175 
296 323 403 145 475 164 72 371 385 96 354 447 119 136 227 287 141 271 208 199 255 248 141 356 287 216 373 468 477 202 142 479 475 0 251 331 205 122 353 283 
213 155 343 159 225 429 336 462 276 313 376 426 68 123 273 130 360 195 453 83 171 154 383 357 335 133 187 491 412 490 273 124 352 115 0 233 76 250 275 244 
233 88 326 158 313 399 137 393 465 282 101 254 159 205 136 466 246 427 359 236 338 349 215 169 407 487 352 189 444 334 139 176 372 415 491 0 184 313 127 283 
484 115 334 237 224 245 80 397 441 457 255 384 294 310 305 413 216 292 472 111 442 305 200 117 383 114 107 273 133 184 55 323 249 95 267 179 0 290 297 282 
437 253 244 76 253 260 88 373 183 86 100 244 478 355 395 94 237 459 151 460 92 492 221 365 447 266 131 332 262 134 114 405 337 64 432 297 274 0 226 169 
407 262 219 151 239 280 252 283 223 210 140 389 459 338 109 80 284 81 368 115 293 453 386 197 496 400 335 292 381 60 167 494 479 92 351 217 322 102 0 206 
495 470 52 139 428 340 405 214 123 436 82 396 435 485 488 339 236 388 380 479 475 147 145 468 125 188 319 293 216 127 205 418 96 208 56 475 498 412 395 0 

994 0 11
994 1 22
994 2 28
994 3 29
994 4 6
994 5 14
994 6 27
994 7 21
994 8 17
994 9 30
994 10 22
994 11 8
994 12 0
994 13 22
994 14 36
994 15 27
994 16 17
994 17 21
994 18 37
994 19 12
994 20 1
994 21 7
994 22 8
994 23 20
994 24 4
994 25 12
994 26 11
994 27 26
994 28 22
994 29 18
994 30 8
994 31 33
994 32 2
994 33 26
994 34 23
994 35 36
994 36 29
994 37 0
994 38 18
994 39 7

