40 40 4

0 458 268 263 334 461 413 304 358 198 212 165 422 476 376 346 222 218 368 66 199 92 477 364 479 148 67 250 201 70 386 246 478 153 215 67 320 127 321 177 
275 0 483 499 403 214 374 248 386 91 323 403 448 121 135 311 99 440 84 299 348 311 391 300 495 495 465 61 314 92 88 198 73 70 196 183 441 277 137 326 
74 410 0 435 472 481 276 489 287 216 279 85 270 89 427 69 83 177 484 301 197 282 339 345 62 115 248 195 55 475 282 332 499 192 473 227 379 249 215 165 
171 201 408 0 391 240 334 166 481 217 356 281 364 138 327 416 150 392 163 295 398 344 283 436 342 425 408 275 304 363 441 419 484 348 326 130 87 366 246 274 
289 102 262 360 0 397 88 275 253 430 144 254 83 438 487 469 486 412 133 261 422 446 408 96 430 255 373 266 499 445 463 273 234 271 485 93 374 72 74 126 
208 168 330 242 312 0 316 417 53 434 500 264 111 446 378 158 131 339 237 347 338 181 65 317 121 493 301 371 366 79 395 198 237 269 234 185 287 50 102 291 
190 101 261 252 497 139 0 360 127 428 96 181 472 434 196 288 55 189 295 132 261 324 478 410 268 453 143 403 240 350 211 237 491 263 448 449 466 293 64 300 
221 110 431 399 250 126 187 0 255 472 188 338 233 463 71 142 437 230 235 95 176 85 257 363 282 226 311 437 191 103 451 441 481 267 127 136 467 204 480 429 
175 167 473 358 336 250 206 272 0 430 148 74 106 390 281 175 171 457 192 314 354 453 264 295 189 481 372 275 447 282 254 375 164 128 347 228 414 96 385 393 
233 483 417 496 372 404 170 249 116 0 313 62 420 472 276 421 160 463 500 386 409 281 346 491 151 424 93 330 338 347 421 230 79 159 353 281 481 256 401 436 
322 420 204 241 391 186 162 258 148 368 0 143 263 355 439 460 457 119 53 493 407 106 413 343 342 71 195 122 258 157 229 400 429 356 103 376 453 239 244 210 
337 111 59 306 417 205 266 129 274 269 121 0 180 81 484 229 373 261 130 445 225 237 380 124 372 235 177 247 188 122 198 104 409 466 114 421 382 269 186 461 
493 161 288 379 192 478 107 64 445 394 459 169 0 337 95 450 208 280 126 161 174 405 309 229 69 275 293 441 363 61 126 80 260 238 318 138 380 52 402 395 
447 295 109 116 131 154 65 496 141 349 156 265 253 0 172 200 480 153 443 420 466 210 496 252 420 440 277 264 320 279 165 421 225 166 236 291 454 97 63 449 
395 362 312 159 321 434 66 300 293 215 426 465 376 422 0 217 51 361 444 266 387 222 381 63 153 498 250 395 207 53 164 156 398 232 418 263 259 107 279 59 
106 445 191 70 76 112 237 77 180 387 293 273 315 381 494 0 419 134 243 69 291 453 183 153 350 121 70 319 330 334 305 95 390 249 237 411 482 55 354 58 
185 241 58 165 55 145 158 180 229 107 199 226 59 88 330 115 0 159 106 140 440 391 395 485 487 350 221 153 331 227 458 96 118 405 311 233 166 406 97 297 
341 154 446 66 370 485 346 435 350 159 75 289 256 176 274 242 477 0 201 102 307 134 59 109 203 170 370 142 286 275 190 289 322 50 442 95 371 182 147 61 
482 256 293 271 462 420 251 204 396 158 463 409 243 472 469 152 348 338 0 451 340 320 347 129 141 348 277 186 425 409 284 436 390 246 436 367 208 355 324 118 
457 433 80 365 382 258 333 240 105 378 190 151 404 488 230 251 91 457 144 0 222 121 134 157 218 330 299 84 488 153 115 312 316 498 342 181 135 306 220 325 
117 304 465 219 207 208 155 409 456 319 52 177 390 136 492 107 172 290 349 160 0 150 414 178 416 167 227 96 252 483 474 283 100 277 454 476 435 162 130 99 
324 399 101 208 496 394 199 309 65 439 364 382 295 277 60 211 394 237 464 352 426 0 437 134 476 214 88 451 355 407 288 404 437 393 211 144 388 104 293 404 
326 439 267 208 233 495 425 150 144 368 114 203 293 257 494 476 421 288 182 482 194 420 0 141 131 69 302 432 163 112 225 66 389 370 284 303 309 485 227 410 
335 301 230 244 300 437 238 275 114 476 164 95 377 83 187 214 309 439 145 423 51 76 439 0 146 396 429 399 205 413 332 321 455 132 50 198 382 437 142 364 
50 118 478 303 201 267 440 365 76 134 460 449 342 243 143 438 138 72 336 500 191 374 76 145 0 456 76 50 94 220 142 408 427 417 141 229 324 358 168 188 
384 253 355 88 301 97 182 239 392 411 281 148 101 155 381 404 317 164 404 117 334 252 231 260 376 0 322 440 199 180 314 94 270 273 399 65 74 202 404 470 
300 314 250 154 365 111 486 268 135 149 378 409 433 337 140 399 212 412 94 117 298 359 368 275 131 473 0 290 362 174 193 331 181 457 288 285 77 105 477 52 
397 125 380 306 264 216 396 163 134 63 414 409 312 272 276 86 110 249 82 178 129 432 460 260 144 454 252 0 171 265 228 173 162 60 260 174 274 182 69 143 
267 289 57 382 307 279 364 99 95 112 131 224 399 62 390 365 363 343 116 485 314 51 364 426 61 330 99 285 0 463 325 135 436 114 142 317 371 127 180 421 
173 450 258 103 348 478 443 419 340 492 486 80 305 243 151 438 461 431 243 452 393 68 86 328 339 178 351 416 256 0 238 92 135 187 57 395 241 485 93 159 
80 84 351 111 95 300 212 239 260 349 433 212 242 451 248 276 496 133 334 167 95 71 210 387 415 217 281 362 408 324 0 227 438 114 78 499 159 84 417 349 
295 266 488 213 214 194 411 440 189 250 273 306 295 50 222 181 415 145 412 276 52 235 210 441 299 238 195 165 479 319 220 0 273 291 207 436 455 351 103 150 
246 303 130 258 98 130 431 436 252 75 348 234 285 289 394 225 295 338 126 166 317 151 336 89 392 249 232 346 306 492 203 51 0 294 283 259 98 119 189 485 
321 422 88 55 206 83 399 137 84 444 420 200 260 71 242 55 413 197 237 466 453 228 375 454 229 157 420 484 226 108 468 498 236 0 262 259 148 52 364 235 
86 307 155 237 273 383 185 279 51 333 222 223 285 157 97 446 336 204 365 319 137 179 494 341 366 462 99 464 464 169 406 50 183 267 0 444 406 149 128 391 
150 167 113 324 403 220 127 348 262 282 419 287 125 97 280 416 413 449 221 133 412 340 245 168 229 462 111 135 317 397 476 417 63 295 447 0 172 221 74 470 
433 62 388 220 137 192 206 52 104 154 430 394 273 269 138 391 205 306 209 290 122 312 472 246 325 474 399 448 194 423 173 127 191 268 53 485 0 410 209 243 
220 70 172 114 293 148 409 390 303 215 98 299 287 360 477 483 392 450 382 339 144 60 218 428 409 436 431 393 345 346 136 272 366 258 336 158 356 0 451 255 
158 165 59 407 403 370 384 141 468 89 229 62 183 447 230 317 355 373 247 247 424 93 89 195 409 298 481 274 360 188 479 469 303 488 131 412 113 221 0 260 
287 261 439 299 150 385 236 418 239 108 371 193 482 170 232 177 286 236 364 59 96 51 244 271 61 438 352 423 258 280 182 495 247 328 294 347 212 236 471 0 

960 0 38
960 1 24
960 2 22
960 3 36
960 4 0
960 5 29
960 6 30
960 7 11
960 8 21
960 9 21
960 10 11
960 11 7
960 12 20
960 13 35
960 14 18
960 15 17
960 16 33
960 17 0
960 18 24
960 19 6
960 20 14
960 21 29
960 22 24
960 23 2
960 24 28
960 25 30
960 26 13
960 27 15
960 28 5
960 29 33
960 30 34
960 31 32
960 32 18
960 33 6
960 34 18
960 35 8
960 36 25
960 37 9
960 38 8
960 39 35

