40 40 3

0 235 133 206 146 256 352 226 84 328 192 486 265 195 196 475 316 118 267 358 223 203 318 397 425 114 275 270 416 416 444 86 151 76 449 454 489 300 179 73 
334 0 321 265 306 223 412 487 245 236 253 102 165 162 370 61 293 191 286 270 106 409 213 350 266 446 298 219 191 305 348 421 345 376 185 150 98 303 344 500 
245 303 0 101 360 416 178 372 415 319 364 391 131 272 103 431 488 256 436 206 153 240 261 73 84 343 415 392 147 425 235 146 169 488 197 480 159 325 351 281 
350 421 171 0 432 193 432 118 387 394 53 93 497 450 60 276 241 353 190 339 450 321 280 302 441 474 449 420 133 481 477 120 330 397 448 468 296 379 86 183 
479 296 433 475 0 246 199 457 193 51 147 482 207 418 261 459 114 234 163 240 73 143 216 350 424 320 298 391 322 383 183 455 362 430 143 92 382 292 500 74 
500 353 262 206 477 0 229 371 91 169 241 488 193 334 411 249 464 437 497 355 258 136 488 420 204 173 62 246 261 61 452 285 60 60 253 424 488 432 50 285 
308 241 272 451 75 182 0 406 489 118 403 99 83 245 294 453 399 417 221 351 178 232 303 169 450 313 129 373 56 267 373 498 74 114 270 231 346 158 137 90 
434 246 140 223 441 384 175 0 95 56 102 396 391 492 198 267 441 218 102 313 431 319 392 429 100 212 405 281 264 269 124 305 409 320 395 131 467 485 463 61 
247 65 408 345 263 312 111 203 0 236 163 222 167 188 113 302 238 483 206 226 246 181 300 50 90 327 151 171 500 135 341 61 89 112 175 384 325 193 445 478 
136 314 199 253 208 469 261 397 207 0 417 329 404 97 335 160 344 368 262 466 368 103 62 135 142 124 467 476 399 159 176 132 452 440 488 411 355 456 171 251 
370 87 286 273 342 120 383 185 439 144 0 357 62 405 369 147 497 199 320 473 97 429 148 179 137 295 373 498 149 85 169 106 405 413 98 177 254 168 266 146 
313 117 209 325 472 78 178 468 227 448 196 0 482 133 295 367 220 296 240 217 151 275 336 414 179 456 462 62 209 336 278 61 356 345 221 387 316 456 65 491 
389 219 186 370 58 187 444 228 189 183 152 290 0 164 194 410 500 149 127 61 65 414 496 76 476 97 454 362 119 409 133 109 298 59 246 374 67 139 317 453 
279 206 104 275 76 455 185 75 104 262 293 326 382 0 289 108 357 92 62 426 161 177 265 428 181 274 173 55 292 262 78 244 491 442 298 266 468 252 157 494 
62 125 493 338 458 488 397 70 79 165 202 191 292 418 0 118 424 191 448 185 189 416 420 383 163 361 387 135 329 346 242 78 358 73 70 403 237 58 55 258 
87 170 166 435 168 83 259 91 432 206 433 120 329 353 210 0 442 213 96 283 248 392 231 276 457 254 297 115 442 305 120 406 342 447 71 484 114 312 242 156 
450 155 295 276 434 354 436 131 274 239 120 472 130 301 248 293 0 261 251 114 202 55 184 107 103 130 336 86 195 354 486 57 303 140 58 78 280 363 221 117 
136 410 394 107 246 194 61 490 405 262 103 314 474 445 127 284 281 0 413 76 182 473 61 396 275 358 405 60 344 267 231 167 353 347 60 166 92 411 385 288 
72 353 98 336 327 249 169 317 480 289 343 162 261 111 57 243 419 168 0 253 470 385 190 343 444 243 354 317 285 471 201 280 249 53 328 84 86 76 411 353 
55 199 403 374 410 464 138 359 138 256 318 314 141 458 157 291 200 217 314 0 192 187 465 422 387 225 249 177 468 482 294 77 243 443 430 117 109 149 205 418 
237 167 236 51 465 400 365 256 307 81 69 449 425 241 126 311 172 81 195 346 0 62 439 373 255 138 58 78 197 157 440 114 101 107 56 309 71 407 173 484 
420 204 260 368 128 207 200 146 329 231 498 381 450 436 254 411 73 469 196 427 333 0 135 248 140 192 254 399 421 367 278 404 286 188 163 360 473 320 59 118 
355 447 322 236 152 258 196 63 488 371 416 171 410 50 369 500 400 329 154 320 196 382 0 430 188 69 300 499 493 326 264 317 388 418 139 123 69 103 476 289 
297 102 411 418 463 412 493 462 67 322 116 337 224 448 473 362 224 272 116 216 305 87 239 0 192 455 328 472 230 381 447 226 178 499 136 302 461 254 295 179 
271 116 245 314 497 399 287 358 122 265 181 495 69 218 234 418 379 61 389 315 149 335 247 484 0 90 334 285 257 294 286 142 65 108 337 329 104 443 322 169 
64 87 300 59 313 224 450 231 309 217 326 123 316 161 321 299 408 361 291 371 154 283 464 169 342 0 56 205 152 449 233 478 220 477 484 436 290 207 385 227 
466 101 52 296 368 370 116 373 484 427 370 355 287 360 74 163 408 80 74 59 236 257 488 406 234 471 0 341 230 385 432 407 106 483 165 352 106 242 418 186 
225 100 262 286 338 121 66 207 479 304 231 245 490 438 439 395 171 165 442 107 500 373 464 106 111 336 408 0 168 77 82 60 459 132 272 245 176 100 261 89 
78 64 270 480 260 415 418 361 292 83 58 350 289 381 69 345 199 355 460 73 138 492 83 97 330 61 499 213 0 111 466 252 347 481 473 326 447 143 451 308 
385 484 316 234 272 404 254 324 102 315 283 125 404 481 365 207 66 132 205 229 401 170 188 247 357 367 279 304 460 0 436 318 344 175 133 285 398 487 489 428 
295 59 417 126 169 153 197 326 169 280 237 105 180 358 243 133 421 109 118 224 68 54 248 118 179 332 353 283 74 97 0 210 76 107 333 152 433 436 56 466 
312 286 202 367 172 266 109 255 187 375 79 117 149 83 316 217 213 354 70 446 378 117 363 160 381 402 263 314 338 476 279 0 356 261 431 222 139 404 488 100 
90 118 129 364 217 163 179 384 82 483 404 478 117 228 96 227 108 449 196 128 493 171 113 348 138 495 276 434 154 470 484 194 0 87 113 57 461 433 394 344 
465 132 455 198 406 389 245 133 203 400 486 282 392 364 345 446 452 95 221 142 199 397 125 99 190 395 314 150 327 414 444 291 496 0 154 196 402 493 391 241 
196 290 226 184 388 296 479 333 455 281 260 96 186 363 171 236 52 66 256 152 99 169 302 341 164 407 487 272 155 133 463 57 129 396 0 191 223 191 377 55 
145 157 472 191 293 334 69 235 336 292 441 194 341 316 446 388 431 108 130 409 214 213 372 428 499 474 119 221 371 446 433 467 309 404 364 0 101 444 383 494 
486 381 190 179 222 457 332 109 143 146 190 51 66 109 129 445 108 102 63 279 424 459 419 146 267 322 216 74 473 306 274 458 186 415 344 358 0 371 175 418 
220 271 314 221 288 373 301 232 187 353 452 173 483 166 91 335 139 363 51 370 91 63 144 500 199 265 343 57 342 224 181 61 201 201 232 195 73 0 483 133 
418 92 84 90 281 200 131 116 289 200 324 159 242 337 460 448 486 224 497 249 65 220 136 76 127 287 465 273 67 448 356 435 246 391 231 477 297 312 0 92 
293 218 122 158 410 409 117 357 151 498 109 350 269 279 193 295 357 430 259 129 203 413 191 344 158 81 74 342 85 92 140 328 261 213 436 377 121 259 234 0 

616.5 0 35
616.5 1 8
616.5 2 7
616.5 3 13
616.5 4 26
616.5 5 15
616.5 6 38
616.5 7 20
616.5 8 5
616.5 9 18
616.5 10 38
616.5 11 33
616.5 12 0
616.5 13 14
616.5 14 30
616.5 15 2
616.5 16 21
616.5 17 10
616.5 18 14
616.5 19 6
616.5 20 26
616.5 21 20
616.5 22 5
616.5 23 28
616.5 24 11
616.5 25 0
616.5 26 28
616.5 27 0
616.5 28 14
616.5 29 34
616.5 30 26
616.5 31 0
616.5 32 31
616.5 33 22
616.5 34 2
616.5 35 7
616.5 36 26
616.5 37 1
616.5 38 16
616.5 39 31

