40 40 3

0 355 224 397 143 88 119 158 216 68 330 87 300 167 208 369 268 344 174 106 311 499 216 256 486 335 431 332 475 455 134 295 66 64 398 159 103 468 267 269 
242 0 304 306 492 421 220 361 395 270 241 452 288 240 374 494 432 415 425 263 390 135 347 391 151 118 289 467 171 463 441 146 204 244 158 195 164 84 55 266 
60 454 0 217 298 193 297 292 124 212 423 337 308 57 391 198 366 215 437 332 92 399 272 188 102 466 52 455 337 293 216 309 303 169 476 101 312 479 99 142 
190 472 186 0 448 235 76 146 100 448 289 139 490 395 117 384 203 83 386 157 126 385 324 385 187 199 116 445 462 94 250 310 442 221 446 145 407 228 448 213 
175 237 302 164 0 338 370 498 491 159 139 355 442 474 385 82 368 83 148 68 251 399 269 61 96 196 213 192 102 392 139 473 66 82 481 388 370 350 385 117 
215 231 178 156 411 0 62 395 278 302 249 297 53 148 65 271 401 211 434 92 471 81 389 199 98 177 179 436 254 236 76 321 401 464 205 264 375 217 158 152 
469 358 155 228 212 170 0 205 112 88 346 362 265 377 457 414 181 133 92 116 337 278 350 364 386 313 68 356 187 235 464 497 411 77 151 345 446 479 50 265 
66 346 126 488 429 82 401 0 110 372 199 383 209 184 232 72 69 252 91 375 145 483 94 141 149 329 450 201 274 428 201 245 200 253 321 187 181 109 294 448 
432 443 331 347 126 269 369 145 0 471 166 226 323 356 478 414 211 306 119 362 286 497 269 482 403 228 58 89 116 325 333 63 463 483 344 309 108 320 384 204 
290 257 136 112 319 113 233 480 125 0 302 98 362 55 317 99 408 496 314 204 318 138 243 331 307 225 382 115 284 201 206 194 197 413 487 467 231 100 406 417 
382 414 465 243 419 489 499 83 240 69 0 237 57 157 430 94 171 362 426 236 145 333 148 496 481 60 482 203 448 81 108 121 414 228 292 363 147 280 118 180 
470 137 123 233 451 259 278 121 120 203 64 0 422 243 162 417 430 380 399 132 83 186 397 154 306 124 397 376 428 383 444 314 109 287 387 292 237 146 276 65 
423 186 79 345 379 398 261 308 484 159 146 67 0 52 493 378 308 323 481 183 251 364 333 64 423 119 158 421 307 461 197 78 383 89 107 227 418 211 439 432 
195 304 77 419 306 69 52 321 98 484 454 299 103 0 494 70 232 112 385 152 125 345 55 153 227 301 417 161 218 128 99 149 480 109 383 398 122 158 156 393 
207 139 102 212 399 95 232 130 365 116 440 440 167 445 0 93 345 246 460 456 170 294 261 477 273 76 359 377 148 224 484 247 381 329 56 92 228 308 482 308 
172 304 247 319 422 399 118 473 351 77 428 471 322 395 203 0 301 421 269 178 276 443 161 229 323 196 235 121 374 250 309 182 372 113 135 190 241 484 258 213 
334 493 140 61 70 241 214 77 161 189 205 143 131 72 323 160 0 219 57 439 92 257 247 431 336 310 66 232 257 500 197 420 90 396 266 101 416 457 472 443 
325 161 355 418 449 377 240 109 302 455 254 345 418 451 275 253 468 0 498 192 224 498 95 144 87 441 360 345 112 73 316 261 348 183 115 472 132 199 212 398 
451 373 151 51 290 101 484 250 275 481 148 450 234 193 300 478 133 366 0 322 195 389 345 406 443 478 228 415 109 133 333 213 83 205 314 292 201 122 275 401 
347 462 499 52 196 191 302 380 481 375 202 175 470 497 288 413 230 222 83 0 290 305 366 453 94 277 474 336 428 95 317 85 148 486 290 151 388 432 159 267 
168 240 419 50 210 171 288 122 352 216 362 348 471 434 56 64 210 480 107 344 0 281 130 379 136 115 376 444 453 307 102 220 181 293 345 181 209 223 419 281 
74 134 349 128 311 282 134 82 442 321 346 492 101 426 371 187 248 246 130 200 259 0 390 126 146 389 422 278 97 144 403 84 375 244 383 453 54 164 293 293 
312 113 138 303 165 271 173 58 469 125 139 375 90 235 452 187 123 129 415 170 430 317 0 411 60 60 293 219 272 407 462 64 218 75 360 471 397 130 351 405 
98 182 250 179 430 435 130 116 57 416 237 384 345 260 294 111 478 86 280 249 199 242 470 0 123 474 329 94 370 165 151 481 420 490 231 99 419 165 386 485 
380 302 428 470 353 188 471 171 372 263 401 327 413 349 52 242 322 88 493 398 203 143 379 123 0 133 316 379 51 187 264 243 273 272 377 243 332 64 420 453 
142 182 353 419 301 409 422 494 230 460 486 335 369 336 213 198 419 479 76 176 372 498 125 145 269 0 453 338 100 223 257 259 316 145 112 234 397 471 362 390 
407 77 131 241 397 417 160 94 335 345 121 218 217 325 293 312 93 245 356 351 419 319 109 441 414 378 0 381 66 104 243 406 462 270 244 409 373 160 276 418 
202 120 245 126 287 69 369 305 319 321 367 169 446 185 436 386 99 313 266 115 124 459 228 292 436 178 200 0 308 288 426 432 196 253 176 272 246 402 141 51 
221 168 368 96 113 260 482 449 309 51 214 130 125 380 64 123 71 192 273 85 187 406 468 333 158 350 312 110 0 459 159 111 179 277 186 432 340 396 170 288 
411 171 452 247 453 87 469 75 108 367 54 144 260 166 318 300 481 167 111 91 125 220 359 461 447 495 149 286 146 0 269 280 263 390 438 217 98 476 185 330 
290 258 90 384 469 207 408 268 187 282 329 228 113 255 294 74 201 495 173 193 141 392 423 110 488 116 277 292 91 168 0 121 88 133 161 178 101 74 86 75 
212 318 354 146 381 315 390 161 222 385 491 365 232 138 494 292 332 109 276 123 358 150 401 396 233 269 73 284 293 316 309 0 211 133 369 308 465 183 404 332 
355 288 323 426 470 411 175 469 243 442 451 72 299 100 424 401 284 399 180 274 191 447 290 109 79 158 367 250 499 270 289 109 0 265 111 242 441 228 367 165 
177 64 115 200 313 166 330 420 156 228 100 380 125 253 169 184 489 485 257 446 239 234 234 298 449 295 246 145 229 320 261 357 334 0 326 56 354 198 92 273 
304 270 79 391 101 489 266 236 478 457 199 423 195 383 156 200 87 157 396 183 336 215 150 192 500 426 405 109 331 447 332 341 216 118 0 231 475 106 448 210 
83 404 115 456 306 449 318 456 242 425 107 131 261 480 231 403 479 364 308 294 194 461 125 485 384 193 423 358 457 126 274 490 236 339 202 0 492 494 470 203 
236 151 261 317 118 240 255 227 425 325 241 218 469 202 500 209 85 400 338 393 356 414 166 101 357 211 460 104 205 430 258 147 287 225 414 355 0 171 375 81 
302 199 273 470 374 425 225 290 460 124 127 108 186 248 431 238 311 141 197 365 296 333 329 393 326 53 63 180 381 144 419 182 294 191 358 374 322 0 83 163 
488 364 241 95 257 195 232 201 456 323 348 76 326 388 356 425 420 115 438 100 447 289 225 335 82 366 193 406 394 433 69 137 296 467 389 259 368 120 0 410 
79 393 465 105 218 352 167 350 271 233 287 77 386 75 252 220 314 324 119 427 424 51 202 60 54 375 399 263 242 469 173 478 118 344 82 493 195 407 342 0 

1008.4 0 14
1008.4 1 29
1008.4 2 28
1008.4 3 10
1008.4 4 38
1008.4 5 16
1008.4 6 7
1008.4 7 23
1008.4 8 15
1008.4 9 5
1008.4 10 8
1008.4 11 31
1008.4 12 25
1008.4 13 32
1008.4 14 23
1008.4 15 1
1008.4 16 32
1008.4 17 1
1008.4 18 38
1008.4 19 28
1008.4 20 37
1008.4 21 17
1008.4 22 17
1008.4 23 19
1008.4 24 18
1008.4 25 8
1008.4 26 15
1008.4 27 0
1008.4 28 7
1008.4 29 10
1008.4 30 16
1008.4 31 10
1008.4 32 28
1008.4 33 5
1008.4 34 20
1008.4 35 27
1008.4 36 21
1008.4 37 16
1008.4 38 1
1008.4 39 25

