40 40 3

0 184 353 51 237 396 238 106 101 417 328 174 490 137 60 65 364 421 499 231 428 265 108 357 494 349 168 58 485 322 246 455 212 306 456 399 201 400 211 459 
316 0 245 339 61 332 349 76 403 270 281 133 197 253 398 260 453 247 378 461 231 406 207 185 117 219 347 223 370 246 140 84 268 336 373 279 374 221 61 276 
197 292 0 115 344 495 464 311 448 210 188 164 147 301 77 489 368 246 335 297 322 287 388 356 54 430 435 283 59 156 294 493 59 292 107 354 494 70 164 197 
437 58 311 0 83 309 339 71 384 84 112 180 357 349 274 419 109 203 354 98 420 216 342 412 225 341 469 285 334 246 155 481 182 371 291 423 179 336 200 269 
127 470 156 190 0 74 380 108 134 290 168 182 209 90 231 120 473 71 295 464 355 491 119 91 380 196 88 58 81 375 208 301 208 177 407 348 202 493 162 493 
282 488 174 441 77 0 355 267 256 132 62 220 193 259 496 234 138 191 480 353 222 110 61 229 268 395 342 115 303 335 434 295 116 421 176 264 205 237 481 411 
76 249 130 219 459 125 0 160 303 473 139 156 402 199 374 130 417 475 423 238 278 257 378 279 323 299 161 86 210 349 274 327 375 473 408 300 187 239 410 441 
419 255 303 320 160 176 400 0 283 150 322 471 134 285 105 120 315 110 231 107 270 79 331 96 160 60 210 411 197 156 76 344 74 489 146 344 148 479 243 382 
129 272 108 420 263 163 490 77 0 430 221 135 199 457 172 453 117 182 162 234 330 475 467 173 499 211 477 342 310 455 292 398 290 270 212 210 239 326 406 267 
462 126 108 161 290 230 320 113 119 0 188 53 399 163 470 278 161 181 254 210 197 416 208 94 205 428 256 121 373 288 478 139 250 310 404 117 99 341 143 162 
410 281 165 64 394 342 292 55 229 253 0 422 376 168 129 176 79 263 138 151 135 133 335 432 89 144 335 363 194 175 456 62 84 236 178 98 130 226 97 342 
405 56 263 487 174 98 369 410 311 457 60 0 152 296 345 83 335 440 125 197 340 250 152 352 492 339 236 296 175 412 343 223 72 105 192 58 436 240 133 346 
257 90 356 359 336 408 149 378 103 224 74 149 0 180 384 207 171 429 394 174 310 61 223 483 291 279 174 55 214 364 139 59 327 386 122 392 221 236 247 305 
496 421 86 144 308 420 301 185 104 401 309 364 169 0 483 102 410 468 226 171 181 296 260 398 329 145 226 220 73 412 418 328 407 94 120 257 352 246 264 488 
300 165 52 370 491 241 422 156 415 354 277 96 149 488 0 200 184 339 376 355 362 494 272 397 156 72 467 363 375 213 333 118 219 448 327 296 194 275 217 300 
189 278 77 442 133 271 141 268 109 223 122 422 216 100 74 0 78 122 247 147 203 410 431 478 336 134 305 131 279 79 54 78 218 282 312 160 366 82 458 340 
142 181 412 270 103 218 294 339 290 491 436 200 157 366 177 199 0 207 432 280 436 217 491 220 142 273 483 252 345 64 416 184 363 96 302 132 357 470 376 195 
466 123 130 165 437 203 500 135 360 187 121 295 355 111 221 447 90 0 203 405 141 425 320 482 287 367 283 370 430 459 452 124 181 281 411 52 217 113 51 58 
423 189 129 424 494 398 145 196 194 54 100 286 429 370 267 423 443 257 0 499 372 422 450 202 102 438 113 105 361 176 106 370 306 452 205 436 445 309 287 140 
454 292 397 446 427 267 419 349 416 175 347 288 97 53 440 356 197 259 411 0 57 386 224 133 398 175 496 333 327 304 120 173 464 118 70 409 495 494 328 100 
409 209 153 403 463 156 343 319 59 308 436 67 400 159 357 297 492 352 337 74 0 363 407 197 326 231 424 442 225 417 476 275 326 391 379 228 354 241 277 379 
458 85 314 231 435 180 87 439 171 146 275 402 459 388 98 491 118 473 432 500 389 0 163 482 421 54 116 356 358 307 132 236 471 374 256 201 65 386 239 210 
263 335 435 164 500 78 420 490 146 392 178 352 487 291 333 164 51 399 470 115 413 101 0 57 383 182 264 84 404 356 480 113 326 314 498 440 313 282 115 58 
134 213 186 436 407 184 269 70 392 167 490 458 79 297 221 413 185 191 203 88 498 182 151 0 323 202 355 469 221 136 291 229 220 454 122 156 360 463 375 380 
354 492 125 67 278 373 239 397 57 380 99 96 133 438 404 162 139 259 131 66 345 372 452 65 0 81 280 171 392 242 252 478 303 450 103 76 227 182 265 123 
396 352 379 198 435 72 102 304 368 311 385 384 155 463 92 170 250 322 498 348 271 249 326 73 199 0 135 99 132 267 71 413 162 373 291 311 63 314 119 317 
181 380 408 272 485 126 314 362 327 342 359 381 112 315 206 135 464 498 392 95 264 413 458 133 492 456 0 150 261 476 219 285 363 98 399 341 289 476 154 150 
58 447 216 389 265 481 302 351 200 299 449 452 270 117 166 109 108 121 209 75 303 134 310 165 182 416 457 0 177 391 317 485 155 470 200 250 235 387 258 292 
293 264 447 244 484 63 360 92 121 187 458 353 196 91 370 68 430 285 475 106 382 498 90 243 224 447 443 165 0 89 408 163 332 171 109 283 361 122 142 403 
400 487 360 252 389 157 121 407 86 356 381 142 444 135 390 186 309 92 129 180 132 243 293 414 364 352 196 224 424 0 496 333 79 238 399 281 126 55 109 484 
91 171 120 390 115 412 486 251 427 78 86 106 367 279 349 487 349 407 390 279 86 141 111 115 85 216 347 161 221 162 0 351 469 283 178 359 348 296 100 306 
223 335 342 486 201 328 91 188 176 448 77 406 485 375 223 99 410 390 152 277 317 264 335 286 254 463 351 101 465 401 357 0 394 236 406 380 143 233 177 488 
115 124 271 227 315 145 401 121 54 497 430 282 313 401 116 305 154 285 362 205 249 470 269 350 205 174 229 54 113 356 493 178 0 186 263 112 208 359 219 486 
119 215 415 107 234 315 380 246 419 164 107 331 120 76 306 420 438 430 355 443 249 417 191 133 102 404 195 467 469 364 452 295 285 0 367 352 226 388 232 422 
63 102 479 344 379 262 149 54 199 285 359 348 240 482 489 323 291 149 225 257 324 88 209 325 324 282 177 500 376 115 177 389 374 155 0 232 253 123 87 257 
273 322 323 120 61 304 316 91 94 171 266 58 445 304 217 270 334 205 153 89 80 425 216 420 298 78 358 50 358 396 465 130 217 494 408 0 436 53 223 477 
305 344 242 313 495 252 236 264 293 391 123 332 177 498 255 96 296 490 161 52 347 56 223 184 430 423 91 365 427 471 97 231 70 496 494 64 0 248 229 486 
247 326 315 285 453 313 246 256 315 235 367 73 289 373 247 179 58 169 220 374 302 397 177 483 417 173 232 187 127 411 172 324 443 438 108 396 457 0 305 358 
271 246 224 294 241 303 247 370 311 123 296 391 375 192 68 358 315 398 89 453 231 207 331 54 149 475 319 251 431 330 315 408 283 489 409 230 498 155 0 100 
309 228 102 406 103 245 180 167 59 77 413 218 258 326 500 469 426 474 495 383 161 80 198 68 313 393 427 494 147 289 300 162 467 352 67 276 303 198 149 0 

823.02 0 7
823.02 1 26
823.02 2 3
823.02 3 25
823.02 4 19
823.02 5 35
823.02 6 28
823.02 7 35
823.02 8 23
823.02 9 1
823.02 10 27
823.02 11 15
823.02 12 30
823.02 13 32
823.02 14 15
823.02 15 14
823.02 16 3
823.02 17 4
823.02 18 4
823.02 19 12
823.02 20 27
823.02 21 16
823.02 22 19
823.02 23 16
823.02 24 34
823.02 25 22
823.02 26 34
823.02 27 16
823.02 28 29
823.02 29 32
823.02 30 0
823.02 31 36
823.02 32 8
823.02 33 3
823.02 34 12
823.02 35 27
823.02 36 0
823.02 37 1
823.02 38 24
823.02 39 23

