40 40 3

0 53 170 401 120 249 119 397 77 245 253 301 204 122 135 422 317 364 92 303 106 418 265 349 386 68 358 164 446 413 246 435 416 367 335 243 322 405 139 349 
149 0 98 149 60 377 441 188 193 60 231 447 117 355 418 172 240 436 480 110 137 148 307 71 63 380 357 256 201 261 101 500 116 149 355 333 477 51 472 376 
61 202 0 322 128 263 239 250 210 382 436 477 469 83 283 491 304 369 347 266 276 314 318 275 136 173 336 420 356 337 147 232 349 55 260 183 268 206 384 184 
87 75 161 0 55 109 150 252 119 470 98 335 245 118 359 227 412 483 269 87 338 313 184 276 368 189 487 50 163 399 140 298 192 166 165 197 432 265 400 50 
234 204 335 186 0 480 194 119 391 383 338 428 427 150 318 203 468 213 396 225 326 50 315 330 192 187 445 95 118 210 201 325 150 356 160 493 91 60 111 188 
149 400 322 75 256 0 139 435 431 302 86 155 334 86 176 164 435 314 315 481 138 475 181 414 332 243 280 324 284 497 386 422 145 492 243 377 454 88 68 384 
340 104 245 381 348 128 0 251 282 148 65 262 236 247 150 356 78 343 135 108 127 338 200 255 189 191 205 273 352 243 291 442 290 101 394 170 399 472 371 181 
119 142 149 61 339 249 368 0 123 299 209 182 132 254 88 337 393 437 248 165 288 442 406 229 438 214 329 107 112 300 184 450 125 483 306 137 78 261 211 151 
59 370 490 141 123 78 185 223 0 221 383 338 459 80 451 394 468 164 223 281 433 229 171 383 305 154 395 392 182 155 102 490 165 178 236 463 252 264 147 181 
435 237 469 149 267 175 249 442 496 0 422 222 429 151 344 67 406 448 168 53 336 273 105 325 144 440 60 107 398 481 411 78 171 354 254 477 121 379 226 269 
131 354 441 266 455 284 490 116 438 157 0 119 480 136 381 61 231 321 71 495 218 259 405 454 136 466 207 113 293 292 496 61 373 349 452 138 60 443 334 126 
136 441 403 116 77 490 127 258 66 355 459 0 442 113 119 395 407 84 101 470 327 343 465 338 216 69 497 60 79 439 345 156 74 492 265 140 68 461 217 483 
478 72 197 419 342 267 313 248 301 364 424 128 0 206 144 172 128 164 168 346 193 313 190 55 338 388 270 184 407 231 352 145 415 130 293 333 178 59 145 133 
66 215 56 351 127 151 474 206 265 348 51 164 161 0 398 170 449 285 146 339 398 83 397 250 448 477 493 280 362 258 131 445 481 296 207 332 374 308 61 286 
279 359 287 150 226 391 270 381 175 122 220 73 156 116 0 273 310 300 472 90 161 436 378 312 416 381 469 454 461 484 465 246 469 80 239 118 463 129 94 344 
461 167 63 484 480 336 463 289 135 190 85 453 125 170 471 0 248 50 196 201 461 179 373 413 354 403 151 179 365 437 223 415 397 96 184 137 75 471 99 71 
312 447 106 472 71 433 442 269 433 137 177 149 473 500 61 327 0 402 369 212 473 61 385 388 409 188 278 252 420 248 57 441 267 454 254 238 232 186 386 451 
326 474 334 425 202 333 193 235 441 268 397 170 280 282 57 395 176 0 492 146 95 240 153 487 213 107 447 401 289 339 286 446 164 466 487 89 168 319 439 353 
260 206 457 380 436 238 143 330 364 341 426 165 80 286 358 450 99 304 0 350 94 143 343 490 257 64 476 52 389 51 441 449 468 147 405 103 289 349 403 119 
419 243 251 83 274 487 392 223 85 195 280 129 495 329 326 459 343 57 217 0 232 58 158 180 476 462 84 285 250 383 187 319 301 381 277 90 361 263 432 290 
299 334 69 134 84 348 410 493 398 418 210 336 182 74 466 365 242 256 149 442 0 345 287 468 352 167 244 392 478 213 80 267 462 364 494 96 398 97 212 147 
445 129 63 280 469 87 452 333 279 414 432 427 258 218 150 316 91 344 415 275 57 0 445 493 225 64 242 478 168 289 190 265 441 476 278 220 444 71 379 276 
56 292 415 434 257 339 290 72 381 134 437 362 348 381 354 279 151 302 257 270 91 153 0 485 238 128 470 164 72 247 493 54 254 285 419 394 492 258 183 270 
345 474 207 206 77 294 267 307 396 275 270 165 316 373 356 260 207 81 375 436 279 367 197 0 483 358 115 376 349 79 265 119 130 239 483 494 266 276 467 279 
171 241 499 493 264 127 105 474 492 136 348 427 365 215 123 103 72 396 185 128 181 401 404 262 0 139 386 255 111 161 428 341 490 168 95 238 382 173 293 356 
164 380 203 297 451 124 371 54 147 473 189 432 153 89 335 121 385 220 82 447 87 460 494 283 128 0 88 472 460 418 471 315 288 106 469 85 57 299 162 61 
396 341 407 83 444 203 368 65 87 294 97 240 332 57 233 321 135 479 499 94 152 470 116 147 282 291 0 389 289 89 50 56 192 341 170 225 491 323 93 55 
360 337 103 307 375 317 246 403 402 431 401 202 83 126 268 180 359 265 68 354 305 275 117 447 322 237 171 0 312 59 421 74 125 258 334 138 339 150 335 241 
258 265 349 410 54 425 385 391 490 356 165 100 160 390 167 106 418 110 435 230 326 355 254 401 319 87 246 365 0 394 80 105 151 51 160 267 263 292 358 153 
281 214 269 331 324 365 448 137 283 264 71 219 89 132 423 441 402 216 393 266 109 179 77 417 180 395 183 149 186 0 248 253 417 412 228 455 235 92 158 78 
81 373 306 250 412 389 379 108 497 301 451 469 116 129 252 483 467 146 373 115 282 120 318 406 482 252 360 423 295 468 0 208 82 340 464 283 459 108 161 66 
311 169 468 486 235 96 445 218 269 297 90 335 286 367 359 191 348 111 257 477 112 431 184 144 271 355 133 229 413 452 452 0 431 120 419 416 305 222 116 473 
441 364 269 275 149 135 341 290 189 402 253 373 464 183 56 314 404 117 398 339 481 349 498 167 175 416 289 430 344 356 159 285 0 219 134 266 74 427 106 70 
322 214 273 194 177 406 408 198 66 475 302 111 211 357 108 328 482 475 324 411 74 179 276 309 104 361 282 128 494 338 148 315 52 0 371 460 386 483 123 290 
499 97 91 110 259 398 168 293 379 349 116 497 374 452 479 389 55 95 170 340 88 215 194 354 424 271 69 65 254 142 306 252 396 103 0 68 154 452 394 154 
86 242 220 289 322 379 268 211 384 313 87 431 108 459 124 412 138 102 187 154 306 486 166 264 381 219 283 242 377 383 346 414 124 65 202 0 153 394 176 70 
485 440 314 171 498 273 452 165 361 53 58 221 309 494 337 280 374 263 269 322 139 151 167 52 432 390 412 291 490 87 311 474 233 125 351 437 0 348 303 308 
415 306 316 136 322 65 179 308 146 392 76 418 238 384 85 240 315 425 358 106 414 152 123 144 335 198 445 272 252 247 79 167 260 102 460 81 117 0 138 95 
213 237 121 338 425 455 373 371 476 53 229 288 417 331 362 267 372 266 212 350 469 165 136 342 131 188 57 162 462 145 414 382 88 485 219 463 195 298 0 334 
378 301 269 165 217 306 233 435 177 206 353 234 381 224 320 429 306 214 436 174 382 287 88 263 326 279 188 288 425 436 328 302 236 303 173 160 108 113 301 0 

825.66 0 11
825.66 1 8
825.66 2 25
825.66 3 21
825.66 4 23
825.66 5 19
825.66 6 33
825.66 7 13
825.66 8 24
825.66 9 38
825.66 10 11
825.66 11 20
825.66 12 15
825.66 13 24
825.66 14 23
825.66 15 1
825.66 16 31
825.66 17 31
825.66 18 35
825.66 19 35
825.66 20 29
825.66 21 25
825.66 22 15
825.66 23 26
825.66 24 32
825.66 25 9
825.66 26 35
825.66 27 19
825.66 28 5
825.66 29 38
825.66 30 6
825.66 31 16
825.66 32 35
825.66 33 31
825.66 34 26
825.66 35 19
825.66 36 12
825.66 37 9
825.66 38 21
825.66 39 25

