40 40 4

0 376 186 166 237 113 405 132 394 289 232 422 191 467 258 342 168 260 294 107 276 201 62 481 393 451 455 167 52 365 403 97 240 88 213 427 359 325 265 252 
320 0 448 173 217 414 381 58 289 347 58 346 122 209 114 103 101 271 264 425 273 128 328 77 74 122 240 452 431 271 423 182 90 370 62 465 491 149 473 279 
447 482 0 331 275 397 151 84 205 373 298 129 352 132 407 379 157 480 326 315 166 96 237 55 137 314 67 101 60 373 280 496 319 468 326 94 365 183 335 276 
55 133 355 0 358 422 469 443 78 204 268 99 320 315 287 325 158 100 98 416 110 422 195 105 447 370 137 247 234 270 82 460 483 372 70 96 293 489 489 78 
192 257 127 219 0 278 364 250 386 170 299 301 437 427 202 248 373 71 91 120 462 68 152 177 50 230 198 96 473 393 84 257 292 498 335 461 275 405 210 160 
282 215 167 218 141 0 320 173 465 97 214 84 59 439 393 186 439 329 90 241 301 434 276 265 225 480 99 185 255 454 101 121 235 267 239 160 358 265 490 78 
68 410 319 284 349 211 0 421 287 246 217 235 498 357 217 262 81 196 67 423 401 227 231 229 413 448 174 279 61 145 268 90 163 177 359 398 232 277 74 226 
473 241 411 226 98 127 194 0 336 273 211 466 381 389 196 316 57 143 440 493 361 84 467 401 197 350 467 301 82 243 325 258 215 273 168 148 77 245 292 363 
224 210 328 311 305 230 126 68 0 79 65 60 391 306 477 291 454 326 257 461 114 206 286 322 128 58 196 226 85 391 468 154 322 177 189 339 432 369 416 450 
399 187 216 289 444 399 286 153 432 0 250 113 496 162 105 318 240 113 464 416 355 111 140 460 139 267 148 428 406 223 99 111 121 237 485 116 387 383 353 246 
314 309 65 66 421 121 334 161 391 53 0 283 246 321 373 412 166 347 266 94 252 439 350 69 60 293 53 126 386 387 185 131 407 200 354 423 121 425 463 439 
71 223 221 267 494 94 385 367 391 150 167 0 349 296 467 368 62 260 128 138 352 465 481 434 371 180 287 50 458 418 463 152 439 185 80 413 386 331 297 252 
428 154 125 276 400 91 350 412 57 428 256 360 0 148 443 500 226 330 493 226 494 410 188 146 104 80 176 467 172 457 471 130 384 124 205 366 230 453 215 348 
217 350 310 283 448 253 282 173 289 274 105 282 390 0 451 378 444 481 260 167 359 216 137 439 306 418 143 171 354 302 93 201 469 149 217 251 96 176 483 427 
415 463 238 197 108 188 281 259 375 492 376 233 414 463 0 171 427 136 471 97 440 273 347 347 448 446 63 199 249 397 388 175 311 107 119 214 165 258 202 374 
132 400 456 72 313 418 193 239 260 371 494 199 350 340 252 0 297 493 473 446 241 369 90 122 179 147 191 100 469 399 252 99 238 151 54 260 170 179 159 116 
389 236 109 295 85 155 497 333 147 469 485 338 337 74 410 223 0 378 101 480 347 206 438 396 394 88 400 360 415 78 470 481 174 205 296 419 448 402 415 280 
255 140 471 93 183 252 209 112 129 260 91 426 173 479 77 66 273 0 184 377 188 212 102 375 92 464 171 461 411 279 376 397 484 222 124 76 355 326 443 418 
161 409 215 294 81 194 321 305 173 455 388 67 374 440 393 416 159 270 0 377 70 499 459 173 482 180 247 265 485 279 207 158 391 115 324 184 354 224 455 158 
103 166 496 121 246 435 220 161 93 440 244 320 194 409 200 175 88 153 146 0 280 383 303 144 480 125 174 163 429 348 324 86 402 440 81 229 392 222 399 53 
472 94 454 499 238 363 198 363 157 301 460 143 390 469 445 369 93 118 238 228 0 417 62 264 74 208 51 253 100 223 151 310 195 195 470 400 383 88 97 452 
403 104 167 496 201 343 196 276 386 265 465 114 181 233 84 412 391 86 164 197 466 0 472 213 367 166 183 266 255 221 69 413 123 124 287 326 482 129 472 257 
221 236 428 492 123 160 76 241 51 319 355 405 284 326 118 151 198 458 367 159 178 387 0 72 459 217 65 491 405 144 462 161 315 405 296 63 234 406 89 426 
163 114 280 68 348 313 343 449 461 300 72 327 184 165 105 142 332 120 132 236 214 301 103 0 235 412 349 248 145 462 494 277 124 314 57 142 162 76 191 317 
243 441 339 69 125 210 124 424 492 401 263 434 321 63 244 56 181 299 461 276 260 211 53 335 0 475 267 183 343 500 325 160 242 472 205 469 96 366 299 471 
113 200 440 254 471 209 448 233 340 246 194 322 213 111 325 498 292 298 387 135 297 418 452 246 390 0 156 421 436 228 219 162 292 369 101 496 96 260 199 279 
306 151 179 128 314 240 159 67 239 408 161 324 411 78 275 363 418 137 283 110 72 453 222 314 77 481 0 65 123 447 421 353 253 71 238 331 92 429 196 316 
167 103 427 197 221 456 178 290 373 265 73 189 287 232 362 307 466 98 78 89 251 449 148 210 227 92 247 0 269 471 394 84 344 447 218 247 374 173 375 164 
252 347 394 392 340 125 460 354 297 264 382 92 465 87 397 175 264 440 372 239 166 472 480 217 175 197 414 499 0 76 496 369 486 342 262 133 388 93 299 241 
341 62 330 139 233 367 487 114 337 426 193 75 91 164 54 258 289 409 379 495 191 374 363 176 422 332 259 309 375 0 264 257 422 483 86 61 216 403 498 487 
239 179 179 471 220 50 231 185 496 139 63 490 281 143 353 163 64 184 129 323 265 343 286 394 326 322 405 248 431 158 0 234 376 287 120 346 213 120 77 104 
115 373 324 105 153 417 164 474 187 54 102 217 269 395 453 162 220 275 273 174 412 137 359 288 130 429 133 50 255 367 311 0 320 240 135 131 99 258 452 72 
152 456 124 319 432 226 478 300 152 252 280 277 164 367 135 158 204 270 241 204 475 315 465 50 54 306 339 310 271 290 333 373 0 453 163 191 384 339 168 390 
442 127 169 218 448 487 59 105 190 279 52 100 460 317 64 460 77 321 298 338 91 295 170 170 247 490 311 337 329 185 226 477 469 0 346 194 172 88 410 227 
435 188 230 485 147 253 255 313 281 282 318 118 79 112 445 199 65 434 216 108 469 108 284 445 76 336 138 199 130 498 132 64 392 68 0 255 489 272 461 58 
52 242 326 327 272 388 271 421 159 204 344 217 173 402 451 324 428 494 413 333 123 166 416 138 265 434 343 460 205 59 468 414 252 293 240 0 230 387 217 150 
496 372 200 212 251 101 370 74 480 363 193 68 436 66 434 280 488 368 330 447 279 339 415 400 297 414 139 477 301 63 334 52 141 484 215 342 0 85 291 122 
271 153 473 289 295 245 223 282 232 297 318 178 282 156 299 181 160 420 478 136 427 491 420 429 131 404 350 179 195 140 458 416 450 430 204 245 174 0 133 233 
356 380 50 241 369 363 246 500 473 165 233 316 91 430 235 471 267 345 76 396 490 167 110 161 116 490 316 67 371 399 250 433 486 457 173 110 320 370 0 316 
499 241 500 314 490 429 256 460 403 100 486 298 297 359 114 408 426 104 430 443 181 85 400 113 70 356 444 337 175 69 152 381 260 151 194 249 287 156 415 0 

1004.4 0 15
1004.4 1 18
1004.4 2 23
1004.4 3 31
1004.4 4 13
1004.4 5 30
1004.4 6 29
1004.4 7 32
1004.4 8 19
1004.4 9 5
1004.4 10 28
1004.4 11 5
1004.4 12 32
1004.4 13 38
1004.4 14 38
1004.4 15 22
1004.4 16 19
1004.4 17 19
1004.4 18 22
1004.4 19 33
1004.4 20 22
1004.4 21 23
1004.4 22 4
1004.4 23 32
1004.4 24 12
1004.4 25 17
1004.4 26 27
1004.4 27 23
1004.4 28 6
1004.4 29 23
1004.4 30 3
1004.4 31 21
1004.4 32 30
1004.4 33 15
1004.4 34 2
1004.4 35 4
1004.4 36 6
1004.4 37 20
1004.4 38 36
1004.4 39 26

