30 30 3

0 471 182 375 203 285 189 143 416 455 393 498 64 84 318 398 358 401 209 154 435 155 293 454 129 482 63 419 204 229 
330 0 226 406 218 308 108 453 203 201 124 158 300 329 379 335 353 276 192 253 192 52 187 297 295 347 377 484 361 51 
394 89 0 87 327 201 463 134 260 171 287 167 453 151 418 281 481 252 133 256 150 92 154 153 230 402 154 76 485 344 
143 242 238 0 389 487 64 90 205 355 300 82 348 417 485 450 334 472 186 292 311 148 393 354 253 252 290 361 112 72 
101 407 166 500 0 351 261 486 121 301 397 182 307 430 480 224 170 185 264 349 321 56 366 420 399 219 379 150 215 239 
419 445 290 325 317 0 289 382 77 482 209 329 134 341 135 270 321 65 147 456 280 446 277 286 311 403 391 237 281 247 
158 470 165 102 466 197 0 369 461 78 397 198 445 432 490 285 273 259 312 289 356 268 68 57 251 60 75 360 157 262 
140 354 370 316 225 179 488 0 372 498 204 157 150 353 101 288 98 336 61 307 148 300 370 122 74 133 79 291 158 389 
398 370 479 458 447 50 182 332 0 488 54 85 191 161 186 250 419 424 298 461 435 312 315 441 181 387 221 264 172 462 
129 60 115 205 245 72 151 245 205 0 189 439 416 225 337 283 117 293 201 491 91 368 182 109 183 329 240 276 50 210 
399 218 496 409 284 201 154 306 302 105 0 217 198 495 339 373 87 121 440 330 479 186 127 347 74 186 480 354 132 255 
110 293 153 278 288 62 268 195 373 281 204 0 428 448 352 178 287 224 215 114 370 252 93 55 329 390 80 466 369 140 
97 123 200 96 434 184 91 446 403 236 74 183 0 390 452 337 241 337 330 171 258 395 491 460 438 497 289 83 283 461 
158 373 57 438 279 311 371 413 352 72 315 294 96 0 204 184 255 492 131 91 77 253 299 422 243 466 115 446 461 355 
228 421 463 307 184 401 85 445 271 449 52 294 470 297 0 96 381 187 301 372 268 98 155 471 104 77 421 69 349 366 
236 204 301 156 166 314 497 66 350 198 495 54 407 495 230 0 203 90 110 340 342 188 315 146 294 285 200 77 205 426 
132 278 161 286 285 474 159 98 471 382 398 375 132 158 281 126 0 339 191 167 155 481 215 294 51 311 87 287 462 321 
198 387 403 182 255 396 417 228 261 466 405 142 119 279 225 435 60 0 57 273 201 174 134 388 339 378 390 357 171 383 
74 442 287 167 101 176 372 447 92 100 207 264 455 55 90 234 437 475 0 451 445 454 151 325 87 245 371 172 341 227 
293 223 251 442 217 368 493 343 447 195 141 497 108 112 451 320 152 391 257 0 333 341 408 286 198 439 79 150 309 201 
441 242 445 371 199 142 294 67 134 136 464 486 227 216 93 496 373 119 147 471 0 326 430 67 440 422 216 379 452 72 
394 152 463 136 303 89 285 395 333 58 235 419 228 427 353 150 470 348 474 89 202 0 444 121 338 461 268 260 383 353 
418 161 453 69 124 88 79 163 80 180 203 295 366 328 474 499 180 123 469 235 303 264 0 143 453 91 431 170 65 190 
259 368 314 371 321 334 445 115 119 314 352 249 223 147 321 51 120 320 181 400 495 122 410 0 465 215 362 262 353 482 
278 493 241 352 307 111 379 347 262 445 172 282 296 127 456 149 155 457 219 425 344 326 175 417 0 235 139 338 96 351 
190 285 335 390 476 187 403 293 65 456 261 216 127 493 219 204 204 318 309 160 244 440 455 69 321 0 127 461 166 171 
56 224 312 498 58 408 229 195 310 472 418 472 232 133 98 432 302 459 135 327 475 453 70 170 407 296 0 442 240 256 
314 117 469 488 379 467 497 493 195 398 58 374 315 480 312 155 284 450 163 243 85 440 424 488 216 300 150 0 462 448 
96 424 262 163 393 249 249 115 452 241 467 350 250 96 371 229 359 476 464 308 139 413 99 285 92 293 452 342 0 393 
169 290 195 300 258 309 399 457 57 464 409 455 186 465 411 233 335 347 298 67 310 312 156 429 362 147 227 154 305 0 

638.22 0 13
638.22 1 18
638.22 2 26
638.22 3 4
638.22 4 11
638.22 5 13
638.22 6 23
638.22 7 15
638.22 8 4
638.22 9 10
638.22 10 28
638.22 11 19
638.22 12 0
638.22 13 8
638.22 14 4
638.22 15 10
638.22 16 7
638.22 17 22
638.22 18 6
638.22 19 0
638.22 20 14
638.22 21 18
638.22 22 20
638.22 23 11
638.22 24 10
638.22 25 2
638.22 26 7
638.22 27 14
638.22 28 23
638.22 29 14

