30 30 3

0 133 405 396 145 140 449 146 78 230 362 323 371 478 467 202 398 230 287 141 106 227 352 151 188 69 152 96 365 232 
105 0 166 71 461 61 166 307 216 470 336 396 87 158 473 64 124 381 412 61 167 259 117 100 111 425 446 130 77 492 
201 259 0 96 317 281 263 84 153 70 251 329 112 353 366 220 326 136 51 413 254 62 80 464 336 130 74 260 75 361 
494 273 61 0 253 76 85 240 496 119 99 272 76 379 334 380 451 54 412 87 55 324 291 274 110 461 109 398 485 75 
179 101 69 403 0 320 479 185 355 425 180 180 230 159 207 108 443 293 266 203 204 303 415 234 300 188 295 261 454 192 
452 480 321 260 255 0 430 79 440 114 384 120 452 63 300 110 220 115 259 219 331 413 129 340 327 314 346 466 315 313 
175 213 265 154 484 475 0 115 170 53 261 441 143 331 148 156 131 208 83 403 174 459 233 86 88 279 363 352 124 84 
166 388 210 329 359 70 68 0 89 343 395 299 103 336 392 385 190 254 222 349 494 124 229 453 63 265 491 292 334 98 
366 125 421 460 492 456 318 61 0 230 357 110 125 155 164 167 497 255 307 458 183 362 451 464 90 159 233 61 356 475 
346 404 96 421 324 56 168 486 80 0 386 216 388 447 291 249 317 164 453 278 177 410 167 490 116 130 286 226 313 298 
81 494 350 192 89 477 466 302 144 452 0 333 480 374 427 182 164 175 449 485 127 226 161 487 343 357 310 179 350 486 
198 354 273 191 203 415 438 386 137 239 236 0 295 278 215 168 204 104 489 330 52 229 163 436 340 357 485 404 166 164 
253 151 312 313 130 454 466 252 147 107 339 336 0 293 340 321 214 458 475 268 202 60 271 381 174 413 427 237 397 86 
353 60 289 210 79 101 290 239 273 492 336 86 86 0 378 329 132 198 494 296 380 261 448 146 238 84 477 150 218 213 
498 254 65 264 250 225 293 57 222 482 281 420 317 73 0 457 402 353 295 99 102 91 429 69 245 75 258 280 51 114 
448 422 318 408 437 82 157 162 81 165 334 63 152 460 86 0 175 172 438 478 418 244 79 459 379 306 410 404 63 189 
162 334 343 83 152 251 226 391 114 338 422 229 378 191 331 338 0 435 457 460 128 190 133 322 427 91 201 232 452 311 
452 347 179 285 397 419 143 354 145 484 418 189 162 354 274 59 184 0 318 444 347 484 279 244 117 307 377 365 214 108 
72 232 266 370 117 257 473 487 351 82 338 90 450 233 409 59 213 419 0 194 481 118 247 221 103 197 288 361 73 152 
281 338 175 463 103 251 80 311 430 273 368 462 110 164 167 500 73 177 213 0 198 77 400 473 481 120 76 178 358 143 
201 217 374 490 98 93 299 55 123 109 435 346 183 152 162 298 476 161 77 152 0 80 225 179 431 404 367 50 186 495 
115 486 195 489 360 391 86 403 190 91 232 456 232 77 139 90 396 387 65 56 170 0 375 294 345 260 224 455 126 431 
141 120 252 126 473 240 192 363 276 301 259 73 483 215 462 266 60 51 161 153 274 375 0 273 148 168 117 358 98 278 
435 235 369 54 438 202 233 177 344 96 160 145 61 390 334 226 352 100 236 109 211 95 333 0 292 318 187 410 141 496 
214 370 186 400 445 397 93 146 130 220 197 383 86 292 394 427 332 327 278 382 269 337 300 315 0 377 91 132 63 452 
224 265 372 93 401 271 488 298 314 341 378 241 488 467 277 279 360 410 317 186 187 199 406 231 449 0 220 314 490 302 
327 197 232 299 276 275 199 253 470 203 67 310 287 465 297 253 448 282 113 358 98 456 251 454 361 188 0 402 287 452 
148 296 486 51 478 284 484 253 433 237 429 343 461 238 129 425 241 333 128 473 152 436 277 314 394 231 382 0 81 339 
168 240 193 414 225 402 148 459 385 107 147 121 486 440 81 430 276 212 170 315 291 349 417 433 125 437 326 62 0 318 
114 352 437 304 495 106 479 152 204 193 488 468 290 108 453 437 347 382 419 58 258 233 55 106 356 439 182 292 471 0 

465 0 18
465 1 28
465 2 3
465 3 18
465 4 9
465 5 24
465 6 3
465 7 12
465 8 14
465 9 22
465 10 23
465 11 15
465 12 18
465 13 12
465 14 19
465 15 23
465 16 22
465 17 11
465 18 27
465 19 15
465 20 21
465 21 7
465 22 4
465 23 22
465 24 25
465 25 1
465 26 1
465 27 14
465 28 13
465 29 21

