30 30 4

0 233 378 208 374 210 156 230 435 257 97 391 343 484 65 326 241 151 112 201 81 210 349 202 235 60 416 101 354 357 
479 0 154 297 112 68 377 479 174 106 414 138 361 304 431 100 320 463 291 177 75 199 209 442 254 361 383 265 484 191 
118 96 0 376 429 99 439 447 426 417 327 483 330 415 99 341 102 149 367 64 147 494 89 52 409 238 256 270 120 471 
460 261 295 0 55 137 223 105 75 376 481 198 410 219 235 80 475 75 132 124 148 147 221 348 393 223 257 130 185 233 
201 156 192 168 0 157 404 255 87 459 487 169 196 392 78 121 126 109 96 358 191 377 456 495 304 59 144 233 266 224 
368 449 131 230 347 0 457 338 251 418 131 416 405 250 318 52 486 146 128 94 399 192 442 275 354 193 78 363 287 468 
129 217 335 284 55 65 0 338 462 109 88 379 397 210 490 146 235 492 338 331 326 382 229 224 80 210 77 430 445 391 
216 412 226 139 246 216 144 0 468 53 312 283 298 191 179 459 387 483 193 135 320 230 167 202 409 342 439 325 369 368 
269 466 290 180 398 379 132 114 0 230 100 117 492 333 366 389 219 80 276 201 430 117 471 159 234 379 274 75 317 98 
395 391 317 116 387 203 465 266 285 0 78 202 91 352 193 131 424 82 300 454 64 451 139 131 177 248 315 56 472 97 
79 276 198 177 299 264 63 452 228 486 0 444 463 187 485 315 331 115 445 119 121 155 133 71 244 421 199 199 442 412 
170 489 441 153 393 324 402 157 338 354 91 0 323 297 54 461 488 75 498 103 470 116 174 124 406 403 75 82 308 224 
230 219 100 426 366 203 318 190 105 425 478 165 0 223 56 168 227 223 155 459 220 415 428 493 89 259 154 198 284 393 
456 458 123 381 57 255 246 211 72 142 473 204 326 0 344 377 333 462 310 55 116 268 433 238 195 181 277 160 493 181 
394 141 136 351 421 467 115 175 419 483 198 61 455 108 0 337 54 435 376 466 451 382 288 218 70 476 119 408 459 230 
156 139 123 248 432 181 168 398 246 294 73 228 198 84 389 0 256 127 393 397 454 114 103 91 352 271 111 84 96 225 
493 276 332 132 106 286 63 444 404 168 189 404 191 123 308 432 0 218 270 58 110 166 462 174 426 52 232 196 320 266 
450 252 259 432 83 97 488 75 317 187 185 191 82 89 88 155 103 0 470 79 324 235 139 196 196 470 122 406 202 268 
225 174 424 183 383 356 423 186 343 448 210 237 133 351 269 379 390 131 0 432 115 160 255 300 457 402 203 426 474 108 
334 448 490 459 372 173 97 434 95 441 483 250 150 219 333 207 439 418 303 0 69 349 369 386 311 375 342 419 77 475 
148 342 308 302 88 473 380 418 70 313 463 461 296 419 317 465 458 474 159 375 0 277 178 431 352 271 241 433 112 366 
217 86 464 58 101 265 96 73 145 464 300 164 183 467 410 308 283 375 266 464 484 0 140 447 369 70 54 139 468 437 
408 333 153 201 52 369 252 268 171 482 119 135 489 440 475 455 350 282 445 431 254 164 0 170 345 317 245 121 321 334 
89 464 449 128 117 149 131 192 107 105 313 295 381 154 490 320 335 445 169 324 145 99 77 0 466 427 372 282 171 444 
309 212 239 272 160 317 95 466 154 237 279 209 257 280 89 361 270 360 196 421 479 470 272 285 0 253 237 211 125 225 
332 275 484 494 220 462 360 243 57 325 348 451 310 56 207 90 96 275 310 162 177 437 140 353 208 0 131 105 395 292 
180 119 331 161 309 80 87 270 391 281 484 422 128 435 232 341 348 479 143 122 495 255 249 431 346 101 0 138 183 157 
483 426 494 308 463 362 323 493 399 92 383 386 76 61 220 461 243 61 64 428 154 137 422 360 92 352 412 0 144 196 
94 458 385 226 207 192 395 275 465 388 174 263 477 266 289 488 437 456 437 204 471 364 308 314 285 374 356 343 0 492 
206 489 293 370 129 225 284 271 120 58 442 214 182 412 190 155 200 385 91 363 321 245 89 185 259 353 176 340 415 0 

517.75 0 27
517.75 1 25
517.75 2 20
517.75 3 25
517.75 4 22
517.75 5 15
517.75 6 27
517.75 7 10
517.75 8 3
517.75 9 20
517.75 10 12
517.75 11 4
517.75 12 3
517.75 13 24
517.75 14 6
517.75 15 12
517.75 16 20
517.75 17 12
517.75 18 19
517.75 19 10
517.75 20 16
517.75 21 22
517.75 22 27
517.75 23 24
517.75 24 12
517.75 25 17
517.75 26 24
517.75 27 3
517.75 28 16
517.75 29 12

