30 30 4

0 124 406 135 107 491 267 431 360 212 184 341 340 147 51 126 70 238 457 188 79 158 401 370 444 406 345 371 338 429 
411 0 298 52 316 139 110 307 357 247 373 275 381 213 114 478 421 191 254 159 354 392 188 218 292 57 161 404 108 238 
448 243 0 149 246 452 171 335 268 428 191 465 301 172 345 220 237 79 141 134 490 457 438 382 144 155 380 358 473 491 
172 210 438 0 365 65 390 316 187 225 84 114 122 255 121 245 307 292 188 336 139 272 81 95 416 413 396 70 500 460 
249 490 131 409 0 183 202 181 73 468 318 248 258 138 76 464 210 478 477 208 165 312 297 143 99 98 58 463 444 285 
218 403 240 414 484 0 356 96 185 487 119 359 304 73 324 392 100 494 308 284 470 466 156 488 469 249 86 66 465 255 
216 456 179 118 196 92 0 308 51 139 199 488 208 58 498 232 88 389 489 81 404 479 257 125 134 244 94 334 487 317 
298 449 484 460 127 308 155 0 170 323 156 259 472 143 173 236 347 355 274 236 99 61 346 78 268 421 162 218 221 202 
412 245 206 360 435 166 437 242 0 271 106 64 134 71 243 434 195 429 281 256 410 223 306 421 68 90 396 439 409 320 
367 111 231 111 267 90 496 139 234 0 444 361 497 215 445 68 408 378 213 336 365 175 245 87 187 373 105 227 268 251 
136 87 117 404 476 178 377 272 380 467 0 456 323 327 453 488 478 471 395 111 390 438 427 271 182 464 409 54 276 135 
479 477 428 273 93 331 248 428 208 470 307 0 381 182 336 207 134 324 391 311 425 208 407 362 341 177 251 61 85 462 
287 378 441 263 61 213 62 99 167 440 464 136 0 246 344 268 81 257 108 111 147 369 243 61 482 104 353 159 61 364 
401 474 357 485 414 119 253 333 131 302 450 70 265 0 85 473 315 60 260 71 118 78 375 194 271 386 382 325 445 247 
337 64 148 310 371 339 430 196 298 262 277 99 211 53 0 70 453 232 335 219 443 112 288 471 437 188 241 323 69 272 
474 267 315 489 121 331 359 166 260 55 415 228 489 220 145 0 249 448 98 431 489 267 129 101 261 306 488 155 497 66 
382 476 491 148 290 235 426 328 93 91 87 305 212 473 50 139 0 117 249 86 372 386 74 139 466 332 106 271 320 212 
475 92 93 206 82 398 202 267 323 480 67 120 274 78 490 246 285 0 128 313 240 164 185 126 395 481 298 227 86 275 
253 455 456 295 254 161 84 358 314 57 387 500 74 214 273 310 203 469 0 94 281 489 285 151 173 117 252 360 365 185 
396 346 388 107 302 390 67 169 424 376 433 431 469 189 212 182 412 472 335 0 381 272 322 369 263 179 248 86 382 107 
157 273 209 454 161 473 255 50 247 374 424 329 63 110 297 202 272 430 320 450 0 471 200 429 293 275 398 178 229 435 
266 286 91 490 202 495 150 174 456 357 371 86 487 199 306 96 203 214 75 132 484 0 231 309 391 159 308 372 57 437 
101 198 202 93 446 191 452 197 498 333 152 110 410 395 303 109 200 106 469 364 131 307 0 104 312 115 445 178 374 72 
392 310 123 89 218 374 485 116 325 181 113 157 491 381 67 385 183 333 292 239 57 362 76 0 314 416 95 379 116 223 
459 139 114 268 419 153 193 499 344 259 80 232 78 394 222 165 167 106 299 450 104 244 457 417 0 271 477 88 316 356 
155 489 314 451 309 289 125 168 432 331 462 397 361 193 181 461 121 297 128 385 95 77 439 496 241 0 355 266 217 394 
288 279 255 483 300 412 291 88 243 409 226 280 127 329 347 477 460 308 98 256 386 433 57 169 371 53 0 360 433 269 
284 82 57 269 494 246 68 161 488 313 354 152 489 134 436 317 431 413 484 445 217 239 330 356 247 450 433 0 250 65 
121 225 299 153 439 275 146 185 293 464 379 106 318 481 301 158 173 325 295 292 308 240 459 497 69 70 450 225 0 453 
406 241 74 131 490 384 276 264 481 167 264 200 496 320 468 233 327 332 356 151 334 147 409 280 312 162 55 332 111 0 

583.8 0 14
583.8 1 27
583.8 2 20
583.8 3 10
583.8 4 10
583.8 5 1
583.8 6 14
583.8 7 9
583.8 8 3
583.8 9 8
583.8 10 13
583.8 11 13
583.8 12 1
583.8 13 9
583.8 14 21
583.8 15 10
583.8 16 27
583.8 17 9
583.8 18 17
583.8 19 18
583.8 20 14
583.8 21 20
583.8 22 21
583.8 23 28
583.8 24 18
583.8 25 8
583.8 26 24
583.8 27 15
583.8 28 7
583.8 29 17

