30 30 3

0 153 378 263 202 452 365 319 448 224 53 115 51 314 393 226 172 322 141 143 316 74 321 384 60 84 406 367 89 333 
411 0 392 437 495 154 138 446 225 407 394 155 167 459 156 431 107 89 103 135 180 403 402 411 223 285 177 465 397 250 
260 437 0 160 151 373 155 462 217 307 186 331 407 292 204 365 154 134 179 193 394 471 79 296 372 440 226 363 323 190 
467 72 400 0 403 183 258 482 495 219 405 301 112 442 208 110 145 279 214 437 164 114 330 135 143 333 213 290 58 76 
112 405 493 135 0 60 151 268 268 339 469 194 243 476 463 185 183 72 487 169 443 423 283 56 460 124 150 292 288 390 
56 314 452 411 62 0 293 421 370 267 396 208 235 89 157 211 258 499 100 280 486 219 429 164 209 436 123 283 292 121 
70 388 127 90 339 488 0 102 339 165 422 105 60 336 291 306 444 208 270 442 465 256 183 184 184 298 99 119 127 332 
117 199 353 455 276 149 50 0 471 202 339 342 330 394 352 166 391 364 316 305 133 464 270 339 147 404 229 151 209 55 
228 491 122 133 99 77 360 199 0 77 86 107 122 378 387 466 436 259 113 55 74 368 345 245 137 390 342 247 118 199 
406 123 377 153 196 217 202 430 283 0 107 213 319 164 285 196 258 250 338 467 313 343 248 388 187 443 475 76 491 222 
144 189 334 425 272 437 120 439 346 256 0 221 403 419 246 274 203 392 482 159 229 204 179 278 402 66 415 100 247 441 
90 175 292 436 460 216 415 396 493 353 241 0 248 281 351 166 477 124 75 125 105 184 60 466 313 289 368 329 203 174 
283 351 422 408 349 357 367 64 478 470 263 331 0 417 461 318 267 333 50 341 114 125 152 248 343 118 268 131 192 96 
491 72 85 97 444 444 396 57 310 410 485 279 379 0 71 403 95 95 169 378 96 217 442 171 75 397 464 350 164 301 
492 417 292 271 453 339 214 396 235 428 412 351 169 398 0 437 397 300 482 443 419 360 489 342 57 159 368 160 330 424 
274 130 172 191 128 393 350 174 313 245 115 241 156 416 116 0 53 352 463 59 334 405 185 400 393 477 163 259 100 274 
295 475 254 375 146 395 210 245 451 334 57 195 399 455 58 70 0 70 268 129 484 278 169 144 169 275 244 145 388 453 
403 368 247 133 122 328 436 223 244 180 174 77 187 75 426 142 290 0 203 369 58 282 108 493 401 203 368 382 397 219 
269 105 121 344 302 411 172 336 346 345 80 232 225 314 126 458 447 425 0 247 149 293 462 137 352 210 244 261 77 125 
157 247 100 212 318 394 220 436 65 262 488 117 499 220 292 313 296 249 259 0 427 203 358 219 164 445 277 325 188 488 
352 470 351 98 69 269 123 414 195 265 185 408 252 252 406 178 251 218 180 206 0 183 106 359 247 483 474 191 259 54 
85 454 356 54 304 161 281 280 441 401 425 205 85 332 163 495 445 292 452 369 422 0 157 52 235 467 249 217 196 147 
182 200 389 135 55 150 146 373 381 376 69 281 56 431 72 339 94 66 490 92 468 358 0 220 125 360 405 298 316 121 
444 169 254 143 57 95 355 157 398 435 488 480 454 475 487 385 498 81 185 270 70 227 238 0 378 397 69 445 58 73 
467 129 467 135 89 316 142 342 377 457 446 311 200 426 265 175 168 356 379 199 247 148 426 180 0 336 59 76 111 454 
84 134 176 371 307 261 166 122 110 458 450 273 404 260 423 85 231 304 203 293 182 352 246 281 484 0 376 323 493 403 
141 203 193 225 329 270 483 297 387 311 357 100 467 336 210 227 258 245 164 62 154 164 401 212 360 181 0 195 236 211 
188 345 302 341 244 233 169 221 422 172 314 233 235 364 199 70 281 132 279 476 454 498 130 324 398 292 390 0 79 438 
332 447 332 383 248 172 127 187 498 54 109 170 318 292 355 181 197 376 412 487 154 144 440 358 431 470 255 429 0 359 
491 122 191 437 404 73 391 282 357 78 280 117 137 400 385 135 254 273 489 129 391 475 440 485 170 297 171 139 259 0 

581.4 0 24
581.4 1 14
581.4 2 7
581.4 3 19
581.4 4 24
581.4 5 13
581.4 6 11
581.4 7 25
581.4 8 11
581.4 9 6
581.4 10 20
581.4 11 28
581.4 12 13
581.4 13 27
581.4 14 18
581.4 15 3
581.4 16 3
581.4 17 7
581.4 18 0
581.4 19 21
581.4 20 13
581.4 21 24
581.4 22 1
581.4 23 3
581.4 24 11
581.4 25 4
581.4 26 20
581.4 27 12
581.4 28 5
581.4 29 10

