30 30 3

0 187 180 420 183 385 331 422 94 247 56 250 98 58 346 131 410 421 448 65 83 313 440 345 269 495 276 403 67 304 
160 0 439 441 291 114 330 382 395 251 426 141 464 175 396 472 228 478 137 148 181 152 181 444 91 232 213 293 459 115 
310 262 0 433 455 409 430 68 238 311 413 195 444 260 159 118 156 337 296 340 425 151 227 76 489 170 325 221 89 117 
386 362 133 0 147 294 87 262 430 105 450 240 224 351 183 434 216 459 296 53 461 342 428 111 68 210 100 396 241 478 
435 308 363 296 0 147 216 296 184 428 225 446 133 416 169 434 305 310 150 470 105 360 431 398 494 492 416 410 298 311 
151 275 453 409 137 0 248 263 303 251 397 437 426 99 69 97 218 210 353 478 310 322 290 376 459 187 369 207 309 278 
455 327 379 437 279 495 0 280 233 257 83 434 360 470 116 409 246 163 334 406 222 67 422 251 307 297 209 200 165 366 
216 393 77 249 479 464 478 0 473 450 417 436 483 107 295 209 173 411 405 286 244 66 215 468 438 416 275 234 331 181 
105 404 103 204 431 302 389 150 0 486 361 99 403 52 289 460 54 204 132 415 315 124 365 331 289 88 475 204 313 415 
242 201 226 145 254 380 282 56 269 0 138 492 336 394 150 95 389 109 99 92 398 220 113 473 291 394 468 329 124 172 
349 489 120 500 214 215 460 301 447 222 0 276 291 214 318 184 70 363 73 130 412 322 234 338 386 206 128 486 174 164 
110 52 463 305 122 218 226 494 384 477 196 0 106 459 437 477 276 120 497 139 350 333 257 172 67 95 264 430 380 249 
310 494 65 68 456 321 347 380 497 340 264 229 0 486 320 187 178 52 169 456 499 258 305 332 222 183 105 267 397 241 
146 146 51 347 161 276 302 188 123 389 391 169 152 0 119 362 178 463 490 180 339 445 178 96 250 216 268 139 478 241 
487 219 94 339 220 391 206 202 399 345 275 287 235 395 0 145 61 256 273 230 452 403 68 397 288 322 146 210 296 235 
188 244 428 357 288 266 283 385 423 435 283 474 417 277 208 0 311 372 426 273 145 363 224 254 381 327 248 409 423 409 
412 365 96 155 499 159 149 265 392 484 394 82 473 367 449 249 0 281 466 121 414 445 423 276 376 383 363 202 131 479 
332 490 390 403 292 495 401 401 350 372 499 333 472 287 305 338 443 0 261 326 164 88 239 109 217 221 191 99 83 343 
387 61 174 132 401 283 374 151 184 481 451 262 235 490 234 473 51 278 0 171 262 103 285 300 499 344 467 219 485 272 
460 84 159 471 415 241 128 198 322 436 332 302 387 93 488 132 484 216 133 0 262 337 345 315 121 351 70 172 317 239 
363 296 198 397 405 376 312 145 454 460 173 389 498 426 482 297 169 321 281 91 0 404 249 134 456 63 205 306 290 83 
330 480 397 125 384 500 236 259 67 87 419 477 211 64 230 343 252 478 462 72 465 0 52 183 213 343 138 433 498 150 
223 288 186 409 391 261 499 390 203 465 408 241 383 140 402 153 77 451 356 261 412 134 0 225 170 267 144 463 111 283 
216 212 456 454 348 120 100 316 119 197 225 290 311 416 172 401 73 276 428 474 338 395 141 0 422 119 261 189 420 430 
250 203 353 168 158 62 223 436 113 489 261 260 213 50 70 336 379 177 115 361 312 296 198 206 0 387 327 483 355 466 
402 284 422 104 343 90 420 356 470 355 419 214 322 385 133 78 405 419 407 288 241 475 99 487 379 0 463 373 205 445 
227 377 346 218 299 401 60 95 320 122 64 381 247 228 202 131 311 437 242 437 343 481 177 73 286 163 0 403 248 242 
107 192 420 435 489 344 440 389 110 241 415 183 462 295 380 396 203 218 413 139 410 349 188 146 232 212 383 0 101 114 
130 294 378 273 213 68 468 263 214 112 323 405 477 212 122 478 92 468 387 260 381 476 376 436 370 473 375 81 0 355 
426 352 435 219 230 414 138 248 137 351 413 199 381 73 382 92 146 359 134 320 245 100 200 427 427 343 297 399 217 0 

545.5 0 20
545.5 1 27
545.5 2 26
545.5 3 14
545.5 4 8
545.5 5 19
545.5 6 25
545.5 7 22
545.5 8 21
545.5 9 5
545.5 10 23
545.5 11 3
545.5 12 18
545.5 13 14
545.5 14 10
545.5 15 2
545.5 16 13
545.5 17 27
545.5 18 2
545.5 19 13
545.5 20 25
545.5 21 24
545.5 22 23
545.5 23 13
545.5 24 21
545.5 25 15
545.5 26 24
545.5 27 28
545.5 28 1
545.5 29 15

