30 30 3

0 341 399 193 191 434 63 219 270 115 481 159 69 132 217 130 112 260 395 400 257 339 112 421 125 225 129 122 242 331 
274 0 236 172 379 135 313 312 355 482 82 421 462 398 440 93 114 276 362 80 170 261 287 215 80 208 291 255 494 363 
447 325 0 344 389 447 222 474 466 241 329 447 480 456 165 377 395 415 197 377 277 227 253 244 220 419 481 134 209 235 
335 278 388 0 159 121 483 312 50 457 277 241 492 430 220 447 301 303 97 216 450 424 199 383 176 393 102 301 374 394 
216 315 228 445 0 410 93 272 392 355 479 348 338 426 95 474 352 248 275 154 295 197 310 425 346 399 308 445 208 108 
74 101 275 340 279 0 426 249 322 404 140 383 383 195 427 308 240 400 160 439 381 471 440 77 488 365 129 386 172 74 
93 437 98 144 211 144 0 129 343 343 401 247 190 490 336 335 416 350 281 72 216 426 403 187 122 187 381 437 473 266 
315 497 66 251 302 160 169 0 396 447 462 446 347 415 135 337 250 176 459 307 163 481 473 89 140 366 161 484 246 304 
456 219 118 209 235 75 461 101 0 194 356 498 363 301 345 277 142 388 234 268 102 247 138 83 219 177 380 292 495 363 
488 54 318 413 329 233 147 354 193 0 199 255 256 196 117 263 247 100 356 341 491 330 394 237 418 183 163 301 62 405 
51 131 148 55 155 61 334 339 365 395 0 482 63 149 444 417 423 207 163 229 269 211 220 98 104 163 223 444 483 230 
212 143 439 293 242 444 154 460 485 443 324 0 379 181 94 478 124 461 156 488 330 335 256 491 261 61 94 375 441 244 
357 170 406 207 108 405 399 259 266 114 243 208 0 144 328 95 188 61 377 355 167 364 185 208 120 175 420 338 427 294 
278 170 357 154 283 63 420 394 168 385 159 439 334 0 74 83 161 119 428 172 446 283 496 66 418 203 343 92 122 180 
225 122 164 346 186 268 335 406 394 228 281 278 94 219 0 111 118 459 222 187 387 100 340 169 95 356 293 456 198 91 
77 328 267 150 198 319 493 416 153 398 66 87 178 294 131 0 348 112 199 306 491 337 399 298 383 67 343 238 310 298 
386 108 82 420 325 389 324 143 381 446 453 278 462 490 163 463 0 328 461 74 477 473 271 69 372 68 402 145 118 346 
162 122 438 220 154 113 495 249 387 344 129 333 296 114 294 492 227 0 463 319 394 243 52 366 465 71 444 239 180 89 
307 476 408 380 170 127 240 233 328 440 120 171 275 403 173 339 196 164 0 65 366 190 165 108 192 482 72 420 181 262 
306 427 275 489 334 361 158 167 101 341 445 247 411 322 472 313 445 67 216 0 316 289 81 212 405 346 110 142 369 480 
273 337 493 200 111 481 240 423 138 358 230 429 302 427 96 331 154 115 482 378 0 488 297 167 275 215 71 121 275 163 
440 462 142 483 454 292 93 190 483 222 485 340 402 413 348 84 215 178 396 281 160 0 273 475 163 146 250 85 167 321 
310 487 467 478 129 205 187 371 248 327 109 177 311 155 78 431 210 320 352 338 215 339 0 204 194 314 74 291 63 109 
164 90 125 151 263 103 230 418 447 307 372 481 367 499 291 228 284 428 388 103 487 433 475 0 325 136 375 138 367 165 
358 426 280 154 51 381 367 104 317 491 50 123 119 481 196 117 479 375 107 162 469 367 148 401 0 341 180 244 216 268 
110 87 333 487 317 437 488 404 60 298 220 257 54 50 326 242 196 150 427 277 207 295 246 74 394 0 146 121 280 340 
494 498 157 81 86 143 104 474 337 215 240 134 141 447 345 141 273 86 495 373 219 271 79 465 467 310 0 114 320 138 
344 159 131 97 266 162 134 115 424 107 402 138 297 242 436 450 294 77 222 86 71 94 256 499 331 220 466 0 347 284 
285 435 127 150 66 174 123 385 465 188 64 71 297 359 74 245 295 475 489 322 403 75 99 448 281 97 485 207 0 269 
331 441 53 473 274 361 489 154 434 129 119 328 144 347 124 453 128 76 247 102 64 275 211 296 80 158 283 335 349 0 

652.08 0 1
652.08 1 5
652.08 2 8
652.08 3 6
652.08 4 27
652.08 5 11
652.08 6 23
652.08 7 6
652.08 8 23
652.08 9 22
652.08 10 4
652.08 11 22
652.08 12 22
652.08 13 12
652.08 14 1
652.08 15 8
652.08 16 20
652.08 17 21
652.08 18 10
652.08 19 24
652.08 20 4
652.08 21 28
652.08 22 7
652.08 23 12
652.08 24 15
652.08 25 18
652.08 26 10
652.08 27 11
652.08 28 7
652.08 29 8

