30 30 3

0 223 325 114 326 129 157 499 405 88 319 381 186 53 463 255 482 420 464 259 429 107 405 321 88 266 495 448 399 107 
85 0 414 280 360 479 312 196 135 66 100 381 335 431 66 94 149 479 283 275 442 492 203 255 153 230 500 369 431 448 
475 489 0 483 144 475 99 122 287 245 415 303 51 295 345 188 311 389 287 289 378 268 437 126 177 398 229 358 398 304 
495 345 485 0 239 83 129 214 339 201 451 290 115 460 291 116 60 185 134 156 178 129 484 396 66 109 73 414 288 137 
67 299 338 362 0 283 77 152 362 241 197 270 398 438 91 357 435 158 124 120 449 230 455 77 213 107 300 480 130 421 
474 424 438 272 261 0 56 262 288 158 330 235 305 99 132 449 141 196 384 456 270 210 404 450 371 431 369 428 438 104 
264 358 78 187 295 56 0 155 301 268 149 409 98 335 421 147 173 125 445 319 459 156 88 375 59 244 246 197 320 173 
134 374 388 442 158 281 236 0 165 386 488 139 242 152 187 76 279 492 406 355 192 225 69 299 470 151 64 421 347 211 
240 226 295 320 320 443 429 101 0 179 300 193 373 389 385 475 283 167 461 481 73 71 379 455 90 177 424 191 399 344 
244 109 290 421 111 110 240 53 245 0 498 389 251 191 261 346 282 443 128 400 403 315 179 180 401 133 427 284 56 118 
182 107 68 242 347 195 303 163 142 62 0 114 139 402 315 487 369 161 269 311 446 375 420 468 260 99 368 343 477 151 
105 301 284 162 75 476 216 221 485 329 313 0 253 150 402 361 415 389 230 75 364 247 228 238 167 195 448 423 62 497 
155 370 308 162 153 421 188 335 343 115 75 378 0 378 279 478 486 139 393 130 75 174 444 273 108 388 146 253 91 275 
472 294 381 342 102 249 201 229 387 487 71 208 61 0 399 85 497 133 278 343 232 358 368 356 302 140 171 396 443 374 
194 218 102 438 98 150 490 53 301 218 147 494 239 305 0 55 345 341 258 428 118 100 159 182 175 221 190 472 342 86 
415 423 230 132 231 167 387 331 364 390 131 81 487 332 478 0 292 93 322 339 301 456 163 108 321 295 233 248 192 204 
90 228 325 219 164 407 400 488 293 230 351 390 67 139 376 349 0 116 374 148 144 419 400 306 81 458 126 83 397 324 
225 307 120 159 132 496 480 489 395 223 489 331 281 134 105 370 216 0 160 436 90 259 286 215 365 91 247 78 167 487 
425 197 418 231 475 283 313 470 469 58 121 191 253 158 422 337 420 291 0 52 287 433 92 496 218 465 116 259 211 144 
132 404 68 280 77 456 461 310 269 186 278 484 464 175 236 122 97 72 248 0 94 281 485 234 324 236 402 495 302 368 
205 396 450 315 170 436 342 126 152 358 101 289 342 84 252 467 477 80 270 499 0 279 71 279 470 255 309 206 156 303 
214 230 214 110 180 235 230 322 283 62 425 140 113 213 188 147 171 362 123 202 338 0 328 187 359 314 363 113 329 68 
427 132 440 156 52 500 493 238 436 315 471 449 239 318 268 158 212 122 279 73 402 431 0 362 230 324 427 250 187 491 
78 412 173 367 351 486 370 106 479 314 249 500 491 404 238 308 171 346 471 243 331 250 145 0 262 318 81 292 245 281 
185 442 309 97 114 176 154 306 252 211 491 65 410 490 55 313 434 70 190 486 247 140 317 203 0 235 285 472 473 76 
216 253 212 157 268 466 428 150 326 440 352 487 431 367 152 420 129 171 110 356 68 95 102 158 362 0 255 343 146 226 
71 380 148 481 298 462 248 263 145 349 88 85 407 282 466 481 140 141 109 262 201 171 487 454 223 144 0 315 184 193 
168 117 214 498 422 194 295 384 392 264 479 447 58 270 354 497 442 90 137 83 356 105 441 477 91 150 406 0 185 416 
89 328 290 363 248 287 285 392 288 168 490 258 353 437 473 123 497 470 64 86 313 304 392 368 452 124 165 101 0 480 
56 223 68 90 463 138 288 456 373 386 243 247 375 207 99 67 180 379 63 149 150 306 412 160 404 486 111 478 357 0 

642.51 0 18
642.51 1 20
642.51 2 28
642.51 3 1
642.51 4 21
642.51 5 1
642.51 6 17
642.51 7 11
642.51 8 6
642.51 9 0
642.51 10 1
642.51 11 6
642.51 12 8
642.51 13 12
642.51 14 4
642.51 15 1
642.51 16 9
642.51 17 24
642.51 18 19
642.51 19 13
642.51 20 15
642.51 21 0
642.51 22 23
642.51 23 1
642.51 24 13
642.51 25 20
642.51 26 22
642.51 27 4
642.51 28 5
642.51 29 16

