30 30 4

0 482 154 236 405 463 231 485 88 107 489 148 158 316 393 126 319 347 458 215 119 499 468 86 401 492 309 213 104 248 
162 0 453 436 474 395 340 436 332 81 230 145 69 329 254 91 428 86 360 482 495 75 100 493 249 136 149 448 151 69 
51 349 0 181 210 491 361 311 331 53 350 118 233 445 344 268 198 385 403 235 451 384 436 232 190 184 432 483 490 379 
133 58 136 0 189 397 296 179 464 313 216 467 162 284 407 107 334 381 462 425 283 196 376 166 131 107 62 472 245 495 
462 123 128 226 0 416 267 122 418 152 86 231 319 259 99 309 165 156 350 253 118 274 486 471 149 359 309 414 371 280 
365 366 448 195 200 0 174 110 173 453 479 275 489 209 93 248 258 109 119 121 409 78 396 182 64 122 489 373 381 158 
450 368 473 315 315 167 0 221 195 228 344 148 206 119 343 121 369 297 85 428 123 363 92 151 465 432 165 87 420 244 
418 77 194 492 256 215 63 0 374 387 208 101 437 62 464 55 356 84 131 152 326 265 432 189 308 83 153 239 405 397 
365 149 315 148 500 62 354 421 0 75 227 63 234 485 451 246 448 456 308 238 86 167 271 58 98 410 316 131 269 261 
487 166 125 342 187 223 341 199 76 0 468 225 461 482 165 445 432 117 149 143 376 337 387 249 314 395 297 430 417 135 
199 177 121 71 252 169 415 181 216 320 0 414 183 251 374 164 366 319 302 190 418 396 272 461 489 471 275 139 267 411 
55 352 316 182 179 337 140 298 458 478 464 0 278 391 354 235 265 468 308 290 477 448 414 128 219 374 116 396 355 205 
369 266 417 428 81 98 106 125 395 111 289 372 0 281 273 262 134 459 233 309 266 473 492 213 386 119 138 467 392 240 
77 303 108 500 219 486 288 474 299 363 368 360 358 0 446 347 131 414 188 89 147 203 61 119 194 431 212 470 68 178 
117 465 205 370 72 205 295 58 443 268 307 61 342 373 0 369 494 426 206 407 113 245 53 473 463 330 373 393 492 342 
167 169 409 131 80 485 154 235 279 162 384 253 175 151 301 0 254 227 294 179 383 201 450 335 411 422 297 240 295 190 
231 343 307 106 459 389 137 443 249 78 429 361 169 181 242 270 0 189 446 447 433 124 86 340 73 371 251 202 167 441 
203 63 379 252 77 435 210 416 278 360 371 63 495 438 182 382 179 0 158 70 124 312 454 405 348 293 185 218 250 337 
91 191 246 312 276 448 339 210 365 461 195 431 331 208 425 268 96 62 0 397 204 290 227 466 243 338 69 242 473 444 
199 65 242 340 261 53 322 416 342 482 487 58 383 417 339 297 97 106 343 0 316 209 254 105 142 426 54 430 446 454 
159 389 152 174 337 198 142 340 470 264 388 207 250 396 90 373 234 337 176 497 0 387 442 412 140 498 53 65 258 190 
217 211 299 313 313 179 149 217 271 440 186 241 83 344 441 430 140 69 370 183 195 0 123 69 344 485 366 97 245 382 
305 385 305 223 390 117 242 68 217 410 290 363 302 481 396 352 178 325 442 404 402 332 0 99 475 351 149 459 217 196 
410 305 207 294 109 380 183 177 329 202 100 238 198 413 246 385 64 98 269 340 246 173 448 0 77 429 422 135 284 136 
302 186 497 313 343 497 128 430 387 462 465 295 61 202 199 180 398 290 195 202 59 241 399 389 0 188 426 73 316 60 
307 158 68 443 154 87 492 358 166 177 451 334 141 245 346 500 394 232 154 390 377 306 399 324 204 0 494 218 337 66 
484 347 323 142 122 265 453 159 464 66 482 140 467 316 232 418 368 231 67 99 91 408 183 348 62 457 0 258 56 175 
94 72 365 148 346 213 427 317 373 292 280 145 274 371 112 296 309 236 163 246 254 212 288 368 101 135 380 0 58 99 
386 390 351 409 461 205 461 381 131 277 253 373 264 104 353 134 373 148 393 109 261 345 69 180 132 387 438 424 0 473 
202 474 359 298 80 474 259 235 190 346 72 417 305 151 180 359 455 471 232 309 119 498 277 415 66 163 497 159 100 0 

469 0 4
469 1 17
469 2 6
469 3 25
469 4 0
469 5 6
469 6 9
469 7 11
469 8 17
469 9 20
469 10 26
469 11 0
469 12 27
469 13 14
469 14 0
469 15 5
469 16 25
469 17 8
469 18 14
469 19 25
469 20 7
469 21 25
469 22 19
469 23 21
469 24 16
469 25 17
469 26 28
469 27 28
469 28 20
469 29 9

