30 30 4

0 237 336 442 189 450 250 270 61 170 495 168 106 81 357 250 67 418 482 203 205 334 229 471 374 492 187 313 231 136 
231 0 445 323 273 142 462 222 98 231 440 426 432 108 482 219 171 439 236 295 420 146 206 254 325 384 127 316 277 146 
498 363 0 83 198 185 306 497 354 235 95 291 174 227 430 439 208 148 316 146 335 318 273 187 474 477 462 357 310 485 
133 162 482 0 446 195 386 338 207 382 398 392 183 188 273 116 117 211 275 423 234 127 464 51 350 150 475 326 111 88 
342 95 171 454 0 283 324 355 375 161 62 464 58 404 353 403 176 420 227 94 194 149 278 478 112 486 328 419 216 360 
480 254 202 282 376 0 362 271 199 424 146 66 436 316 281 95 168 390 222 87 116 473 438 422 457 416 240 442 450 158 
157 309 345 362 217 333 0 444 286 103 349 209 406 365 144 221 145 189 96 485 117 340 308 89 278 436 496 400 176 193 
105 491 57 364 335 369 288 0 167 68 73 428 367 232 333 231 82 261 82 428 307 66 252 146 80 291 130 467 494 236 
349 393 291 339 400 362 174 475 0 149 498 493 379 425 359 317 465 296 349 225 328 483 238 101 234 90 338 232 171 304 
432 113 152 324 111 198 224 423 322 0 405 278 75 398 156 207 463 423 171 259 478 102 293 460 497 344 401 86 389 132 
414 192 63 478 51 93 295 199 474 217 0 227 379 445 252 483 307 165 445 229 286 410 206 94 203 372 90 253 272 334 
141 110 454 284 330 431 492 130 432 190 103 0 148 123 432 299 81 170 105 197 115 284 189 475 196 234 177 275 481 137 
253 70 228 314 475 218 350 161 209 430 93 105 0 484 191 178 171 441 210 292 252 357 113 487 252 87 389 436 422 163 
173 58 367 193 236 387 167 161 236 486 320 373 78 0 132 356 426 260 233 122 176 231 325 239 294 67 442 332 406 133 
460 276 256 468 349 156 410 235 480 70 177 465 97 500 0 249 179 111 175 145 295 247 479 232 71 217 477 88 158 64 
201 449 474 427 411 197 275 66 106 460 253 127 343 424 381 0 343 173 59 404 298 361 405 495 339 137 273 56 113 311 
371 334 462 319 63 388 437 210 369 209 266 328 412 99 378 336 0 186 220 459 195 330 256 263 442 457 101 78 229 314 
348 491 185 181 208 210 401 303 353 110 171 62 82 206 424 339 83 0 259 475 460 424 377 289 386 139 230 343 190 465 
278 211 312 475 346 199 183 262 99 436 115 366 313 127 399 469 257 444 0 258 223 418 217 146 294 457 483 139 393 81 
487 358 309 197 376 284 493 282 173 461 87 315 282 160 127 115 265 303 323 0 208 60 496 125 228 348 126 391 86 215 
490 324 201 103 340 348 186 123 96 418 453 264 211 267 496 321 100 111 85 353 0 140 450 120 342 75 298 396 151 395 
433 72 384 256 224 194 95 278 330 375 325 454 83 88 164 56 290 192 107 107 434 0 166 404 384 443 245 165 447 141 
473 341 280 495 432 242 425 125 495 203 405 125 234 114 366 479 228 372 268 126 185 326 0 267 58 436 150 451 181 472 
398 479 444 445 465 438 376 413 119 207 407 272 318 239 212 382 104 190 317 426 408 149 318 0 440 366 326 376 222 276 
263 193 380 448 136 325 412 281 407 324 350 321 438 328 138 176 490 227 437 386 494 118 500 142 0 386 440 459 211 71 
387 194 491 80 73 438 373 104 105 360 218 135 416 489 279 243 126 161 439 303 97 324 52 166 324 0 145 51 470 310 
420 247 403 113 444 433 343 137 62 154 192 372 322 484 288 310 263 237 142 374 383 396 178 413 154 50 0 443 456 51 
412 265 177 365 375 447 308 307 497 395 75 150 293 154 422 484 392 231 246 335 323 326 217 425 454 130 79 0 454 279 
485 212 191 457 95 262 331 493 277 344 245 378 126 345 171 230 473 154 328 410 106 162 439 138 86 364 92 373 0 149 
252 151 340 170 499 52 216 468 89 415 244 384 159 121 216 210 449 396 182 309 223 91 121 91 236 210 127 99 459 0 

705.21 0 25
705.21 1 18
705.21 2 18
705.21 3 4
705.21 4 20
705.21 5 1
705.21 6 20
705.21 7 23
705.21 8 24
705.21 9 1
705.21 10 18
705.21 11 2
705.21 12 24
705.21 13 3
705.21 14 20
705.21 15 20
705.21 16 6
705.21 17 19
705.21 18 23
705.21 19 26
705.21 20 8
705.21 21 11
705.21 22 4
705.21 23 2
705.21 24 11
705.21 25 24
705.21 26 15
705.21 27 1
705.21 28 18
705.21 29 4

