30 30 4

0 67 206 468 239 130 474 276 393 250 157 402 201 371 301 497 398 353 425 57 412 481 445 479 57 68 451 401 490 201 
76 0 224 425 232 191 163 69 164 390 412 121 497 69 479 367 321 475 471 173 399 234 291 135 385 270 142 403 427 250 
148 334 0 276 322 259 215 464 372 234 334 261 352 161 464 128 139 86 155 113 263 485 218 447 275 303 332 495 152 441 
178 352 296 0 462 334 117 220 255 287 92 195 121 59 254 232 474 332 78 266 437 141 480 421 66 182 195 75 220 397 
177 161 74 479 0 407 242 69 230 413 274 468 455 420 295 464 380 233 193 211 261 410 354 109 389 481 125 70 382 150 
241 278 278 108 58 0 463 221 251 238 401 370 219 124 324 345 369 494 224 309 394 385 69 303 238 128 398 425 410 174 
306 60 121 84 495 179 0 299 213 106 256 402 458 125 120 288 155 415 157 149 138 416 493 229 191 51 173 270 399 97 
179 72 353 396 144 143 146 0 480 149 310 86 355 418 250 431 488 488 292 158 351 391 453 473 139 388 164 347 60 140 
245 314 476 475 373 372 325 223 0 468 60 322 484 96 176 401 52 313 144 491 105 252 97 202 411 70 499 298 184 345 
64 481 297 328 456 478 408 83 302 0 130 51 312 402 241 115 284 142 117 304 236 314 115 195 362 474 105 382 228 354 
272 280 124 459 76 159 414 260 66 448 0 268 146 205 286 254 396 351 244 488 175 498 224 439 112 369 56 293 180 144 
471 240 122 250 315 80 483 424 445 242 196 0 148 460 292 303 246 252 198 303 446 393 184 200 116 123 469 191 129 261 
77 431 232 268 52 188 82 83 171 212 478 119 0 358 125 79 149 378 482 107 282 491 259 174 175 409 447 455 378 344 
290 345 372 220 76 139 223 422 171 256 92 333 440 0 161 190 64 397 496 148 134 309 136 125 67 468 457 427 414 411 
60 258 200 355 336 127 138 425 300 59 302 55 308 341 0 201 419 237 422 72 439 276 156 247 362 231 264 329 394 397 
450 304 163 207 211 469 493 288 313 173 87 78 425 299 336 0 472 450 254 208 371 276 146 353 383 99 214 320 69 250 
214 417 199 224 286 112 385 461 311 172 273 434 416 301 114 421 0 136 85 370 97 450 447 79 95 299 168 351 220 195 
370 420 115 493 325 289 279 387 381 239 197 259 219 337 175 470 401 0 95 313 192 172 116 141 325 145 393 331 471 243 
257 165 112 383 230 105 207 225 334 93 105 279 447 315 448 283 196 174 0 183 241 193 325 119 259 416 395 110 308 432 
80 50 188 402 319 70 338 374 227 63 414 477 325 400 423 139 347 205 285 0 227 94 233 370 125 302 335 247 403 396 
54 90 182 261 228 84 286 455 372 367 388 141 280 364 417 179 493 262 233 404 0 498 166 204 230 487 279 238 321 476 
348 423 236 388 105 203 116 346 440 277 424 306 165 65 292 235 188 178 435 400 117 0 94 397 233 249 333 426 234 278 
454 210 125 376 152 463 431 306 285 483 452 62 407 464 384 422 255 325 109 139 259 459 0 206 304 112 146 259 395 71 
443 379 475 359 454 351 462 417 488 474 201 471 181 420 377 144 303 54 105 335 320 195 93 0 278 107 103 96 203 68 
198 432 462 76 406 76 481 463 488 153 207 217 304 384 348 431 260 198 440 471 254 274 290 155 0 74 274 419 127 77 
122 353 225 260 70 251 165 96 438 335 291 90 492 458 101 375 62 482 341 417 421 67 170 195 63 0 482 426 287 401 
259 314 229 111 245 439 131 447 103 178 140 144 175 181 342 339 439 423 351 420 470 475 96 487 144 448 0 500 333 373 
494 233 132 307 412 193 52 350 482 205 159 366 51 254 491 389 302 329 327 225 387 453 194 361 500 181 211 0 203 387 
494 76 380 226 365 394 344 264 152 193 245 63 59 110 64 263 100 404 64 136 437 446 473 390 140 89 145 478 0 250 
298 364 451 80 451 176 395 344 227 159 446 370 354 459 379 171 473 348 428 132 119 63 69 64 242 165 361 281 260 0 

608.52 0 21
608.52 1 23
608.52 2 21
608.52 3 28
608.52 4 5
608.52 5 12
608.52 6 24
608.52 7 1
608.52 8 7
608.52 9 4
608.52 10 11
608.52 11 18
608.52 12 15
608.52 13 6
608.52 14 24
608.52 15 14
608.52 16 14
608.52 17 16
608.52 18 25
608.52 19 12
608.52 20 12
608.52 21 28
608.52 22 12
608.52 23 14
608.52 24 18
608.52 25 1
608.52 26 12
608.52 27 19
608.52 28 1
608.52 29 5

