30 30 4

0 264 104 480 79 102 412 330 212 376 363 447 65 334 347 413 477 428 149 406 147 479 399 447 331 291 94 355 378 215 
188 0 267 430 242 454 215 294 365 495 213 240 113 159 462 397 212 374 130 139 474 242 444 208 141 390 489 138 191 99 
222 356 0 237 196 285 186 149 450 430 464 200 349 410 264 214 371 367 377 244 203 222 424 396 165 131 243 262 326 331 
403 132 259 0 465 75 405 250 211 53 406 348 467 313 403 132 283 117 453 356 200 404 59 372 327 161 244 165 354 456 
197 391 114 279 0 149 78 61 54 485 222 57 147 276 231 410 179 313 399 246 473 254 152 376 470 474 409 130 424 73 
434 379 428 324 199 0 413 180 435 424 184 419 353 398 272 128 335 388 257 355 286 209 327 247 67 409 216 492 317 297 
171 97 437 257 475 468 0 406 387 147 96 311 488 222 163 385 444 448 220 332 412 74 324 327 107 70 345 466 237 92 
282 240 213 329 176 420 59 0 350 82 397 447 128 414 190 300 283 75 244 230 452 282 141 232 105 419 289 333 263 254 
69 61 242 466 224 278 348 144 0 287 198 383 390 351 461 59 492 261 292 273 211 229 431 199 320 162 461 445 157 293 
414 117 68 425 309 484 149 293 332 0 450 287 236 332 383 293 499 393 284 466 391 263 176 119 193 81 390 305 493 90 
168 285 455 235 304 379 495 494 234 287 0 325 183 280 267 221 163 60 220 55 50 392 396 264 68 222 407 306 111 419 
298 151 86 83 312 272 93 191 473 86 375 0 466 118 265 246 335 192 359 345 118 120 346 461 222 316 235 394 429 491 
211 347 289 69 140 78 331 118 121 472 90 364 0 103 262 432 318 458 474 216 72 318 285 142 370 245 71 185 430 415 
114 420 126 167 415 352 464 443 182 81 63 361 121 0 378 414 334 65 438 498 489 153 70 63 388 369 383 339 146 275 
268 61 95 395 344 419 309 195 383 252 83 414 472 394 0 242 105 307 282 121 451 279 316 104 55 329 198 131 419 488 
227 400 462 445 445 356 495 363 165 396 452 123 430 366 94 0 79 314 150 93 95 428 494 80 243 304 86 72 453 374 
197 196 307 96 157 252 491 220 246 109 335 349 61 408 278 133 0 208 63 397 64 106 198 442 100 228 185 354 471 414 
62 344 110 208 151 156 72 109 353 242 61 168 283 360 386 397 344 0 225 104 358 121 119 414 269 267 220 448 158 74 
174 71 293 469 338 208 326 200 230 385 52 178 396 378 167 463 263 63 0 306 439 324 370 266 149 284 242 367 454 396 
475 234 69 253 478 488 90 392 69 448 328 404 206 456 56 83 329 469 53 0 342 481 198 372 351 414 228 134 362 301 
294 257 482 235 277 234 419 471 482 310 491 429 137 150 134 299 156 375 127 331 0 378 175 312 75 253 162 195 431 453 
57 231 453 471 213 187 247 153 312 425 134 121 415 269 415 64 110 420 378 435 497 0 208 312 378 470 93 338 338 238 
268 497 452 206 450 423 125 343 376 228 155 300 69 226 421 495 348 192 104 267 69 489 0 471 434 56 348 160 99 185 
448 495 160 445 202 316 394 124 147 443 207 325 97 457 100 274 134 95 121 276 149 94 295 0 345 64 435 351 119 94 
157 461 493 151 120 193 303 142 293 134 239 235 291 271 283 454 321 263 87 366 90 313 222 134 0 314 66 149 249 367 
425 293 230 385 492 331 212 184 341 60 427 181 457 162 422 227 151 131 254 364 169 120 404 188 292 0 488 453 64 343 
408 137 267 200 318 359 192 148 70 82 195 80 460 326 487 328 454 420 429 85 174 292 411 244 402 98 0 242 389 50 
463 439 408 99 412 315 367 270 213 222 290 245 367 77 204 400 270 482 353 190 166 144 314 408 54 264 65 0 103 212 
405 310 174 99 425 223 461 239 297 231 158 469 227 353 91 461 57 441 231 245 50 371 118 144 391 232 356 154 0 248 
165 72 359 425 196 408 105 125 124 50 128 61 158 303 239 462 345 406 225 492 136 420 492 213 488 343 310 427 198 0 

624.69 0 7
624.69 1 22
624.69 2 12
624.69 3 4
624.69 4 21
624.69 5 12
624.69 6 7
624.69 7 20
624.69 8 9
624.69 9 14
624.69 10 19
624.69 11 10
624.69 12 7
624.69 13 12
624.69 14 0
624.69 15 6
624.69 16 24
624.69 17 23
624.69 18 21
624.69 19 7
624.69 20 17
624.69 21 17
624.69 22 12
624.69 23 6
624.69 24 0
624.69 25 2
624.69 26 11
624.69 27 13
624.69 28 29
624.69 29 5

