30 30 4

0 424 188 405 371 81 136 364 205 467 282 128 400 386 285 284 99 344 474 125 141 134 182 76 192 429 258 378 79 479 
395 0 184 158 289 88 479 77 382 343 232 348 124 66 455 460 301 445 266 351 174 341 442 259 473 224 157 158 433 241 
187 167 0 135 77 275 131 323 461 365 204 303 96 258 133 319 212 300 120 364 65 421 488 356 119 246 328 293 109 192 
432 300 329 0 305 142 113 80 430 386 491 294 296 500 96 53 132 365 423 382 191 286 397 112 480 459 388 433 287 387 
492 185 319 499 0 221 330 347 284 360 276 169 106 69 415 312 115 174 395 186 303 483 328 295 136 146 275 94 484 414 
87 126 405 223 395 0 159 394 225 456 177 291 438 52 104 457 173 366 278 53 467 171 307 206 449 308 292 94 289 336 
284 202 374 360 314 96 0 462 423 440 393 135 323 390 72 325 444 236 448 66 220 207 239 341 464 395 289 479 186 89 
267 473 79 176 102 146 440 0 148 107 118 294 206 410 323 95 189 147 246 375 301 262 301 214 451 142 385 346 137 363 
238 384 336 210 169 462 262 265 0 157 116 322 226 116 478 342 389 280 481 242 476 355 249 444 363 414 394 455 298 446 
298 367 184 181 202 100 301 371 69 0 272 234 135 94 410 409 278 459 53 264 439 453 239 294 408 182 156 321 283 317 
325 228 114 398 118 453 307 169 460 177 0 188 231 361 480 482 478 144 467 436 355 230 130 307 176 374 214 308 236 242 
297 259 273 232 80 171 300 239 184 175 198 0 67 69 135 378 500 117 111 350 290 253 204 470 334 461 145 414 382 160 
357 123 163 322 102 345 352 223 145 90 113 477 0 445 130 497 287 215 252 354 276 101 143 236 463 319 276 179 171 189 
60 488 252 340 150 74 393 446 132 322 297 380 386 0 273 80 222 476 317 387 227 377 163 486 226 105 204 496 331 333 
166 226 100 360 429 146 460 209 489 405 291 67 408 377 0 159 181 408 331 363 224 218 297 101 87 282 277 142 192 479 
179 231 351 355 281 210 490 378 170 198 122 281 196 346 189 0 279 211 76 186 249 389 117 417 185 375 210 173 358 58 
315 337 187 497 394 248 484 104 445 361 431 349 190 211 495 486 0 350 481 404 376 166 152 472 440 68 156 314 435 487 
172 443 301 215 336 53 108 290 488 162 234 104 299 290 244 461 491 0 437 66 471 340 149 137 442 120 76 216 433 97 
150 419 219 299 427 140 341 430 198 130 173 67 71 228 316 311 178 483 0 301 114 500 272 160 355 115 101 425 348 267 
113 395 123 239 320 128 165 410 419 301 315 256 425 88 484 359 110 294 487 0 93 301 308 299 279 418 153 344 470 284 
399 443 103 500 273 292 76 351 407 192 477 208 457 232 339 495 215 197 105 215 0 183 355 466 441 153 452 115 463 51 
291 453 400 233 55 156 212 298 182 63 411 324 490 325 281 428 163 482 142 66 293 0 63 200 354 479 347 213 186 168 
175 188 409 334 87 142 340 193 60 344 81 280 461 356 476 286 136 403 155 324 251 172 0 324 264 78 177 450 131 341 
135 250 222 273 158 56 67 457 102 417 468 396 449 247 112 304 223 348 146 332 454 176 83 0 332 450 53 360 127 453 
441 174 295 190 346 274 299 352 291 255 404 415 222 55 363 176 118 373 105 172 225 387 125 351 0 176 407 301 387 473 
134 95 414 258 340 103 310 114 108 162 111 314 272 476 242 278 94 124 102 417 179 224 141 273 300 0 199 155 413 206 
492 386 290 87 55 254 133 315 63 404 374 382 466 394 154 441 135 138 242 417 190 158 95 364 457 74 0 370 362 387 
490 67 378 131 63 171 136 474 462 401 243 365 274 125 330 374 436 478 460 73 219 132 213 83 177 283 246 0 409 153 
107 295 142 331 379 430 344 257 65 317 218 172 60 82 397 342 119 477 277 303 436 56 228 67 426 261 402 208 0 214 
66 67 478 67 366 309 396 295 152 359 310 176 76 433 186 316 85 478 141 61 461 394 204 467 121 428 392 88 85 0 

594.6 0 24
594.6 1 9
594.6 2 19
594.6 3 24
594.6 4 9
594.6 5 13
594.6 6 23
594.6 7 13
594.6 8 13
594.6 9 21
594.6 10 7
594.6 11 20
594.6 12 23
594.6 13 20
594.6 14 15
594.6 15 9
594.6 16 18
594.6 17 23
594.6 18 11
594.6 19 27
594.6 20 21
594.6 21 8
594.6 22 8
594.6 23 4
594.6 24 2
594.6 25 9
594.6 26 14
594.6 27 0
594.6 28 22
594.6 29 19

