30 30 4

0 164 452 270 273 104 355 460 179 490 461 299 322 132 383 336 359 122 400 382 102 181 495 495 169 140 206 195 173 130 
217 0 499 244 168 269 223 430 123 182 315 320 349 113 348 188 203 183 497 275 289 378 327 421 128 77 89 218 440 441 
97 276 0 158 96 470 483 315 399 168 144 287 433 414 343 253 261 481 162 151 233 143 390 111 420 66 189 203 106 114 
349 497 161 0 125 361 414 301 100 228 407 218 79 193 358 443 242 317 411 429 429 61 162 71 157 223 197 174 118 106 
230 182 405 433 0 50 480 50 414 488 100 349 394 475 378 86 332 320 486 148 437 414 76 448 75 304 105 455 451 229 
73 56 165 205 168 0 304 412 147 60 326 341 110 174 234 85 258 478 123 284 463 429 221 132 211 375 158 466 430 319 
172 365 342 386 236 254 0 53 247 165 357 257 197 198 318 77 138 109 285 115 389 276 77 317 447 160 479 321 475 200 
458 293 322 78 342 414 265 0 95 417 462 417 481 218 114 385 242 348 473 57 133 88 153 359 322 420 61 188 154 88 
162 304 496 162 333 74 454 246 0 496 255 370 213 171 106 137 442 441 330 290 169 93 129 207 196 194 236 323 205 374 
427 243 243 231 446 111 63 226 64 0 466 221 476 335 384 353 391 471 295 331 56 291 207 307 370 364 453 63 306 275 
425 387 409 374 129 139 75 397 359 251 0 411 324 178 142 159 61 445 256 239 446 294 452 236 451 258 312 70 211 81 
327 192 212 213 100 86 499 396 111 395 254 0 69 61 285 197 360 150 416 304 356 154 457 149 312 192 99 70 211 120 
438 449 153 129 161 72 387 404 277 489 221 378 0 243 240 389 234 144 248 334 59 258 396 370 214 496 181 113 301 408 
274 127 345 429 230 425 89 459 67 199 235 55 371 0 112 455 317 207 188 411 161 228 176 370 124 496 290 326 384 353 
126 291 333 204 136 262 140 267 57 306 491 207 491 496 0 284 310 207 100 223 101 462 335 280 344 204 354 96 200 179 
430 53 462 427 92 372 269 304 463 242 68 475 232 225 221 0 435 459 481 141 265 204 192 226 245 178 70 155 238 116 
305 367 252 308 85 385 351 407 154 361 125 102 379 99 285 310 0 271 426 475 458 66 240 368 415 172 112 93 192 217 
281 465 229 355 423 487 146 64 93 52 168 161 335 220 490 140 211 0 56 361 136 481 75 359 220 393 481 343 212 280 
241 135 267 413 314 121 91 301 424 105 100 183 430 211 468 357 408 107 0 67 414 175 361 150 200 426 321 299 406 370 
461 185 317 96 403 229 360 230 478 367 361 82 174 494 463 335 461 319 449 0 67 92 118 399 159 219 98 85 246 104 
197 322 64 89 138 317 198 74 384 378 51 457 238 83 130 231 252 172 398 277 0 120 172 76 189 70 185 114 326 427 
310 380 331 338 150 370 426 174 67 450 57 151 451 464 96 241 94 277 443 423 382 0 427 493 53 453 388 280 344 452 
105 271 468 191 101 61 292 177 438 172 194 143 179 51 94 349 97 492 149 81 190 71 0 413 116 271 172 68 158 402 
119 317 214 340 491 355 147 52 353 481 196 231 381 289 360 382 89 416 430 80 64 461 221 0 293 129 494 63 251 269 
378 359 338 401 72 177 148 134 481 357 193 217 52 375 97 291 441 429 331 356 358 117 127 74 0 495 126 153 489 139 
354 257 223 213 94 331 442 428 429 75 164 285 219 331 287 300 378 284 240 306 321 96 371 389 380 0 395 383 456 255 
127 301 108 334 474 478 134 304 420 61 439 201 382 223 126 212 216 376 296 451 116 309 271 369 179 366 0 455 280 249 
410 485 82 417 300 367 146 484 451 157 159 219 95 311 100 476 143 470 191 470 265 348 292 73 326 367 409 0 191 77 
189 146 437 380 179 353 386 252 205 370 202 312 235 127 358 496 178 333 346 354 230 71 118 78 313 142 354 386 0 50 
251 413 396 348 105 483 233 164 368 435 319 444 136 131 179 421 195 381 305 234 226 158 414 247 226 198 266 74 258 0 

472 0 11
472 1 17
472 2 19
472 3 25
472 4 14
472 5 11
472 6 3
472 7 13
472 8 9
472 9 17
472 10 24
472 11 5
472 12 6
472 13 22
472 14 2
472 15 28
472 16 21
472 17 5
472 18 14
472 19 26
472 20 4
472 21 12
472 22 23
472 23 2
472 24 3
472 25 14
472 26 11
472 27 8
472 28 11
472 29 7

