30 30 3

0 493 376 422 461 423 149 155 120 361 86 191 155 374 296 337 288 173 452 499 332 344 452 76 349 311 176 342 495 374 
346 0 455 367 428 132 327 350 438 189 177 55 432 74 160 62 320 203 300 443 155 54 275 449 213 301 53 474 427 345 
469 57 0 397 179 130 324 468 163 381 406 302 264 411 441 288 277 453 107 431 459 500 292 220 481 447 139 488 206 112 
171 257 287 0 178 153 416 258 427 384 371 63 496 380 277 162 76 64 389 235 121 319 400 328 110 326 308 263 415 296 
419 478 417 175 0 471 301 278 387 265 412 477 342 425 228 221 202 340 454 216 228 188 495 254 295 322 70 120 336 284 
486 338 202 219 254 0 328 189 261 312 282 476 223 258 318 355 436 245 56 482 199 429 210 93 423 170 338 451 397 165 
287 180 150 124 89 319 0 85 123 458 52 141 240 479 315 204 296 169 347 247 382 328 152 310 244 196 440 120 240 146 
468 355 383 354 211 214 393 0 480 456 222 194 214 314 140 192 335 50 194 210 347 392 298 382 250 314 125 396 253 196 
343 350 370 404 439 223 115 359 0 323 301 70 495 445 235 64 291 133 105 292 485 472 345 132 269 226 332 83 302 228 
493 204 277 98 73 180 244 246 245 0 102 68 497 330 270 197 271 491 439 354 303 437 338 274 281 420 494 458 252 283 
259 186 275 169 413 324 192 92 274 388 0 495 326 163 491 362 139 187 132 336 332 437 138 268 481 363 500 157 112 457 
115 345 422 251 326 90 370 356 232 168 129 0 326 369 162 195 359 474 491 253 106 327 291 249 415 59 436 277 265 299 
95 221 364 390 349 321 423 389 190 278 327 65 0 114 359 384 226 261 450 199 251 409 462 77 199 417 443 208 109 426 
179 358 472 350 222 117 405 493 246 500 390 475 82 0 405 88 392 495 471 152 444 169 109 352 338 137 51 461 286 416 
69 211 95 378 389 151 306 213 263 298 409 262 394 139 0 295 54 384 393 500 354 495 199 230 103 258 67 397 466 478 
182 381 254 100 182 131 439 491 387 151 253 391 267 221 285 0 356 466 289 240 358 495 93 108 194 273 369 158 497 265 
123 231 154 210 435 204 343 272 142 89 365 451 499 255 217 219 0 246 279 185 242 469 249 443 62 308 136 492 383 451 
489 354 73 219 458 234 360 161 283 131 461 322 446 167 76 407 90 0 245 153 319 380 101 288 336 494 56 350 337 498 
232 287 242 85 311 167 250 251 477 117 484 314 77 61 466 401 294 373 0 441 489 232 260 125 283 498 411 276 260 260 
319 464 442 106 413 233 123 79 189 324 263 257 63 76 491 281 493 392 74 0 121 332 269 303 298 344 292 295 254 274 
261 220 93 225 161 356 137 101 429 373 240 459 135 447 228 369 194 215 117 85 0 446 395 123 214 197 372 58 439 373 
469 419 341 189 462 65 56 317 359 107 452 231 54 166 73 207 344 392 351 58 215 0 142 210 109 423 375 256 50 383 
401 373 107 75 213 246 488 435 253 60 293 66 219 231 277 335 254 191 179 145 492 394 0 310 341 104 125 470 429 87 
470 67 194 98 124 219 469 77 413 403 280 424 403 52 142 133 487 427 337 177 312 188 375 0 413 204 215 467 279 391 
151 316 360 375 460 409 205 385 133 232 298 486 218 428 144 221 69 227 414 202 270 90 221 408 0 415 133 111 337 306 
96 227 163 362 87 488 77 202 192 169 285 375 417 477 299 344 121 226 119 54 139 478 482 179 405 0 389 94 488 207 
381 500 253 107 162 322 351 149 105 259 499 224 494 129 347 227 378 397 54 104 466 58 193 200 490 323 0 104 135 123 
299 499 454 298 251 267 411 279 325 266 91 83 264 265 284 99 112 461 428 459 465 482 181 229 381 87 426 0 410 141 
267 483 390 265 436 188 466 410 305 452 234 277 493 474 492 464 257 297 282 217 224 448 388 412 128 324 500 165 0 249 
409 463 466 392 353 230 83 247 402 443 258 109 383 485 101 357 232 65 113 480 297 488 203 244 131 322 78 405 321 0 

686.73 0 7
686.73 1 26
686.73 2 21
686.73 3 7
686.73 4 3
686.73 5 26
686.73 6 23
686.73 7 19
686.73 8 15
686.73 9 3
686.73 10 6
686.73 11 2
686.73 12 11
686.73 13 2
686.73 14 18
686.73 15 8
686.73 16 22
686.73 17 4
686.73 18 23
686.73 19 1
686.73 20 10
686.73 21 9
686.73 22 21
686.73 23 21
686.73 24 25
686.73 25 16
686.73 26 8
686.73 27 19
686.73 28 21
686.73 29 23

