30 30 4

0 294 199 182 65 287 247 198 291 436 479 250 310 280 116 440 240 70 188 459 449 365 326 349 245 467 179 388 198 71 
123 0 315 315 272 447 86 265 401 441 263 336 420 219 352 406 285 498 145 62 186 310 461 257 342 66 452 308 195 340 
213 216 0 413 234 238 392 387 274 363 494 215 125 330 341 295 181 246 79 179 97 298 71 113 466 278 162 482 229 420 
383 275 339 0 306 188 279 250 286 166 230 148 159 151 224 195 442 225 83 394 461 419 197 259 196 468 224 424 129 412 
359 255 294 134 0 301 306 479 79 55 264 402 236 118 268 337 499 169 486 223 202 135 184 327 490 393 473 457 116 152 
292 234 218 253 478 0 58 53 491 487 83 496 457 191 438 74 165 275 73 285 467 453 193 308 136 471 297 479 199 460 
301 302 458 485 470 211 0 219 234 214 209 220 454 411 383 145 349 163 260 330 186 251 52 139 395 310 432 365 107 167 
63 273 174 71 231 366 247 0 392 84 431 105 450 357 266 360 239 361 415 353 327 244 245 78 246 90 423 263 473 494 
76 139 263 299 263 492 236 128 0 238 127 369 376 390 318 232 155 385 422 222 55 481 255 250 225 283 202 473 412 415 
445 161 441 290 375 447 259 366 182 0 94 310 467 413 185 356 438 368 217 78 496 389 83 232 143 490 163 133 192 135 
251 313 286 363 461 282 237 163 492 309 0 295 85 118 261 204 254 323 348 328 490 376 79 134 166 261 435 155 130 67 
53 216 268 73 208 130 484 441 73 353 432 0 332 147 223 401 115 377 361 388 432 188 134 307 424 218 423 391 359 285 
471 376 288 393 351 311 308 187 50 248 418 353 0 386 249 207 108 356 479 191 216 122 122 110 206 136 484 131 265 130 
440 500 101 72 495 200 129 61 458 266 62 205 183 0 121 297 139 485 111 445 463 253 161 85 81 428 241 374 168 78 
139 248 469 345 299 247 95 450 326 107 407 91 326 319 0 432 397 115 70 382 177 465 100 136 332 135 374 260 83 455 
134 111 300 332 286 144 131 483 190 287 308 247 400 106 72 0 425 488 175 491 264 263 374 435 314 216 267 155 89 233 
395 494 317 457 500 148 449 144 436 188 491 429 446 444 329 258 0 222 253 452 103 450 215 317 79 150 337 452 123 198 
492 306 93 241 329 256 241 183 204 91 326 342 288 254 495 231 289 0 459 403 249 411 456 405 125 479 435 432 71 386 
54 220 133 66 263 81 101 469 479 235 379 276 267 221 63 471 422 244 0 260 380 353 459 497 64 363 329 250 53 260 
271 390 472 441 229 244 410 467 296 378 445 237 257 220 454 184 440 424 312 0 183 390 398 242 348 395 464 418 430 213 
421 396 434 66 367 131 453 111 491 419 113 125 364 300 88 290 460 222 230 139 0 240 119 480 344 68 83 445 482 207 
374 194 128 270 334 351 136 171 303 404 162 222 467 444 292 473 482 81 432 410 468 0 278 149 87 257 199 105 497 144 
293 204 468 437 489 444 477 95 287 148 349 190 467 277 364 166 68 92 147 306 475 56 0 274 252 362 311 215 267 122 
418 361 365 121 85 57 316 479 240 362 265 94 417 162 60 193 232 383 418 274 480 223 455 0 242 447 413 310 464 127 
77 292 252 144 363 323 179 370 346 158 110 207 129 154 123 448 372 473 179 254 390 404 441 112 0 114 389 266 478 199 
436 311 433 435 62 76 297 92 413 374 388 277 190 94 356 50 374 304 128 346 189 333 442 299 480 0 260 364 368 232 
341 273 168 358 205 309 371 439 105 413 351 429 56 127 118 307 189 326 180 199 404 232 339 443 173 344 0 422 139 207 
497 322 498 269 196 112 181 455 433 119 266 101 176 402 107 253 226 364 148 51 250 298 406 432 343 348 311 0 186 270 
156 344 266 428 97 241 330 159 372 284 298 441 50 349 116 402 162 75 127 476 381 336 225 178 241 363 227 88 0 380 
363 64 487 413 487 170 217 228 451 82 99 234 331 247 441 386 69 98 499 302 383 230 182 218 162 66 409 475 243 0 

627.66 0 4
627.66 1 19
627.66 2 1
627.66 3 23
627.66 4 23
627.66 5 12
627.66 6 10
627.66 7 8
627.66 8 6
627.66 9 22
627.66 10 16
627.66 11 12
627.66 12 19
627.66 13 26
627.66 14 5
627.66 15 24
627.66 16 15
627.66 17 7
627.66 18 28
627.66 19 7
627.66 20 18
627.66 21 2
627.66 22 2
627.66 23 27
627.66 24 16
627.66 25 19
627.66 26 0
627.66 27 21
627.66 28 8
627.66 29 12

