30 30 4

0 218 161 454 491 374 384 211 161 358 98 315 239 241 262 299 122 420 150 81 128 379 195 498 259 255 210 403 100 436 
72 0 444 154 183 153 351 264 488 62 131 345 110 396 84 58 364 89 337 491 396 368 118 481 62 323 447 474 483 105 
73 174 0 334 467 485 224 327 336 438 314 348 275 365 164 170 155 172 240 401 459 230 53 83 55 484 95 84 186 69 
66 242 92 0 397 75 266 382 249 92 424 393 112 271 167 427 141 494 289 471 234 189 185 414 192 218 175 383 264 209 
68 490 432 467 0 288 329 493 260 417 448 58 340 341 120 317 458 254 408 452 249 134 392 388 270 61 287 438 187 169 
408 346 394 153 485 0 361 392 313 109 151 229 56 367 275 347 437 91 61 397 205 219 145 290 110 240 266 121 477 410 
465 145 74 67 245 177 0 51 105 68 70 164 377 456 378 243 230 431 386 478 442 490 182 367 341 178 183 80 150 255 
56 60 426 358 84 443 103 0 418 444 365 437 220 236 69 175 113 469 355 250 354 332 399 99 221 265 391 105 399 421 
206 360 184 423 285 248 457 435 0 57 374 134 373 66 305 315 292 430 378 260 285 127 321 323 476 370 494 448 467 99 
102 388 255 412 278 177 403 476 340 0 337 484 420 422 112 193 433 377 191 362 461 402 353 87 429 176 270 54 169 424 
472 425 476 115 386 387 343 269 496 318 0 315 333 301 235 461 363 134 393 239 275 254 199 383 107 444 311 440 420 316 
108 99 494 240 74 108 125 167 401 345 162 0 218 159 201 226 100 161 295 184 53 241 166 465 146 499 278 296 66 217 
422 88 482 471 81 221 495 139 297 368 490 348 0 481 414 457 181 346 264 500 348 398 259 88 270 223 184 269 207 187 
285 374 108 79 112 79 110 283 280 199 286 148 395 0 133 335 64 297 222 361 60 221 208 164 187 453 385 360 343 153 
274 480 144 147 88 173 416 117 440 199 347 138 435 201 0 239 68 486 253 71 208 320 81 135 234 195 272 393 79 339 
236 389 112 215 239 416 460 118 332 76 57 237 130 352 171 0 281 90 396 474 50 417 181 76 204 473 261 350 245 153 
135 83 95 475 352 468 420 267 427 489 305 210 252 492 290 311 0 370 277 107 265 250 107 389 381 341 92 354 101 148 
305 411 234 94 213 415 396 180 334 369 106 78 381 266 488 372 262 0 298 241 490 355 213 239 169 308 327 460 350 387 
267 449 191 384 182 442 96 303 337 226 136 412 490 165 292 255 152 371 0 468 156 318 213 217 481 402 336 288 435 295 
345 321 268 500 218 152 388 159 198 190 202 131 276 114 120 147 112 81 456 0 433 255 318 251 418 486 438 320 321 433 
461 323 277 282 90 483 206 399 370 316 97 59 224 385 492 288 455 346 107 486 0 301 490 241 119 240 158 104 178 184 
131 317 145 160 93 133 201 75 289 306 151 311 109 367 486 444 358 480 398 410 86 0 140 418 76 87 487 473 402 297 
357 293 134 173 144 245 423 227 152 204 222 408 305 484 468 171 225 167 236 204 272 145 0 448 362 269 230 155 255 202 
56 258 266 55 99 145 149 50 68 82 152 429 255 266 234 445 440 111 169 107 53 79 329 0 356 233 397 124 413 51 
86 322 264 50 87 270 99 182 369 99 407 402 408 336 156 174 276 307 113 93 426 377 97 211 0 205 159 395 101 233 
307 309 476 128 73 477 372 293 282 261 161 88 374 269 446 209 375 326 191 388 146 235 313 473 489 0 231 385 354 125 
192 293 138 452 269 424 475 452 51 267 233 262 134 478 136 354 424 51 435 249 193 323 101 134 342 74 0 329 72 165 
182 354 307 425 443 258 193 122 232 351 123 205 291 92 290 268 178 143 191 386 77 147 285 350 198 369 399 0 429 197 
421 93 85 275 351 461 424 315 360 252 498 211 325 409 452 123 198 219 251 498 117 344 75 214 128 131 118 448 0 480 
254 351 157 53 387 382 354 347 61 376 413 263 373 123 294 488 281 368 186 451 325 183 67 168 415 438 247 497 262 0 

494 0 25
494 1 11
494 2 19
494 3 4
494 4 16
494 5 22
494 6 2
494 7 12
494 8 10
494 9 23
494 10 28
494 11 16
494 12 26
494 13 11
494 14 8
494 15 2
494 16 17
494 17 20
494 18 20
494 19 17
494 20 24
494 21 13
494 22 23
494 23 17
494 24 6
494 25 2
494 26 1
494 27 7
494 28 22
494 29 8

