30 30 4

0 442 350 106 314 384 133 69 427 286 338 112 99 284 294 82 499 188 225 413 278 250 440 124 444 239 232 222 383 371 
316 0 182 68 373 445 89 463 78 108 390 314 153 208 364 143 208 152 348 346 327 261 124 76 407 198 226 145 381 398 
234 458 0 421 122 233 293 67 479 255 95 293 351 115 396 265 185 246 423 287 93 269 320 60 343 103 417 247 279 269 
334 384 453 0 499 304 75 438 303 92 416 264 344 208 322 165 311 86 301 56 460 294 99 435 114 110 484 374 233 437 
152 452 271 486 0 405 476 496 186 169 298 435 291 269 485 205 90 149 466 126 156 228 85 401 278 226 221 94 209 94 
277 146 196 436 123 0 389 96 98 384 232 217 389 373 214 157 357 369 197 456 335 480 319 62 272 219 497 448 390 90 
157 190 74 253 92 460 0 326 431 55 130 71 444 53 166 316 217 273 172 85 176 334 126 155 152 346 377 77 342 81 
173 139 188 313 370 147 112 0 85 179 249 297 466 270 240 469 142 262 392 365 140 183 247 424 260 353 283 312 436 66 
153 223 190 449 361 209 74 214 0 271 109 343 471 356 64 447 302 483 89 63 130 160 153 264 358 284 230 417 66 492 
108 289 351 282 429 56 349 345 80 0 270 322 140 319 499 202 334 446 455 72 241 468 153 107 328 367 171 111 303 294 
334 50 353 122 351 341 51 357 396 102 0 388 165 374 234 191 373 386 475 74 96 497 472 64 149 78 342 222 407 159 
231 200 443 231 259 64 82 306 272 145 409 0 324 239 73 405 179 421 277 65 395 57 111 392 235 332 247 263 380 420 
376 489 150 76 431 88 492 202 120 298 424 422 0 206 455 161 436 359 290 357 135 61 251 349 330 349 83 368 96 52 
248 222 379 443 78 161 130 116 152 282 393 156 412 0 315 312 366 182 455 224 178 311 65 397 268 364 433 324 153 300 
370 156 254 298 241 404 82 352 484 149 210 472 248 317 0 383 269 335 456 157 289 179 286 306 195 389 281 265 321 104 
125 120 180 231 81 428 178 435 216 236 174 71 396 145 270 0 419 234 489 461 189 146 456 319 138 262 220 477 493 191 
53 303 266 330 433 203 361 116 87 295 282 273 175 304 376 270 0 280 294 455 475 461 350 120 417 375 415 385 301 147 
377 443 150 386 415 431 318 325 498 140 362 293 372 135 174 382 461 0 395 161 461 105 343 178 161 413 94 487 84 429 
287 181 61 436 489 397 351 419 421 175 416 60 487 415 138 328 89 227 0 495 190 94 456 452 387 340 112 56 384 98 
90 312 336 428 79 271 416 426 328 90 102 209 213 112 196 127 407 230 373 0 133 225 269 178 387 220 64 226 490 70 
109 87 317 127 129 245 363 107 367 495 141 408 96 301 120 365 203 404 271 383 0 484 111 107 459 239 200 179 460 376 
375 237 191 412 53 475 248 455 337 61 78 331 152 436 377 403 262 448 105 372 219 0 195 111 280 459 70 225 159 406 
184 485 280 371 383 398 131 357 352 292 194 363 320 231 222 462 315 124 430 262 387 58 0 187 288 119 417 246 346 348 
355 251 483 96 237 109 429 342 397 492 193 189 185 56 215 123 435 177 388 265 106 149 151 0 114 494 145 391 410 342 
236 258 403 194 447 449 381 262 133 222 366 125 122 54 260 128 219 89 62 102 427 277 366 283 0 135 430 276 437 76 
392 278 263 356 388 407 58 336 494 478 420 423 343 495 495 347 461 329 272 50 97 81 183 80 397 0 172 372 82 154 
309 109 497 293 322 108 180 435 117 467 184 94 142 106 387 343 100 440 303 379 418 59 426 205 400 457 0 101 71 328 
134 176 343 400 379 136 428 437 266 362 53 439 496 304 80 309 190 373 359 336 383 445 461 392 126 165 291 0 289 217 
69 324 57 195 166 407 73 252 334 460 225 402 220 163 153 474 401 412 371 273 478 206 362 422 166 254 498 282 0 251 
287 205 270 110 212 171 433 325 401 185 158 361 116 266 287 229 369 260 129 281 130 109 258 494 421 386 366 381 139 0 

581.7 0 8
581.7 1 4
581.7 2 23
581.7 3 6
581.7 4 6
581.7 5 22
581.7 6 1
581.7 7 1
581.7 8 3
581.7 9 11
581.7 10 24
581.7 11 6
581.7 12 19
581.7 13 10
581.7 14 17
581.7 15 11
581.7 16 23
581.7 17 23
581.7 18 1
581.7 19 20
581.7 20 5
581.7 21 17
581.7 22 27
581.7 23 16
581.7 24 6
581.7 25 2
581.7 26 15
581.7 27 22
581.7 28 9
581.7 29 25

