30 30 3

0 279 202 483 199 464 473 403 326 489 247 483 305 427 125 66 100 373 315 417 392 459 52 349 301 276 242 270 142 492 
272 0 72 270 425 262 176 144 234 285 420 430 482 158 234 164 441 250 422 313 271 94 205 230 96 260 237 322 208 457 
170 199 0 228 193 175 359 405 57 453 345 292 129 274 480 237 214 351 177 171 272 197 392 316 108 328 362 74 271 390 
232 227 266 0 137 162 165 469 471 276 477 424 121 268 52 101 455 446 266 305 330 387 76 477 485 98 291 69 410 315 
290 55 497 224 0 478 133 336 143 101 62 369 284 192 440 259 401 492 213 347 464 468 383 350 494 115 334 91 356 109 
207 170 350 419 166 0 73 396 456 115 489 263 127 114 498 270 53 256 377 251 419 223 214 386 312 270 135 377 104 383 
232 370 296 352 219 214 0 224 449 316 386 63 61 149 348 125 146 324 335 108 200 293 477 130 457 118 392 227 410 269 
488 499 451 357 294 59 283 0 214 440 231 480 326 452 247 425 55 78 277 329 364 335 235 363 67 315 75 342 207 252 
458 182 446 456 339 59 249 104 0 499 413 495 436 148 320 387 102 451 392 130 227 427 200 268 162 62 285 427 88 333 
340 497 290 228 199 245 67 208 200 0 121 413 319 322 348 417 141 235 225 298 333 306 475 467 456 242 128 469 233 261 
263 65 308 259 61 486 408 256 259 322 0 162 331 234 431 359 289 104 207 474 279 455 62 84 430 479 247 378 313 215 
318 74 184 89 332 393 101 73 57 63 283 0 329 176 320 270 313 178 58 367 335 238 353 290 457 387 426 436 340 59 
248 261 327 479 395 367 66 288 174 90 295 187 0 323 330 69 142 99 333 270 314 406 312 51 258 308 459 352 233 150 
191 449 104 403 276 83 297 349 99 291 229 139 292 0 366 168 122 142 260 378 181 237 192 86 255 193 295 62 358 353 
452 458 494 400 62 396 382 95 400 437 351 190 165 197 0 433 238 315 261 330 282 138 461 225 280 253 430 180 254 198 
488 106 149 202 100 255 214 202 137 466 308 73 316 205 396 0 219 344 340 485 104 376 473 399 336 197 179 295 333 65 
500 481 259 105 129 411 362 334 331 64 177 296 78 408 319 233 0 303 244 76 349 228 337 224 407 236 59 103 121 60 
386 136 59 122 101 115 201 463 183 242 293 404 369 296 433 483 321 0 165 492 64 399 340 450 235 63 356 177 279 166 
248 290 51 90 299 331 142 120 482 104 254 430 103 157 55 105 296 488 0 376 168 480 147 66 319 303 458 89 158 135 
318 274 89 107 483 130 113 313 222 183 50 483 143 187 85 458 192 348 253 0 386 430 371 121 76 143 391 329 101 186 
194 393 454 174 188 268 363 268 331 382 440 220 139 178 70 276 214 478 174 268 0 437 59 197 308 131 224 157 228 259 
208 120 159 307 73 491 446 291 353 420 328 442 116 255 287 244 275 269 164 459 393 0 382 395 158 79 409 446 460 66 
380 425 431 450 84 445 230 74 390 471 133 65 55 281 131 260 67 82 241 286 196 199 0 385 78 300 250 314 209 195 
273 225 282 197 362 231 438 306 411 218 402 138 58 418 350 289 499 109 63 80 56 55 434 0 412 391 218 211 347 482 
126 492 461 57 480 157 370 211 302 175 328 470 77 172 478 201 472 474 406 287 487 437 293 492 0 126 204 138 294 122 
435 275 198 183 235 206 162 98 282 79 350 407 358 76 190 480 53 341 208 477 247 445 219 390 238 0 418 222 148 55 
466 220 197 447 125 86 388 281 405 436 62 435 493 175 499 68 72 234 71 119 392 255 316 337 424 412 0 281 341 133 
379 103 305 306 457 251 381 493 138 368 153 281 136 87 273 468 292 291 490 233 68 109 331 480 131 374 404 0 250 154 
451 333 240 260 345 252 423 95 132 171 184 206 275 415 292 312 394 259 311 184 456 494 409 271 324 389 352 198 0 499 
101 58 205 141 248 172 436 206 94 237 288 216 127 200 441 248 442 459 141 408 476 482 119 469 147 340 500 486 398 0 

548.4 0 15
548.4 1 11
548.4 2 23
548.4 3 28
548.4 4 11
548.4 5 2
548.4 6 14
548.4 7 13
548.4 8 25
548.4 9 21
548.4 10 9
548.4 11 26
548.4 12 13
548.4 13 16
548.4 14 11
548.4 15 6
548.4 16 7
548.4 17 14
548.4 18 7
548.4 19 2
548.4 20 28
548.4 21 18
548.4 22 15
548.4 23 10
548.4 24 21
548.4 25 13
548.4 26 27
548.4 27 9
548.4 28 20
548.4 29 10

