30 30 3

0 120 494 354 107 500 326 129 470 60 324 472 440 213 140 270 216 280 436 132 292 189 190 314 222 434 137 64 385 160 
218 0 134 230 212 195 287 418 471 123 388 481 153 115 176 316 205 152 238 435 87 320 433 433 461 246 155 394 89 169 
279 200 0 94 119 380 256 264 374 380 234 203 474 421 306 295 96 328 451 198 65 141 442 336 74 131 52 477 236 152 
66 111 381 0 423 155 207 302 117 421 382 204 155 84 384 75 96 179 329 374 129 233 390 427 382 432 207 463 434 184 
198 85 407 466 0 173 329 328 330 337 151 457 426 61 111 216 396 344 263 74 172 136 360 111 232 493 443 370 200 405 
59 90 309 302 203 0 482 425 482 309 461 74 166 173 450 178 235 373 73 285 135 97 163 428 163 224 367 155 167 236 
61 278 246 101 87 498 0 254 68 178 442 83 345 223 199 468 379 327 409 251 350 193 336 153 306 471 473 481 337 128 
354 72 346 131 475 398 375 0 472 358 149 356 56 182 407 229 332 375 314 365 490 65 215 183 107 74 195 77 254 382 
364 332 235 143 384 73 117 488 0 398 296 102 498 358 108 179 265 494 217 346 307 82 335 78 454 468 136 234 163 163 
438 495 234 476 437 327 360 460 150 0 347 113 152 399 317 461 213 203 432 413 370 277 220 158 111 455 318 286 90 52 
155 411 440 356 144 172 292 177 482 458 0 484 84 278 136 190 94 303 353 247 441 266 117 217 192 432 485 146 250 270 
394 252 375 304 398 231 154 69 229 281 257 0 187 471 292 415 313 432 215 115 491 413 55 463 236 429 361 167 414 214 
123 183 107 325 265 117 430 446 221 205 381 208 0 413 67 178 204 188 198 342 354 263 88 473 476 51 208 160 362 81 
73 75 155 414 339 186 178 406 115 330 333 478 210 0 247 390 435 376 300 122 280 141 182 493 179 154 224 387 68 335 
249 100 114 274 205 478 113 97 362 225 370 191 58 347 0 352 255 236 286 337 486 114 116 333 454 316 218 314 490 105 
333 80 304 139 145 284 50 329 103 97 191 279 173 332 494 0 470 183 248 412 175 292 397 447 358 436 156 380 154 420 
126 209 459 156 219 97 458 209 304 287 263 352 428 248 231 259 0 241 201 149 195 112 481 437 216 427 51 151 82 381 
462 209 457 377 167 113 95 422 277 255 225 63 224 283 441 422 465 0 200 369 165 55 63 434 486 451 149 169 208 251 
201 88 419 116 496 296 234 315 97 155 91 302 86 105 232 320 252 360 0 284 158 228 155 163 242 88 149 399 395 475 
106 145 175 144 270 449 346 65 182 367 113 494 165 121 79 427 304 105 178 0 370 95 287 98 200 156 497 446 255 395 
340 229 207 191 111 57 411 266 354 427 398 427 246 147 298 317 383 224 327 195 0 109 197 240 102 452 391 208 448 92 
170 98 382 105 255 279 166 262 189 382 322 322 486 456 67 339 253 91 429 184 124 0 123 243 478 313 295 185 410 209 
132 452 329 387 89 385 348 318 257 317 458 346 345 486 331 300 260 377 260 301 305 394 0 131 378 343 109 397 344 244 
307 52 83 465 332 176 54 216 475 78 423 291 242 475 342 228 306 142 438 389 108 445 193 0 208 75 277 50 341 173 
100 292 186 102 81 151 140 207 362 306 388 390 436 385 132 410 227 310 422 75 454 66 133 398 0 416 291 179 192 498 
227 72 97 225 208 149 256 65 240 169 377 252 57 267 394 392 105 60 118 121 188 350 74 205 433 0 178 120 430 63 
470 427 447 248 474 171 406 330 377 178 69 497 54 478 260 478 128 151 82 138 427 360 483 276 140 394 0 416 268 221 
345 489 190 272 435 388 452 106 500 281 189 177 300 185 389 485 151 366 112 460 155 407 142 465 389 124 312 0 283 490 
79 454 335 274 350 313 209 444 264 472 199 496 160 327 51 52 422 242 153 494 304 112 148 417 204 320 62 279 0 131 
295 475 367 455 65 141 60 84 56 454 299 234 359 50 344 185 51 346 313 451 206 307 254 475 161 378 386 431 390 0 

549.3 0 26
549.3 1 26
549.3 2 6
549.3 3 16
549.3 4 3
549.3 5 18
549.3 6 2
549.3 7 10
549.3 8 14
549.3 9 1
549.3 10 24
549.3 11 28
549.3 12 20
549.3 13 1
549.3 14 12
549.3 15 18
549.3 16 22
549.3 17 9
549.3 18 3
549.3 19 25
549.3 20 4
549.3 21 25
549.3 22 13
549.3 23 3
549.3 24 6
549.3 25 19
549.3 26 5
549.3 27 18
549.3 28 21
549.3 29 21

