30 30 4

0 273 51 223 53 449 180 365 208 335 241 480 325 85 418 311 381 268 205 237 165 235 410 82 389 455 443 106 325 260 
68 0 496 240 276 218 243 224 104 315 138 145 55 324 421 297 449 231 177 423 142 120 87 327 481 120 423 191 269 235 
222 479 0 253 217 218 236 142 168 166 403 433 462 499 194 492 175 441 440 112 324 362 204 150 400 238 130 470 160 478 
445 345 407 0 423 304 330 348 246 422 222 363 81 154 324 79 298 315 411 445 255 473 475 116 176 124 222 120 412 398 
230 145 342 281 0 258 472 292 88 319 488 460 491 350 247 351 380 276 355 195 393 299 156 365 480 429 248 310 151 318 
428 499 255 280 341 0 486 488 312 277 75 337 472 242 83 77 439 384 408 422 238 102 314 243 415 179 429 343 133 238 
444 401 373 443 155 152 0 283 348 139 301 331 165 137 302 357 170 330 51 53 237 423 448 496 237 190 410 122 325 252 
205 62 403 105 141 345 418 0 243 334 265 333 134 302 204 221 104 267 97 140 268 100 83 191 254 78 134 150 194 206 
425 152 117 193 54 379 285 105 0 296 478 389 267 66 229 69 220 400 330 437 447 420 412 253 209 102 213 237 393 313 
137 98 237 446 372 137 451 250 372 0 262 497 105 151 470 122 330 489 499 437 74 192 139 444 103 99 152 362 262 95 
254 75 389 58 469 335 380 105 492 129 0 427 253 332 483 110 302 311 391 497 65 83 71 207 172 221 260 221 80 121 
434 332 81 215 221 89 183 55 175 239 253 0 462 372 456 293 110 66 301 371 163 54 387 196 282 300 318 453 60 246 
239 338 179 71 126 344 242 165 233 454 498 422 0 206 459 294 368 251 354 140 259 432 253 263 74 399 495 324 424 203 
90 169 393 135 54 414 211 104 362 82 287 315 79 0 416 227 488 416 301 446 476 392 204 407 144 173 187 250 167 218 
380 76 465 499 419 99 259 332 467 313 193 500 99 214 0 285 221 147 480 136 399 425 112 290 128 225 140 458 363 340 
331 287 426 357 251 180 276 57 389 314 474 201 214 229 458 0 134 465 178 232 444 472 130 124 83 370 409 258 460 366 
327 56 196 113 432 52 315 112 485 322 207 55 295 359 426 231 0 72 59 402 407 241 101 378 77 175 411 397 83 376 
113 155 202 326 301 266 257 59 80 75 251 108 233 256 353 298 181 0 290 76 397 191 433 138 449 311 165 123 428 269 
363 303 88 468 456 364 475 221 327 241 458 109 442 65 292 197 124 296 0 84 365 322 431 262 254 275 211 271 147 491 
199 122 110 452 160 284 163 474 259 334 300 450 291 359 391 62 357 294 137 0 359 84 452 180 465 420 141 447 337 118 
93 328 267 372 144 426 482 378 88 455 136 373 461 292 370 76 389 383 139 389 0 470 449 423 177 335 144 303 182 297 
140 251 96 174 468 418 268 149 399 145 188 109 439 267 69 437 136 302 326 225 392 0 421 401 96 344 284 137 194 87 
270 441 384 227 243 57 401 160 482 50 58 126 188 117 271 405 343 208 247 352 240 423 0 450 160 79 496 210 314 339 
110 107 315 257 441 492 450 448 393 109 185 393 324 468 287 147 239 191 441 153 144 499 99 0 273 448 416 303 199 126 
116 488 393 380 303 150 320 50 99 474 393 366 158 492 189 125 278 287 70 175 434 380 270 432 0 429 493 379 345 295 
77 177 117 271 69 447 280 376 473 281 426 446 380 498 310 372 186 142 356 423 369 482 112 249 251 0 494 384 450 372 
228 452 155 111 68 133 131 222 363 213 401 350 138 103 230 342 363 308 479 455 370 157 80 351 220 279 0 308 420 162 
465 499 97 416 153 158 190 236 446 118 306 159 470 155 454 72 91 296 141 105 481 96 426 137 126 483 63 0 111 498 
434 430 462 432 477 133 291 342 273 234 287 342 246 152 67 107 106 89 149 108 180 411 88 433 92 382 265 75 0 396 
82 279 85 463 447 223 439 79 220 280 58 160 274 350 356 376 123 414 188 162 269 453 500 179 491 188 222 373 404 0 

572.1 0 23
572.1 1 14
572.1 2 18
572.1 3 26
572.1 4 5
572.1 5 7
572.1 6 1
572.1 7 18
572.1 8 4
572.1 9 10
572.1 10 6
572.1 11 3
572.1 12 13
572.1 13 17
572.1 14 1
572.1 15 18
572.1 16 6
572.1 17 3
572.1 18 28
572.1 19 0
572.1 20 2
572.1 21 9
572.1 22 0
572.1 23 5
572.1 24 0
572.1 25 28
572.1 26 4
572.1 27 16
572.1 28 17
572.1 29 7

