30 30 4

0 152 121 356 122 168 65 477 311 326 479 144 87 240 244 245 94 301 137 213 374 159 80 50 399 139 464 102 114 236 
360 0 451 95 187 306 167 61 77 350 323 354 84 173 391 481 367 343 75 375 430 445 248 296 475 248 194 113 419 246 
384 154 0 312 335 199 449 347 72 460 375 128 489 435 163 161 81 143 479 374 375 109 60 319 307 306 500 262 206 112 
387 158 203 0 491 420 244 397 124 90 175 290 171 254 279 105 123 146 137 423 331 461 54 390 471 323 404 483 79 165 
188 348 51 296 0 50 248 422 244 351 496 285 477 493 406 437 271 218 266 123 305 395 405 472 155 50 443 429 404 181 
214 275 76 61 483 0 322 62 231 451 256 288 202 247 471 194 360 163 171 77 135 245 332 481 356 303 135 112 452 270 
467 340 434 448 366 446 0 431 394 214 368 344 176 155 497 374 333 397 440 446 68 467 81 470 54 268 81 63 109 143 
222 86 316 61 226 471 377 0 171 401 270 91 475 321 218 336 73 298 168 420 237 321 194 203 352 370 414 326 157 427 
385 458 148 177 480 366 354 450 0 242 231 350 219 273 324 490 441 160 62 238 485 188 181 305 89 334 363 165 247 188 
273 380 280 230 235 407 209 100 260 0 159 293 442 215 218 421 246 207 361 112 426 305 96 320 436 352 359 476 214 475 
429 109 454 64 339 390 249 452 98 300 0 212 414 299 360 336 467 280 81 380 347 143 61 358 396 331 500 247 397 231 
168 127 159 227 80 173 272 420 373 430 224 0 379 348 345 384 207 387 350 193 418 436 246 267 203 103 162 484 309 116 
136 490 234 420 355 167 450 479 145 125 107 74 0 56 192 373 107 75 286 444 131 430 117 66 175 334 219 436 202 409 
244 268 252 441 208 171 295 325 328 273 176 403 86 0 201 165 228 280 222 460 65 372 90 201 439 106 83 479 482 469 
181 147 419 399 349 359 107 470 154 138 297 133 265 407 0 377 416 278 311 195 207 271 417 78 311 118 224 124 151 202 
312 326 333 409 451 232 257 66 496 434 170 133 437 460 348 0 343 336 470 121 354 371 485 124 495 62 385 112 236 215 
420 389 478 452 428 142 402 366 106 418 361 490 294 201 182 461 0 255 476 52 432 303 356 302 287 430 296 55 71 114 
449 443 484 93 176 191 471 269 300 337 325 217 404 70 218 104 202 0 385 66 384 387 448 393 450 456 386 379 252 148 
156 72 96 306 263 139 432 404 316 200 203 359 475 127 263 251 51 73 0 404 386 89 494 479 487 387 428 199 479 63 
401 126 376 179 172 181 392 468 113 52 284 263 205 142 445 489 355 195 490 0 135 305 131 381 299 110 124 392 244 273 
370 257 380 447 133 58 325 264 401 293 327 159 76 297 314 168 448 59 230 349 0 255 71 154 337 402 159 153 476 50 
347 248 126 104 127 279 394 343 104 157 243 347 191 108 373 194 372 247 141 137 427 0 440 343 204 300 386 106 409 489 
81 165 91 487 449 145 320 227 245 162 281 353 111 127 250 169 206 394 248 404 241 335 0 86 387 384 241 187 269 297 
302 464 84 174 55 277 122 357 97 55 102 209 287 161 478 120 117 146 277 217 344 387 408 0 386 423 50 269 370 394 
245 166 196 208 408 76 420 184 355 484 438 360 85 354 353 403 331 424 470 427 407 186 478 293 0 300 119 422 300 338 
292 194 289 164 96 204 71 122 123 413 183 313 350 493 104 410 346 457 240 476 426 374 382 318 107 0 381 117 176 302 
368 220 93 61 460 208 314 370 436 386 199 348 68 463 405 267 66 314 319 474 54 294 155 134 382 180 0 191 262 247 
73 271 321 243 314 332 409 472 352 278 408 237 184 462 462 146 366 436 162 180 254 342 391 255 204 231 343 0 334 128 
312 80 151 82 352 100 346 390 216 74 242 444 188 185 334 149 354 430 466 289 299 352 249 347 449 210 50 179 0 53 
334 464 315 121 114 347 179 371 399 275 86 423 223 237 110 115 70 417 175 451 138 170 456 196 369 302 144 286 303 0 

506 0 26
506 1 8
506 2 9
506 3 12
506 4 8
506 5 15
506 6 8
506 7 16
506 8 9
506 9 27
506 10 9
506 11 21
506 12 26
506 13 17
506 14 26
506 15 27
506 16 5
506 17 21
506 18 12
506 19 9
506 20 3
506 21 24
506 22 24
506 23 8
506 24 9
506 25 1
506 26 19
506 27 25
506 28 10
506 29 9

