30 30 4

0 318 311 437 351 373 427 195 104 417 206 447 331 456 277 196 126 330 435 295 317 209 164 92 312 235 170 312 463 78 
367 0 61 102 178 448 403 50 374 305 104 290 461 257 328 172 484 474 249 314 164 494 337 323 158 379 341 99 255 153 
62 491 0 226 280 92 354 228 202 110 308 457 371 305 173 127 339 296 111 312 251 375 426 451 211 456 108 297 52 365 
258 155 133 0 455 332 363 498 392 297 406 453 312 362 323 323 241 157 161 243 218 179 444 299 311 395 216 266 209 219 
476 73 428 130 0 363 382 168 433 135 267 436 491 426 247 108 455 276 300 111 143 493 279 272 193 284 83 87 451 55 
453 376 481 233 303 0 318 95 392 192 478 233 409 170 431 334 123 489 289 350 495 106 443 244 336 215 387 326 455 180 
483 460 132 359 441 315 0 161 258 117 259 400 94 199 65 421 129 105 495 324 344 344 319 401 493 269 443 414 155 475 
368 492 458 328 123 316 475 0 145 183 439 212 149 94 463 298 109 384 133 165 378 407 215 428 432 322 420 200 471 90 
61 446 408 52 403 442 333 425 0 416 184 107 354 346 206 399 64 210 214 398 293 329 482 200 251 165 131 279 292 282 
250 332 500 402 239 52 304 388 91 0 435 303 225 492 364 70 405 469 291 114 182 189 358 218 377 264 175 493 101 404 
284 89 153 322 89 261 60 91 64 398 0 132 205 408 307 197 478 83 101 446 324 372 127 219 436 51 303 199 176 295 
251 287 285 290 146 106 329 358 323 126 128 0 428 415 284 335 428 431 312 461 238 464 492 316 297 417 252 299 219 401 
181 464 358 418 455 355 64 60 390 128 90 467 0 206 468 137 440 58 65 126 76 232 70 490 223 337 286 140 88 84 
309 195 423 480 260 96 434 114 317 201 210 395 448 0 383 101 415 471 247 423 486 324 449 217 344 194 147 180 430 237 
425 221 252 120 143 438 86 189 128 357 213 279 66 107 0 226 156 365 347 126 112 476 318 386 180 241 436 324 338 323 
253 281 247 424 240 73 273 177 109 169 255 172 332 240 189 0 389 172 295 461 469 127 72 200 151 164 330 342 99 153 
387 372 113 374 326 487 320 105 467 448 372 135 409 494 417 356 0 182 61 478 183 472 203 260 250 353 361 364 390 410 
414 493 52 492 105 376 73 299 196 129 265 350 451 350 258 444 473 0 320 333 240 298 466 419 207 433 168 59 500 483 
155 165 152 148 167 350 410 494 374 208 396 209 179 245 159 235 209 309 0 207 480 348 398 484 314 316 190 453 190 406 
208 172 61 324 481 366 441 331 482 190 411 190 292 119 75 487 435 261 403 0 450 418 138 298 71 121 318 93 468 477 
234 129 184 112 347 214 300 419 362 130 401 51 247 297 294 72 322 487 213 82 0 145 162 207 233 166 435 60 434 479 
234 166 419 314 301 237 367 465 487 286 82 323 393 84 69 189 84 91 217 277 254 0 250 373 123 163 312 239 97 323 
380 282 56 496 407 76 52 144 150 224 130 142 256 404 485 497 179 173 287 221 340 64 0 181 296 143 461 165 405 200 
213 434 286 201 197 488 108 430 491 202 79 214 489 171 176 392 155 173 71 485 166 449 81 0 180 336 327 480 297 443 
141 203 362 74 439 269 221 182 327 358 172 235 387 92 224 58 219 322 370 98 99 355 214 498 0 386 101 90 419 287 
337 117 378 246 185 159 391 405 330 72 438 394 195 380 281 444 310 496 162 131 365 417 388 426 131 0 141 311 389 181 
230 175 224 53 53 420 189 162 310 300 198 333 237 92 234 323 79 177 132 74 497 421 389 413 308 315 0 250 399 332 
138 80 268 264 254 272 474 174 167 342 190 417 490 473 360 288 206 183 317 90 472 97 86 392 437 449 199 0 458 199 
305 496 287 335 264 257 295 242 437 175 359 278 316 275 268 495 341 262 408 474 286 448 446 333 484 93 476 432 0 243 
433 337 498 429 331 88 399 87 333 140 475 215 449 459 237 430 433 231 270 195 138 244 431 85 396 470 68 439 446 0 

568.5 0 17
568.5 1 8
568.5 2 5
568.5 3 28
568.5 4 6
568.5 5 20
568.5 6 25
568.5 7 25
568.5 8 23
568.5 9 5
568.5 10 19
568.5 11 17
568.5 12 20
568.5 13 17
568.5 14 7
568.5 15 24
568.5 16 18
568.5 17 24
568.5 18 8
568.5 19 1
568.5 20 17
568.5 21 4
568.5 22 17
568.5 23 16
568.5 24 26
568.5 25 27
568.5 26 3
568.5 27 9
568.5 28 4
568.5 29 1

