30 30 3

0 120 272 71 382 245 401 452 469 392 88 395 234 51 438 128 488 282 210 344 160 122 66 387 265 115 261 279 333 416 
460 0 469 487 439 246 368 183 354 319 358 245 113 460 185 114 397 264 309 385 180 152 251 253 168 138 224 440 349 209 
479 265 0 169 448 251 107 400 325 447 253 351 304 449 414 263 133 479 367 103 287 251 234 145 453 437 470 297 367 166 
145 75 144 0 116 194 298 73 458 198 349 404 401 199 415 349 112 384 189 297 250 242 290 208 426 141 367 118 111 163 
191 227 465 217 0 321 81 117 119 104 282 267 159 392 374 308 306 223 127 190 118 130 146 310 371 304 443 218 377 267 
279 490 409 212 211 0 332 240 242 399 65 52 387 489 162 279 362 420 84 291 253 431 359 334 284 169 411 294 318 128 
171 84 114 367 199 276 0 77 481 222 476 136 237 479 473 225 140 251 87 266 493 328 226 179 394 59 413 62 176 414 
86 461 84 120 74 157 270 0 57 392 457 229 367 92 173 345 65 348 191 473 141 164 221 176 340 351 69 349 470 288 
231 383 324 191 173 150 423 488 0 370 430 379 83 365 245 125 244 297 347 92 438 320 390 308 491 272 147 97 291 446 
274 285 383 363 315 74 243 416 447 0 230 492 132 315 74 203 59 150 398 62 203 196 207 473 85 465 220 308 112 474 
305 264 454 297 147 317 111 378 59 477 0 324 446 469 162 260 493 315 476 349 419 245 52 114 402 231 150 366 157 164 
184 131 175 155 84 422 252 107 484 336 323 0 460 159 475 184 478 234 384 499 417 232 418 161 441 482 269 172 338 134 
486 452 476 116 334 130 358 255 88 171 238 374 0 445 405 239 419 88 216 360 422 421 483 361 338 143 301 320 362 179 
364 202 165 72 384 438 356 220 51 110 258 173 55 0 338 324 410 76 449 204 449 64 333 370 497 193 414 346 200 440 
414 86 304 323 201 326 206 345 181 377 347 448 341 226 0 453 179 256 118 412 204 273 361 426 105 437 422 455 350 475 
154 497 144 190 300 417 97 332 330 393 219 413 446 166 460 0 378 119 138 133 394 50 287 166 117 212 428 260 341 382 
316 71 243 312 165 139 318 289 187 149 118 286 318 237 438 191 0 196 315 467 492 398 360 248 391 233 315 103 160 281 
150 249 96 171 442 115 493 80 139 281 424 239 105 416 263 292 353 0 404 439 167 370 186 271 437 384 162 169 405 215 
279 185 71 478 438 399 175 52 391 206 142 172 129 87 434 496 56 226 0 104 167 371 222 487 56 443 179 390 311 298 
294 232 284 185 253 261 122 151 387 332 249 299 180 127 134 217 60 336 223 0 236 391 340 313 319 83 75 468 419 171 
279 217 415 461 451 306 421 418 379 278 60 210 477 309 340 103 150 263 321 436 0 192 56 326 239 76 351 479 101 319 
397 223 97 320 344 264 270 357 184 395 235 413 405 151 145 421 197 199 70 166 226 0 212 308 232 489 497 465 339 231 
273 364 128 202 167 398 252 382 375 108 272 269 293 391 380 150 487 56 297 392 283 413 0 117 446 428 55 190 180 227 
479 362 450 99 196 358 216 93 109 304 174 168 283 149 411 380 480 268 122 242 271 220 476 0 391 287 421 318 500 110 
204 433 295 65 138 344 211 446 267 462 54 277 342 172 59 442 290 390 177 57 462 369 278 182 0 344 168 175 264 192 
381 324 347 69 326 362 157 169 280 102 142 448 107 370 289 436 135 437 225 475 113 232 193 433 217 0 81 483 91 413 
247 234 50 277 80 69 102 148 384 429 378 436 70 81 249 390 77 185 476 464 116 206 284 299 105 423 0 222 343 405 
263 256 151 447 463 135 477 238 187 332 121 115 209 264 343 448 463 439 231 354 414 401 421 327 184 426 138 0 106 147 
432 462 116 394 319 63 356 404 246 93 298 77 372 119 444 135 168 147 97 107 328 402 227 228 78 53 119 454 0 142 
382 100 280 99 373 173 369 142 235 479 339 485 483 122 356 309 272 441 427 125 245 484 159 353 211 94 381 421 163 0 

500.75 0 26
500.75 1 27
500.75 2 25
500.75 3 6
500.75 4 1
500.75 5 8
500.75 6 0
500.75 7 1
500.75 8 25
500.75 9 7
500.75 10 4
500.75 11 8
500.75 12 25
500.75 13 12
500.75 14 13
500.75 15 22
500.75 16 17
500.75 17 23
500.75 18 19
500.75 19 2
500.75 20 28
500.75 21 8
500.75 22 19
500.75 23 16
500.75 24 3
500.75 25 10
500.75 26 9
500.75 27 20
500.75 28 18
500.75 29 15

