30 30 3

0 471 319 364 471 320 418 88 255 233 272 279 378 152 143 289 451 266 463 442 273 228 149 475 456 482 473 420 342 482 
383 0 84 208 409 398 386 228 315 424 189 254 402 174 338 54 267 127 211 239 89 153 219 474 252 400 429 233 373 105 
282 110 0 438 316 476 102 420 361 487 442 491 176 195 393 300 484 153 274 317 314 219 112 417 388 86 375 288 221 315 
367 276 303 0 427 421 118 402 229 244 469 216 185 460 98 331 108 104 70 211 328 93 231 254 155 355 141 398 229 135 
326 250 208 101 0 52 342 228 327 243 408 71 419 330 206 378 378 243 192 432 470 109 467 62 290 220 168 144 67 272 
80 360 97 280 67 0 356 283 359 290 109 309 404 337 227 233 494 311 317 443 209 249 413 268 422 425 57 141 299 152 
365 278 389 224 325 168 0 449 387 401 63 177 217 78 80 53 462 264 253 479 287 196 187 486 315 405 163 446 169 461 
245 478 326 473 366 256 53 0 484 411 391 141 181 67 308 209 97 311 171 67 271 149 305 417 494 497 231 154 160 383 
273 327 127 250 359 306 115 115 0 66 306 232 407 397 363 180 411 279 434 428 156 452 198 462 463 321 455 459 258 109 
325 141 332 152 425 289 461 231 110 0 282 247 366 221 360 469 290 490 379 68 423 307 174 130 211 343 92 483 297 258 
240 356 82 331 395 391 256 390 108 193 0 450 96 146 316 474 212 284 264 201 370 489 330 383 163 167 93 456 209 282 
459 173 229 71 413 266 172 303 228 61 117 0 371 461 164 223 483 344 385 474 107 292 343 96 122 432 416 446 475 127 
154 464 85 485 192 313 397 408 435 199 136 446 0 474 213 163 344 387 145 187 271 118 245 63 411 498 342 98 413 287 
73 490 147 243 281 131 385 301 478 499 235 384 134 0 388 113 298 50 407 391 352 300 368 421 495 381 87 492 429 136 
160 215 366 356 69 108 344 357 199 144 91 197 329 181 0 282 423 244 286 179 357 383 482 156 250 402 151 131 195 349 
266 281 216 188 146 71 207 411 365 270 109 459 311 257 495 0 442 245 173 185 237 303 248 119 284 355 319 392 212 156 
86 60 373 318 433 60 170 455 424 288 75 193 347 241 455 310 0 442 152 54 114 495 241 367 242 66 150 96 336 248 
258 198 285 476 277 309 408 494 185 118 417 423 351 317 477 91 478 0 286 239 129 498 303 123 445 377 72 462 477 118 
53 432 83 408 216 265 185 475 172 178 159 448 95 289 298 118 265 95 0 95 257 284 174 461 293 455 406 169 233 123 
353 57 333 284 90 240 450 305 375 180 184 53 496 131 305 284 135 373 255 0 387 418 463 170 298 423 169 459 84 289 
191 157 141 199 440 131 446 180 287 458 261 417 348 264 412 185 68 196 270 391 0 401 156 64 119 483 69 249 358 478 
283 146 376 147 444 281 86 74 226 423 311 390 184 434 237 154 346 372 173 248 348 0 270 355 210 492 181 399 60 380 
257 244 162 353 119 466 53 350 52 284 283 181 302 172 71 235 116 176 287 194 55 241 0 493 275 96 409 473 227 308 
483 313 64 434 181 123 52 147 126 353 356 361 342 487 369 220 58 103 286 391 341 187 396 0 288 386 377 334 294 350 
267 101 88 286 322 472 418 396 475 271 472 83 126 88 375 112 407 94 327 217 87 217 264 224 0 112 51 109 196 92 
353 496 309 161 290 302 433 469 219 328 443 440 56 232 272 301 313 334 208 113 368 131 150 291 345 0 80 110 102 139 
256 144 199 458 160 66 247 412 449 215 337 484 364 276 490 302 498 497 114 87 411 178 161 492 485 403 0 92 65 219 
145 154 425 239 59 382 105 75 335 467 231 257 303 214 327 285 410 129 489 406 400 283 317 77 394 308 62 0 52 107 
77 221 202 388 352 147 154 440 203 179 482 169 116 238 179 280 64 414 189 350 159 302 250 392 118 484 492 132 0 496 
495 189 279 422 341 374 481 439 478 420 348 363 401 223 430 345 352 416 116 473 312 416 131 113 165 229 388 149 220 0 

480 0 9
480 1 12
480 2 19
480 3 19
480 4 6
480 5 3
480 6 28
480 7 24
480 8 26
480 9 2
480 10 25
480 11 12
480 12 14
480 13 3
480 14 28
480 15 8
480 16 8
480 17 21
480 18 28
480 19 12
480 20 2
480 21 25
480 22 11
480 23 27
480 24 8
480 25 7
480 26 2
480 27 26
480 28 0
480 29 21

