30 30 3

0 389 312 405 472 359 55 391 213 71 283 380 418 157 171 330 391 61 458 243 453 355 469 327 340 92 55 487 381 74 
203 0 390 414 221 51 141 79 56 482 242 284 472 122 408 128 450 237 225 217 401 418 170 255 142 447 302 184 208 288 
271 233 0 197 368 353 369 369 444 398 375 181 140 158 152 419 66 230 124 460 405 291 117 78 411 78 170 114 330 61 
272 324 282 0 211 472 149 63 340 468 457 237 98 345 83 414 447 208 186 384 282 352 288 73 419 73 190 448 400 461 
277 411 440 101 0 400 150 279 499 164 118 223 327 61 478 171 302 391 325 460 76 208 242 379 202 265 53 225 161 451 
332 122 435 449 61 0 242 348 368 471 103 238 295 483 65 306 460 393 107 107 424 274 340 131 466 425 491 437 429 215 
97 135 253 169 69 202 0 387 468 256 255 194 309 443 439 498 214 452 458 314 265 271 237 489 110 75 454 486 65 390 
414 437 194 255 190 69 275 0 98 407 449 304 368 143 320 66 288 317 231 239 481 251 455 251 194 199 312 219 153 53 
441 249 417 378 393 378 274 169 0 152 322 75 308 332 149 401 151 165 188 175 102 134 155 303 295 357 204 444 375 373 
303 378 314 259 50 398 358 378 171 0 477 237 199 51 495 237 150 151 339 473 496 464 74 129 325 84 130 181 238 74 
55 110 83 383 130 292 383 234 150 468 0 111 333 204 260 335 198 448 191 299 493 163 294 212 395 130 487 429 210 168 
166 441 380 433 231 470 270 473 108 454 329 0 75 65 162 229 482 203 377 185 100 382 177 421 176 95 315 463 82 450 
172 407 115 320 286 254 50 462 474 473 70 184 0 58 95 199 377 275 387 286 358 72 92 240 406 463 122 208 484 84 
240 433 206 353 498 476 345 252 476 307 432 205 327 0 115 420 372 471 52 353 114 288 211 343 86 157 248 500 229 406 
483 263 352 172 419 204 376 151 500 334 333 62 266 488 0 339 87 163 417 58 165 477 122 159 394 415 196 50 369 402 
229 482 140 442 89 262 116 244 345 424 450 178 257 218 394 0 451 56 432 114 179 196 436 155 475 302 499 145 204 255 
220 105 434 201 402 131 241 371 198 191 215 121 347 343 84 64 0 444 486 277 375 306 162 277 448 268 458 249 473 102 
159 228 272 214 368 180 323 450 371 193 354 268 358 181 321 200 216 0 91 143 408 318 224 213 430 207 367 404 164 116 
133 216 225 67 195 146 385 325 419 334 402 318 187 376 175 75 196 81 0 241 237 382 148 54 312 67 190 470 384 301 
340 206 384 263 138 401 408 234 285 439 359 326 340 176 219 215 57 244 361 0 88 191 304 420 289 64 439 62 204 408 
397 455 454 102 94 216 190 201 330 130 437 268 439 469 107 321 394 479 328 345 0 95 123 486 349 493 482 363 187 494 
274 301 146 435 255 199 480 177 95 180 458 383 323 225 321 498 490 349 148 468 176 0 443 63 249 428 118 449 165 432 
135 159 412 387 255 346 348 160 81 475 206 419 432 88 448 364 115 446 109 170 300 76 0 53 242 296 459 376 121 163 
492 52 249 150 170 342 111 466 396 222 254 370 134 172 58 379 119 372 200 271 431 321 70 0 213 324 469 216 489 345 
287 152 336 496 351 192 165 399 253 337 294 425 90 370 58 212 378 387 489 456 294 466 142 114 0 487 306 144 211 228 
132 55 221 234 341 216 291 483 87 396 236 374 396 367 415 266 376 333 143 469 77 306 262 494 398 0 82 236 410 176 
397 137 466 403 308 406 450 230 197 189 267 92 375 348 195 241 262 411 323 301 260 499 329 65 467 78 0 170 500 264 
79 382 367 167 103 476 181 460 426 118 156 114 91 405 195 389 99 142 357 216 172 365 183 170 193 405 136 0 428 74 
342 191 104 431 264 428 484 240 315 443 165 383 305 436 425 210 130 69 466 222 133 389 344 448 71 220 140 426 0 63 
67 451 355 415 261 285 178 188 476 368 453 418 239 92 223 174 223 139 461 449 311 390 81 199 440 479 427 160 118 0 

588 0 27
588 1 2
588 2 18
588 3 13
588 4 13
588 5 7
588 6 4
588 7 26
588 8 19
588 9 5
588 10 19
588 11 8
588 12 4
588 13 23
588 14 15
588 15 13
588 16 21
588 17 16
588 18 9
588 19 7
588 20 22
588 21 15
588 22 20
588 23 7
588 24 27
588 25 19
588 26 19
588 27 0
588 28 12
588 29 16

