30 30 4

0 210 216 78 146 91 103 352 263 85 237 369 347 463 138 71 101 396 318 349 103 192 370 445 177 60 405 137 168 290 
122 0 496 450 289 73 303 86 333 361 299 369 98 375 422 60 463 444 318 358 261 374 412 159 243 112 493 253 223 130 
372 463 0 202 367 169 197 146 178 234 429 489 239 53 86 113 426 303 76 125 328 140 92 201 51 408 150 320 400 354 
250 236 432 0 419 145 54 294 499 357 422 232 492 411 178 496 203 241 177 213 474 459 491 114 257 398 322 164 498 349 
270 107 305 457 0 245 223 308 249 468 306 105 389 245 97 55 373 299 209 320 182 128 294 140 325 114 347 222 386 217 
426 441 193 484 245 0 149 435 419 163 184 142 420 446 237 164 493 243 487 498 158 306 179 443 306 476 267 370 78 439 
463 245 364 159 389 103 0 355 244 489 480 358 379 328 277 324 64 147 73 464 133 70 328 145 407 270 158 382 487 478 
411 425 196 362 496 306 250 0 305 367 201 500 102 58 134 380 492 409 150 138 188 114 428 415 392 72 321 369 180 410 
355 365 320 487 267 388 238 279 0 138 493 352 496 249 404 53 333 283 251 448 384 339 135 204 266 257 302 495 77 170 
382 437 476 246 463 218 219 351 406 0 449 195 398 300 190 353 411 400 186 193 150 133 283 195 426 193 167 182 446 161 
416 322 249 109 53 445 278 221 371 335 0 126 75 480 475 325 376 83 442 482 219 135 338 59 124 483 191 475 356 79 
176 468 445 448 216 260 452 368 489 172 445 0 323 456 470 59 186 50 141 219 443 123 389 284 411 154 114 150 295 88 
456 324 214 179 475 369 102 235 76 176 430 405 0 120 252 360 296 468 496 296 109 215 238 182 310 228 299 414 293 155 
415 331 318 445 252 203 419 327 255 360 353 137 289 0 464 414 248 324 209 215 319 456 274 240 400 162 500 128 168 169 
371 480 83 408 297 478 366 451 153 399 412 219 251 500 0 459 422 413 413 245 122 127 270 284 108 461 390 427 216 468 
301 336 94 281 125 209 77 310 281 234 169 180 146 338 137 0 145 52 58 264 415 253 92 249 230 82 63 190 423 440 
112 146 448 398 191 228 474 106 462 490 337 196 158 467 499 446 0 104 350 449 319 113 119 72 363 318 252 395 331 148 
317 478 210 414 425 315 311 359 495 367 320 484 203 222 141 377 220 0 293 187 69 241 456 340 67 234 202 335 436 96 
373 290 120 106 451 484 481 265 294 95 466 367 365 449 276 294 296 152 0 464 88 289 240 487 245 286 53 429 438 338 
121 240 417 361 310 473 67 500 209 489 500 461 454 366 326 158 142 326 404 0 451 289 443 240 235 429 191 471 432 326 
164 476 397 355 149 465 371 328 238 127 488 227 126 448 387 199 480 252 498 305 0 155 448 301 97 394 242 232 84 213 
370 361 83 346 464 144 201 184 466 479 373 92 222 306 375 377 399 280 112 150 277 0 368 256 225 375 59 325 323 449 
360 242 318 427 276 370 390 370 70 74 91 256 153 340 428 409 215 304 307 445 367 408 0 429 441 370 360 71 379 184 
344 327 250 86 352 176 312 221 273 388 449 53 430 204 156 269 131 271 190 142 77 342 459 0 191 270 155 60 129 176 
146 470 470 179 220 55 481 346 73 409 325 412 113 328 341 267 190 316 104 167 457 196 195 298 0 361 92 274 466 310 
109 141 406 78 318 291 248 79 479 94 103 143 125 465 206 160 61 423 56 327 233 174 490 136 75 0 494 447 117 267 
169 377 326 467 489 355 284 487 102 314 465 353 123 107 185 294 470 295 61 148 301 94 331 425 84 417 0 450 77 120 
274 51 239 357 83 412 346 144 196 88 404 216 259 256 496 316 147 289 492 392 56 139 400 100 420 324 134 0 93 481 
369 370 254 126 108 110 159 226 162 254 372 200 157 294 165 119 289 431 217 284 178 315 290 267 214 341 394 245 0 181 
437 225 256 62 185 332 327 245 442 52 114 402 375 471 265 375 136 90 371 273 464 361 402 279 358 168 199 405 61 0 

529 0 11
529 1 20
529 2 0
529 3 28
529 4 27
529 5 15
529 6 3
529 7 26
529 8 2
529 9 10
529 10 14
529 11 2
529 12 0
529 13 17
529 14 25
529 15 21
529 16 0
529 17 11
529 18 25
529 19 10
529 20 19
529 21 14
529 22 27
529 23 13
529 24 13
529 25 9
529 26 3
529 27 28
529 28 4
529 29 0

