30 30 3

0 147 175 304 465 481 474 465 51 491 236 366 306 94 453 67 116 92 159 326 334 72 74 374 476 448 409 417 130 127 
369 0 318 431 495 121 151 231 94 116 233 292 58 98 304 309 257 77 375 55 186 201 340 209 432 420 184 135 329 307 
422 162 0 176 239 300 170 66 401 351 111 223 83 109 438 339 363 247 302 146 328 308 282 235 354 441 373 273 332 458 
308 345 380 0 421 471 325 220 347 342 120 405 159 50 194 425 438 239 494 391 248 139 219 262 371 404 115 68 277 94 
106 441 353 401 0 76 273 128 352 443 181 400 269 85 58 476 437 189 414 382 182 60 129 271 229 341 348 340 162 366 
116 207 422 56 59 0 79 83 489 157 141 431 288 491 406 80 255 382 223 394 51 104 282 61 184 52 448 231 350 287 
344 423 353 50 100 115 0 266 129 355 254 236 202 391 231 192 52 261 153 140 434 253 141 244 485 360 134 243 307 316 
300 300 159 222 152 366 272 0 424 131 352 486 91 294 187 432 475 86 434 442 396 74 131 149 372 326 340 231 410 83 
244 225 333 494 90 54 352 162 0 483 483 243 90 468 491 335 154 422 65 397 356 458 293 136 88 148 458 120 438 396 
481 471 139 412 59 340 209 270 191 0 321 253 173 271 500 140 261 334 452 183 350 104 245 63 347 331 308 445 495 379 
139 390 115 109 480 477 326 319 185 95 0 216 213 54 340 434 54 186 194 338 344 83 394 399 485 163 452 315 422 153 
310 300 242 406 365 57 385 97 333 410 440 0 135 126 152 139 172 292 143 308 192 188 359 226 288 464 210 402 171 232 
323 274 248 329 222 153 400 230 245 447 269 154 0 142 354 437 244 200 108 486 293 123 178 187 432 110 426 395 477 83 
65 208 356 497 162 391 425 266 290 154 217 443 130 0 321 85 190 258 486 340 316 228 340 389 112 477 76 172 158 177 
148 398 400 63 253 396 382 350 320 147 139 181 314 289 0 468 342 324 157 99 65 204 121 243 494 217 305 226 243 183 
91 127 282 439 477 51 399 372 383 248 398 237 94 285 257 0 89 252 98 119 116 354 134 270 182 328 470 105 339 195 
298 473 443 131 461 382 107 218 280 185 100 234 83 494 485 74 0 251 73 484 55 142 99 116 434 319 248 261 288 59 
306 189 63 278 132 145 445 220 202 162 206 338 420 390 127 169 131 0 151 370 361 134 132 454 183 198 387 208 152 354 
202 161 366 98 174 351 387 269 295 106 178 164 262 466 83 358 92 202 0 439 400 279 300 485 117 460 374 472 102 289 
330 162 197 197 478 245 321 84 131 297 330 187 425 444 155 146 233 464 188 0 141 158 87 126 164 278 400 330 152 371 
138 147 200 250 294 347 435 490 375 469 327 378 54 221 58 204 326 154 143 496 0 499 235 361 292 67 231 70 418 61 
379 288 149 476 195 106 269 492 491 465 122 215 499 450 220 219 458 374 251 111 224 0 454 109 165 314 108 182 495 128 
306 262 213 94 362 188 446 174 163 437 164 335 266 85 333 215 255 258 173 336 459 441 0 266 412 257 381 432 315 62 
427 149 319 395 312 119 256 206 64 380 319 207 250 360 423 286 399 345 247 156 468 289 322 0 164 54 233 371 385 372 
185 154 54 284 179 399 302 248 155 458 469 241 484 382 198 343 61 190 449 356 143 104 79 139 0 376 193 350 316 64 
442 394 406 95 398 397 224 296 198 178 157 156 353 105 139 234 253 188 245 149 136 307 242 398 336 0 87 480 236 388 
51 457 329 395 118 130 292 465 60 88 370 188 402 232 247 457 77 431 209 215 383 64 58 396 464 406 0 439 50 385 
174 388 143 130 423 488 198 52 487 370 62 74 239 407 182 177 153 139 204 291 54 125 380 69 133 482 483 0 245 420 
483 337 300 127 430 136 500 417 492 259 403 361 271 183 306 385 316 433 244 161 343 241 165 418 327 184 51 309 0 373 
246 435 112 82 235 189 462 321 395 135 312 153 244 379 131 134 184 466 156 323 416 267 165 157 382 83 434 273 291 0 

611.49 0 8
611.49 1 2
611.49 2 27
611.49 3 28
611.49 4 25
611.49 5 11
611.49 6 4
611.49 7 15
611.49 8 7
611.49 9 1
611.49 10 3
611.49 11 25
611.49 12 1
611.49 13 16
611.49 14 0
611.49 15 18
611.49 16 12
611.49 17 22
611.49 18 10
611.49 19 28
611.49 20 0
611.49 21 2
611.49 22 25
611.49 23 8
611.49 24 1
611.49 25 7
611.49 26 28
611.49 27 10
611.49 28 26
611.49 29 16

