30 30 3

0 486 343 342 280 335 306 377 191 365 124 295 475 385 177 267 222 132 467 325 415 236 490 455 181 333 174 147 337 52 
451 0 315 244 500 364 230 91 376 107 439 447 388 234 177 479 117 394 408 406 360 232 320 95 428 274 433 467 155 287 
303 157 0 237 325 107 444 188 287 241 270 100 386 216 438 326 343 173 393 236 80 298 302 469 118 104 396 98 243 119 
203 480 372 0 66 424 196 330 367 334 324 314 310 374 199 476 68 476 318 398 368 260 428 166 62 396 441 116 498 245 
309 323 155 289 0 195 378 419 341 415 285 382 238 305 191 318 454 167 92 429 191 440 53 402 367 376 170 469 72 443 
223 474 458 496 128 0 453 397 213 371 238 127 362 326 71 166 467 339 120 340 382 255 238 321 465 346 395 340 466 363 
118 408 292 92 121 288 0 377 74 184 89 395 128 373 257 404 394 373 127 233 199 173 114 161 117 141 125 413 486 172 
134 105 240 248 347 489 320 0 341 366 344 232 161 238 66 485 201 177 378 74 461 317 430 133 137 90 408 229 166 76 
421 495 161 476 234 115 323 430 0 385 370 295 435 101 406 173 118 146 80 452 231 104 412 498 485 251 342 74 158 70 
397 185 197 147 52 173 332 117 202 0 468 453 71 262 387 330 374 266 154 227 297 105 408 107 467 161 298 217 453 79 
82 229 182 217 377 280 219 256 318 493 0 408 285 445 185 253 88 465 126 60 325 59 63 380 417 328 102 285 125 477 
237 361 58 173 494 225 256 273 150 462 90 0 142 125 81 294 260 284 88 432 116 305 463 126 75 99 249 109 151 484 
391 127 428 252 135 100 245 66 62 224 373 474 0 471 222 305 51 222 64 285 467 202 107 271 165 183 52 214 383 111 
71 122 453 149 500 204 441 306 155 214 318 85 86 0 498 55 465 302 263 186 73 254 152 225 311 130 96 445 132 467 
83 401 489 155 353 344 362 263 491 167 124 204 192 159 0 448 189 371 412 198 133 305 221 93 407 152 354 243 406 54 
326 372 87 226 116 193 285 410 261 498 401 378 328 311 69 0 437 258 416 63 377 320 353 181 491 396 294 349 249 488 
254 254 69 333 498 452 399 397 236 309 157 440 416 242 474 226 0 261 410 435 383 179 67 202 482 405 399 133 198 248 
88 392 208 499 167 491 497 118 390 393 60 198 257 450 320 449 423 0 496 416 88 186 299 424 203 207 161 107 313 244 
463 60 283 110 425 281 228 416 484 296 305 377 63 209 340 219 479 288 0 349 230 203 143 367 208 67 69 122 178 334 
385 129 52 151 362 112 282 349 290 197 333 293 208 416 306 123 255 475 308 0 249 323 489 158 417 355 73 190 130 145 
318 170 236 153 172 93 465 235 325 70 231 473 353 474 387 268 486 461 229 217 0 268 428 490 463 292 162 317 315 302 
154 166 327 274 352 430 397 395 151 338 427 171 275 155 230 456 492 204 441 208 383 0 157 427 66 354 145 308 222 413 
330 231 273 446 57 497 298 193 149 399 50 193 325 171 419 430 107 374 178 261 70 336 0 350 385 469 366 445 114 381 
166 477 417 347 249 362 110 452 366 461 308 265 461 451 296 339 125 226 396 449 110 157 226 0 396 213 110 365 286 261 
429 166 377 161 289 431 116 150 247 274 467 207 81 438 168 483 233 457 107 165 108 263 225 422 0 439 121 135 255 192 
371 222 327 243 98 438 482 235 260 131 433 484 304 139 65 241 464 254 425 420 311 296 235 280 472 0 156 425 299 241 
386 441 111 107 267 60 156 411 492 97 170 330 480 360 133 119 375 325 82 128 456 209 146 251 150 376 0 429 256 301 
434 204 186 130 472 244 103 483 106 464 474 153 340 303 133 200 143 409 281 174 197 116 129 112 212 86 212 0 87 222 
419 94 155 122 438 236 300 388 289 282 444 460 256 303 55 265 386 205 114 50 193 238 198 259 73 467 421 317 0 179 
214 489 304 466 350 132 403 85 382 290 81 164 440 491 126 242 496 97 335 408 162 335 100 350 239 65 374 206 436 0 

515 0 15
515 1 27
515 2 27
515 3 24
515 4 12
515 5 0
515 6 26
515 7 27
515 8 5
515 9 21
515 10 21
515 11 19
515 12 15
515 13 6
515 14 8
515 15 27
515 16 21
515 17 6
515 18 8
515 19 27
515 20 3
515 21 5
515 22 4
515 23 11
515 24 11
515 25 19
515 26 28
515 27 4
515 28 3
515 29 26

