30 30 4

0 180 417 53 366 312 354 127 375 201 439 491 330 486 355 495 102 331 121 418 396 249 308 208 100 220 228 189 225 141 
438 0 148 478 354 358 99 165 418 384 246 118 78 236 154 63 297 148 322 128 219 240 474 175 254 181 432 424 115 120 
355 207 0 57 209 391 118 67 441 440 435 80 186 260 108 128 364 121 376 219 394 210 388 133 183 62 93 70 444 468 
343 271 322 0 500 278 482 146 102 255 293 493 189 323 385 155 381 463 226 209 338 395 102 498 282 392 387 51 435 164 
201 158 457 422 0 431 212 407 168 64 215 373 308 207 268 337 91 374 218 261 99 377 98 444 185 303 432 283 396 433 
217 266 341 326 429 0 262 463 347 375 130 362 90 453 376 454 220 212 252 300 136 463 349 219 60 499 354 69 431 343 
172 119 60 144 410 92 0 73 379 261 370 460 341 438 256 500 313 210 426 476 412 226 318 374 281 488 140 487 97 367 
173 391 245 242 157 339 359 0 199 362 444 410 439 403 457 376 366 212 189 75 137 371 193 69 188 273 57 175 363 494 
430 436 166 320 180 114 427 470 0 179 332 331 122 448 476 232 404 352 97 322 491 122 165 117 472 392 462 244 399 137 
313 148 273 249 471 92 379 291 469 0 104 421 300 142 493 247 117 224 357 419 271 385 165 99 500 232 277 391 194 471 
496 488 284 350 260 483 320 58 117 111 0 477 172 482 483 264 230 436 87 405 499 457 382 383 328 188 138 60 415 480 
411 386 231 154 376 81 120 114 351 128 388 0 168 311 59 356 500 480 86 191 274 441 189 230 78 278 264 216 366 481 
131 101 391 223 283 251 98 314 321 369 371 155 0 256 490 172 473 345 378 208 137 68 432 77 414 368 313 191 132 479 
264 112 316 315 210 489 304 411 293 117 439 161 195 0 300 124 391 423 96 442 56 461 79 75 393 313 439 467 125 337 
98 104 100 368 370 365 77 115 376 194 114 199 339 226 0 344 139 56 441 268 309 383 274 269 168 55 161 431 445 335 
56 281 383 317 87 250 393 158 484 214 484 178 279 183 467 0 211 477 312 217 174 79 476 56 60 244 174 65 112 311 
216 397 73 447 486 96 484 443 440 349 426 153 332 310 138 465 0 484 299 198 51 222 322 81 197 84 298 148 415 69 
417 225 236 313 249 389 54 295 129 447 441 428 129 301 259 145 389 0 224 128 395 128 130 116 156 368 471 190 372 325 
104 391 241 279 126 260 234 466 264 236 94 418 176 472 497 427 437 141 0 72 160 427 417 445 263 239 100 337 209 447 
208 484 50 98 431 487 382 190 427 103 161 162 147 78 289 325 281 422 261 0 128 200 128 54 323 279 474 62 330 310 
428 276 224 168 484 480 98 226 361 239 152 414 106 265 267 134 260 298 365 388 0 58 199 88 343 411 117 122 384 129 
158 401 57 140 124 175 123 310 430 55 377 375 158 290 431 129 263 64 95 267 135 0 433 483 285 227 325 195 295 153 
285 130 261 185 344 108 467 469 388 483 155 394 360 480 51 149 411 130 119 425 175 336 0 267 314 318 258 248 350 403 
493 453 394 329 421 286 173 479 459 141 122 441 246 466 300 433 467 156 343 303 225 474 184 0 267 240 205 292 448 403 
141 106 395 300 207 223 427 443 346 161 401 194 234 341 146 199 141 78 373 247 127 382 178 101 0 66 151 291 221 393 
446 123 240 258 224 491 415 153 173 357 206 285 464 106 225 305 202 130 152 438 453 105 64 335 233 0 115 107 334 113 
278 434 265 107 173 473 281 370 388 140 494 451 296 485 415 352 416 426 261 496 77 198 449 132 419 490 0 71 241 96 
111 60 324 495 275 137 168 247 368 244 341 214 237 292 461 428 413 68 343 338 279 339 121 183 494 410 102 0 483 187 
500 78 248 59 108 450 284 195 324 481 269 67 78 433 462 76 149 389 439 168 439 483 397 277 310 80 477 219 0 339 
459 112 338 243 310 347 301 259 337 202 82 73 421 307 101 109 268 127 209 156 272 327 94 461 430 77 270 460 260 0 

693.99 0 21
693.99 1 15
693.99 2 20
693.99 3 18
693.99 4 13
693.99 5 12
693.99 6 23
693.99 7 12
693.99 8 28
693.99 9 5
693.99 10 11
693.99 11 10
693.99 12 9
693.99 13 26
693.99 14 17
693.99 15 6
693.99 16 18
693.99 17 24
693.99 18 6
693.99 19 3
693.99 20 21
693.99 21 14
693.99 22 3
693.99 23 3
693.99 24 22
693.99 25 15
693.99 26 16
693.99 27 4
693.99 28 24
693.99 29 28

