30 30 4

0 404 297 471 140 236 313 73 86 399 261 343 190 56 404 386 479 350 267 471 500 170 143 116 285 56 189 262 183 154 
344 0 121 265 347 298 355 83 110 134 326 460 346 375 356 108 278 448 293 128 214 263 334 90 112 400 325 118 295 293 
458 155 0 136 78 370 433 83 432 222 143 65 498 309 117 372 164 175 150 111 419 435 482 388 268 71 451 374 102 275 
168 345 233 0 480 187 468 350 120 50 281 499 144 296 497 403 364 124 274 245 431 91 370 365 73 258 339 301 208 212 
354 189 86 405 0 372 66 92 96 366 162 96 353 367 397 148 363 300 218 194 280 170 124 321 490 196 100 454 485 352 
368 404 412 57 440 0 316 379 456 358 425 77 470 228 380 337 124 235 406 130 403 99 360 279 381 181 269 76 438 429 
267 289 297 377 200 304 0 317 467 389 479 324 70 263 50 248 349 93 322 83 205 159 193 462 469 422 98 356 397 331 
294 326 97 289 122 181 196 0 376 448 162 471 182 192 491 151 399 238 451 198 267 484 110 376 383 278 100 305 326 407 
201 156 407 477 410 195 305 90 0 341 387 244 209 358 133 108 348 234 213 293 184 118 266 375 178 348 257 406 398 61 
231 60 420 93 417 152 453 319 408 0 250 366 294 444 282 151 283 96 206 468 259 449 358 327 214 232 211 61 440 116 
165 207 53 176 333 96 299 436 256 324 0 99 456 190 99 155 178 201 389 224 113 356 433 61 420 467 432 152 177 199 
298 451 70 455 454 196 288 257 202 430 463 0 476 479 418 165 77 279 293 435 167 223 254 229 156 472 149 329 403 251 
456 308 255 406 329 209 116 231 203 323 383 339 0 285 359 73 409 230 308 187 230 449 61 403 203 447 265 174 95 93 
284 52 256 298 257 161 126 173 227 64 82 500 397 0 372 491 462 151 155 399 409 293 128 358 60 237 60 457 209 391 
259 252 174 261 458 423 225 326 255 348 259 269 136 259 0 166 214 456 334 316 111 232 224 110 66 288 120 254 298 283 
169 189 492 371 69 253 85 442 428 117 404 482 326 172 117 0 291 495 489 247 329 304 64 267 234 124 284 473 401 244 
270 183 363 165 175 440 392 134 231 89 61 298 443 249 124 115 0 72 121 109 60 74 144 70 88 362 255 162 145 227 
62 339 203 196 408 75 321 347 417 405 78 456 172 326 155 127 156 0 220 356 228 486 367 252 337 387 498 405 348 159 
500 74 379 94 435 74 208 460 101 54 132 212 82 87 90 115 399 167 0 428 325 473 155 311 95 114 354 189 318 258 
487 427 464 268 305 264 202 85 422 161 343 426 243 54 215 487 301 280 386 0 418 207 210 147 69 227 399 340 287 294 
157 495 488 290 214 255 302 428 163 337 105 481 180 238 430 391 403 172 192 389 0 264 316 302 181 169 77 114 275 123 
352 68 437 102 55 227 267 467 235 401 129 71 457 316 408 194 245 55 303 368 197 0 398 131 219 199 469 339 434 83 
113 56 385 131 444 193 344 377 410 66 111 67 146 339 474 168 454 374 364 459 383 438 0 362 280 275 80 429 244 125 
362 277 188 125 368 477 275 60 320 151 421 336 419 194 188 464 374 63 173 247 377 338 129 0 70 406 115 295 437 494 
489 61 112 472 407 394 339 383 168 350 409 476 477 451 150 170 346 113 494 359 444 447 235 281 0 282 462 187 347 256 
330 96 452 97 365 423 454 258 469 336 132 318 451 107 50 402 207 377 247 478 126 105 177 279 497 0 164 60 458 301 
113 420 337 366 371 385 438 294 94 195 262 137 485 286 87 91 493 439 456 369 392 189 445 203 316 223 0 406 430 440 
363 438 259 490 481 124 360 365 61 360 410 414 328 497 398 320 290 195 312 229 357 180 327 496 331 481 67 0 53 386 
204 199 456 141 408 445 121 239 60 193 457 127 309 370 405 61 474 225 301 376 487 236 232 374 63 435 204 250 0 452 
415 135 155 113 297 453 228 448 281 417 459 424 373 85 439 450 196 450 179 127 250 54 321 437 444 194 450 378 104 0 

557.1 0 10
557.1 1 5
557.1 2 8
557.1 3 18
557.1 4 5
557.1 5 25
557.1 6 20
557.1 7 6
557.1 8 16
557.1 9 20
557.1 10 17
557.1 11 27
557.1 12 22
557.1 13 14
557.1 14 21
557.1 15 7
557.1 16 23
557.1 17 24
557.1 18 6
557.1 19 9
557.1 20 16
557.1 21 9
557.1 22 18
557.1 23 18
557.1 24 11
557.1 25 21
557.1 26 23
557.1 27 28
557.1 28 10
557.1 29 21

