30 30 3

0 317 489 165 285 150 407 157 136 313 227 324 99 90 151 459 386 429 136 328 93 227 379 130 365 76 113 390 280 460 
400 0 58 483 388 173 268 245 286 131 331 98 308 361 147 104 462 312 440 390 155 268 433 332 353 62 404 379 332 293 
158 499 0 192 166 481 287 496 455 482 281 85 68 330 99 379 427 154 340 446 93 436 100 67 124 138 370 343 492 248 
175 491 357 0 173 390 229 360 176 225 315 157 212 106 382 492 156 260 175 260 306 120 59 241 377 77 315 465 397 157 
213 145 489 203 0 208 368 92 387 228 425 318 249 81 481 305 413 228 411 379 353 170 184 179 387 375 55 414 396 227 
310 260 390 161 248 0 299 75 116 342 169 50 266 193 249 54 173 53 173 108 171 52 411 498 393 297 384 475 58 297 
370 235 314 129 331 181 0 84 130 207 357 178 82 357 394 225 312 154 349 315 278 163 436 487 280 434 135 76 317 109 
292 321 186 233 341 472 64 0 472 55 351 385 118 479 417 425 128 142 236 233 197 258 217 310 400 410 89 89 251 323 
113 311 114 384 447 297 224 174 0 67 402 387 368 287 455 346 203 136 181 51 78 120 198 286 494 458 393 403 254 432 
360 76 495 170 347 134 323 143 64 0 448 368 417 90 235 410 495 288 112 130 419 114 366 245 469 358 238 183 250 347 
387 389 206 169 383 327 466 224 356 108 0 238 59 182 361 99 368 270 301 362 89 381 280 360 246 231 328 311 419 461 
60 265 103 399 177 222 489 210 187 419 66 0 453 363 282 134 224 332 208 200 132 69 239 219 55 305 172 236 133 433 
154 300 199 125 354 305 253 282 500 413 420 418 0 185 372 280 418 212 454 456 371 361 294 390 99 463 152 355 341 338 
194 480 199 444 179 274 53 190 233 286 189 353 412 0 106 244 490 336 161 201 497 323 278 357 116 375 162 286 477 223 
333 314 123 313 219 274 198 444 277 338 383 269 477 442 0 180 289 186 169 331 297 77 327 327 61 390 393 386 259 385 
362 188 218 383 262 481 101 486 385 251 469 429 134 238 161 0 75 124 400 418 451 230 422 234 264 248 245 153 140 131 
118 476 199 257 400 81 469 136 133 210 471 334 178 399 174 122 0 59 407 197 165 324 354 345 245 87 108 199 282 419 
290 119 487 472 269 450 127 300 418 213 383 127 183 424 463 288 97 0 84 53 210 231 168 241 84 219 436 328 278 342 
110 403 131 386 145 309 154 95 142 405 219 305 494 297 194 173 466 188 0 428 500 191 137 231 65 328 472 234 471 56 
218 312 323 327 149 208 423 164 313 468 256 217 186 60 417 189 411 90 154 0 98 468 154 446 104 91 461 139 269 401 
316 482 326 127 304 152 433 463 74 96 275 248 58 198 141 68 321 487 185 361 0 141 233 84 452 178 346 249 138 435 
224 245 250 206 70 83 216 173 466 178 404 268 159 152 276 63 243 50 335 229 185 0 402 76 368 437 234 252 282 189 
96 423 364 291 379 276 312 412 442 191 133 327 94 107 436 403 333 450 145 333 491 81 0 224 392 314 298 328 499 500 
109 187 302 238 257 92 116 239 110 234 388 458 317 214 52 374 356 161 413 305 464 452 295 0 495 175 187 64 179 221 
62 178 281 407 186 225 370 436 292 109 496 476 447 210 500 367 212 129 222 79 493 234 493 444 0 479 487 326 372 51 
455 300 270 340 287 383 476 462 253 411 253 68 163 436 465 323 435 87 241 63 259 270 55 443 263 0 206 178 456 238 
256 213 399 55 190 238 292 72 421 254 275 87 213 293 407 148 464 229 82 257 176 303 467 153 64 165 0 122 220 500 
77 164 256 448 63 468 137 251 260 159 378 220 141 416 139 140 78 238 104 258 477 67 140 279 484 243 294 0 356 71 
220 355 99 335 110 497 348 78 133 305 495 449 390 421 89 61 59 180 89 454 441 53 431 458 144 416 442 93 0 209 
297 115 136 358 371 421 419 123 475 203 413 486 404 361 375 80 401 386 296 80 426 250 227 429 387 184 279 302 332 0 

576.9 0 22
576.9 1 27
576.9 2 8
576.9 3 2
576.9 4 8
576.9 5 21
576.9 6 7
576.9 7 3
576.9 8 24
576.9 9 17
576.9 10 21
576.9 11 13
576.9 12 27
576.9 13 1
576.9 14 8
576.9 15 11
576.9 16 0
576.9 17 7
576.9 18 25
576.9 19 5
576.9 20 2
576.9 21 9
576.9 22 23
576.9 23 12
576.9 24 1
576.9 25 22
576.9 26 19
576.9 27 15
576.9 28 8
576.9 29 6

