30 30 3

0 413 78 310 152 438 430 146 461 224 441 431 484 340 237 333 219 366 52 333 487 385 350 337 317 276 234 390 246 240 
97 0 373 359 332 389 461 269 318 106 436 248 253 367 438 299 310 478 224 175 480 263 162 120 112 205 144 94 390 240 
291 336 0 494 163 194 325 51 361 300 76 173 236 274 132 309 212 381 118 396 311 243 131 73 111 201 343 267 51 387 
363 449 384 0 405 442 253 98 474 462 165 273 488 288 215 468 370 230 386 457 298 281 267 248 362 497 309 270 339 282 
478 433 351 426 0 316 255 368 276 59 97 237 174 76 431 168 242 398 244 178 284 200 427 271 173 174 133 377 189 109 
215 178 86 354 479 0 463 170 234 86 152 243 133 95 124 366 476 242 314 373 437 443 363 343 369 134 223 249 424 99 
388 483 471 65 68 325 0 251 237 201 435 273 303 384 112 348 214 429 323 407 242 402 99 184 472 392 259 312 321 458 
235 370 102 217 341 324 442 0 372 74 179 72 215 158 81 99 221 379 470 356 408 376 304 65 181 195 487 73 404 298 
100 118 239 421 170 406 468 200 0 104 95 225 233 117 146 341 148 402 268 233 372 123 347 247 134 362 135 279 105 158 
182 109 415 457 55 91 333 411 58 0 484 465 310 415 404 377 60 245 231 413 219 414 491 500 467 444 133 329 78 362 
140 393 250 406 308 414 411 349 246 78 0 114 229 249 374 350 153 458 117 104 188 236 273 309 226 479 275 169 111 310 
198 179 400 90 136 62 348 500 423 404 245 0 207 468 181 407 97 481 266 54 97 320 193 283 299 452 215 278 226 335 
95 243 483 225 142 279 311 361 334 310 491 237 0 261 197 411 392 310 458 129 75 463 383 101 362 373 351 69 87 335 
452 372 380 194 110 311 494 340 121 354 380 137 344 0 323 105 248 233 447 57 397 282 83 115 165 341 427 488 191 202 
74 232 154 153 319 298 213 129 291 259 408 145 138 495 0 195 167 99 393 350 253 157 454 241 190 68 356 481 202 99 
379 354 124 317 458 227 135 463 146 215 253 356 122 104 200 0 323 457 318 129 349 374 88 456 327 279 352 102 135 89 
254 184 174 314 465 197 479 398 283 441 495 204 400 106 276 455 0 463 305 167 280 384 466 361 178 178 187 408 236 446 
249 482 199 139 155 220 104 303 198 208 292 138 202 446 244 465 428 0 405 428 232 71 207 323 244 274 451 128 412 114 
314 113 313 296 263 403 157 189 213 166 337 371 164 181 280 109 375 244 0 243 487 171 426 57 85 455 251 309 161 329 
427 226 350 491 489 352 460 147 215 148 66 88 191 144 202 78 374 469 159 0 324 211 145 202 343 153 444 297 354 459 
409 390 142 341 239 339 85 90 298 183 255 152 406 293 500 500 202 77 129 170 0 393 404 331 489 312 381 141 255 384 
201 213 499 90 61 339 486 350 375 282 354 264 488 212 169 487 211 169 188 445 248 0 64 338 358 102 326 169 433 173 
130 316 80 294 71 328 61 360 313 362 441 95 215 204 289 378 324 482 295 199 377 240 0 397 391 284 462 443 316 130 
131 439 211 154 469 211 175 296 222 241 316 290 182 361 456 92 356 333 366 337 127 271 213 0 73 375 311 307 336 460 
122 172 91 267 89 402 236 250 283 238 179 474 53 419 362 120 130 405 426 169 477 470 247 248 0 389 477 122 199 284 
164 159 112 286 200 330 326 308 272 282 90 216 167 63 220 293 132 497 373 487 179 493 219 148 446 0 417 487 178 245 
186 412 115 51 231 352 408 267 384 215 489 372 255 411 246 475 337 489 106 334 117 299 463 316 469 317 0 261 141 59 
390 93 402 57 158 403 445 216 310 211 99 475 406 178 436 317 374 411 153 118 223 193 392 473 362 208 197 0 178 175 
288 395 271 331 296 486 196 199 430 362 215 348 168 190 460 52 332 276 132 242 136 200 416 279 298 144 141 456 0 291 
476 338 285 370 108 323 166 93 469 71 230 86 236 284 204 132 243 413 415 226 495 363 312 194 485 297 199 128 388 0 

540.5 0 14
540.5 1 19
540.5 2 26
540.5 3 7
540.5 4 27
540.5 5 7
540.5 6 16
540.5 7 20
540.5 8 20
540.5 9 6
540.5 10 17
540.5 11 28
540.5 12 13
540.5 13 25
540.5 14 21
540.5 15 0
540.5 16 5
540.5 17 18
540.5 18 17
540.5 19 8
540.5 20 28
540.5 21 10
540.5 22 23
540.5 23 24
540.5 24 10
540.5 25 20
540.5 26 17
540.5 27 13
540.5 28 15
540.5 29 28

