30 30 3

0 207 453 239 64 175 102 66 347 121 424 101 201 73 457 56 429 308 80 327 357 436 172 416 112 310 409 372 349 306 
65 0 132 220 468 77 234 349 129 458 196 200 137 454 351 160 166 114 295 424 144 121 488 287 243 403 105 52 67 427 
351 80 0 199 189 250 373 217 190 222 296 354 124 203 197 77 260 307 194 80 101 324 382 173 311 168 366 421 430 125 
438 112 426 0 468 261 115 424 341 489 114 269 491 174 99 193 322 333 160 335 233 397 143 57 278 266 74 152 338 445 
81 413 383 144 0 95 106 111 367 481 158 355 301 133 101 181 182 452 453 466 111 495 405 458 137 412 443 353 193 94 
397 137 126 66 226 0 427 318 283 244 184 470 353 245 477 436 296 157 325 247 110 497 64 104 401 473 398 69 415 250 
212 215 353 55 291 125 0 232 424 393 221 168 76 190 227 478 166 369 274 480 193 471 296 396 486 350 53 214 247 72 
335 203 441 500 263 446 498 0 338 177 421 231 104 295 464 244 472 442 116 341 422 96 240 392 342 136 133 399 139 53 
352 368 94 262 64 94 475 460 0 298 68 344 218 456 398 464 176 349 191 117 171 482 489 217 429 136 266 271 427 371 
116 186 222 434 231 190 204 482 371 0 163 279 390 213 447 101 318 166 227 166 308 294 287 496 489 211 180 332 427 401 
258 297 467 394 225 156 124 366 310 105 0 236 180 90 332 99 244 384 367 360 317 483 374 318 477 126 306 394 256 137 
320 364 101 323 86 202 254 400 276 326 416 0 88 62 95 128 100 145 322 190 218 389 458 408 469 275 384 301 287 277 
264 131 303 127 182 332 163 334 85 269 317 362 0 185 111 130 230 396 387 81 425 77 457 69 241 364 488 222 454 289 
459 437 259 296 446 336 429 277 205 469 68 425 492 0 136 109 309 423 496 205 66 284 129 93 240 148 491 310 342 212 
263 337 377 199 95 173 351 137 308 334 293 276 352 424 0 475 195 483 283 324 234 438 340 468 273 139 414 127 336 223 
176 498 192 463 131 97 265 254 398 352 61 231 351 494 290 0 274 224 191 463 458 465 404 151 61 127 131 357 492 415 
193 421 90 190 113 260 271 160 475 231 265 82 449 446 140 199 0 235 364 373 132 83 86 97 437 395 315 63 476 171 
261 390 314 182 187 211 452 397 188 318 127 370 82 366 74 479 456 0 223 420 76 303 52 109 95 306 252 440 120 472 
171 241 233 61 55 121 405 216 279 301 354 96 134 430 129 450 455 107 0 162 384 233 188 393 235 454 439 491 205 378 
110 383 500 58 115 267 270 393 378 436 171 178 496 218 469 182 297 174 136 0 110 286 226 293 180 119 235 133 57 432 
495 141 493 378 347 257 443 113 477 92 197 168 213 325 370 137 500 51 384 174 0 344 200 166 70 200 297 346 385 380 
353 72 131 200 271 459 498 478 157 317 210 199 465 328 119 496 405 206 496 406 297 0 376 457 447 492 233 353 495 78 
444 131 137 467 212 287 237 170 284 215 277 308 375 183 272 410 252 267 314 408 469 426 0 411 344 382 358 92 114 417 
86 349 361 374 436 83 85 223 270 412 213 191 396 471 273 78 449 389 487 216 409 394 184 0 334 61 235 216 125 484 
487 492 276 336 108 150 478 141 185 407 118 97 120 466 199 297 445 227 246 333 213 168 241 313 0 58 75 324 450 448 
399 433 190 147 209 232 205 309 210 53 200 116 121 454 393 293 152 397 238 329 142 70 248 467 469 0 268 475 250 298 
425 197 197 113 93 294 272 276 205 287 192 208 438 258 486 147 358 279 250 254 467 285 102 487 240 68 0 211 458 249 
411 255 173 314 158 237 358 158 215 340 314 453 482 228 146 446 214 243 59 443 199 263 165 435 71 358 174 0 89 69 
338 289 430 299 168 244 408 111 308 65 484 147 85 192 335 264 288 280 428 237 290 126 387 259 241 321 281 305 0 201 
76 324 245 71 254 494 190 204 401 458 462 417 197 108 208 339 149 422 126 379 105 314 375 181 200 134 128 227 121 0 

621.6 0 24
621.6 1 22
621.6 2 21
621.6 3 28
621.6 4 28
621.6 5 1
621.6 6 25
621.6 7 10
621.6 8 5
621.6 9 25
621.6 10 7
621.6 11 12
621.6 12 13
621.6 13 25
621.6 14 25
621.6 15 14
621.6 16 21
621.6 17 10
621.6 18 12
621.6 19 9
621.6 20 2
621.6 21 13
621.6 22 23
621.6 23 6
621.6 24 20
621.6 25 16
621.6 26 2
621.6 27 13
621.6 28 17
621.6 29 12

