30 30 4

0 217 440 301 290 276 484 122 167 458 291 448 57 52 312 182 180 323 373 124 484 131 98 198 494 171 348 77 100 243 
483 0 93 410 422 344 200 405 83 479 278 492 269 432 255 478 243 387 157 66 467 438 500 304 242 405 54 119 252 81 
170 201 0 270 213 317 398 263 467 302 53 201 287 495 176 218 456 153 412 343 260 184 65 404 183 319 146 294 323 422 
252 110 91 0 403 330 461 220 435 431 393 443 434 94 229 184 220 154 139 80 65 188 497 199 203 401 88 229 253 333 
51 174 84 112 0 423 438 148 139 364 82 276 256 476 209 300 411 99 227 64 396 464 286 83 460 435 444 116 230 172 
319 62 380 200 303 0 442 329 447 297 418 310 85 194 66 60 109 72 178 159 456 192 54 419 185 294 379 119 444 201 
55 115 227 274 446 377 0 77 143 205 230 390 122 491 426 473 263 192 82 285 76 398 241 426 158 366 110 402 244 386 
102 152 392 167 329 165 319 0 205 192 169 116 373 265 395 119 397 368 332 296 156 116 322 53 63 247 368 380 307 476 
330 193 77 432 291 195 467 406 0 220 171 305 95 237 384 311 339 453 414 206 491 209 68 106 482 278 327 435 145 413 
449 120 449 348 148 137 138 500 103 0 250 426 225 54 472 168 388 489 457 96 402 369 86 111 387 350 299 371 383 440 
466 295 388 293 243 442 391 330 79 146 0 140 487 278 315 491 249 189 135 444 353 181 346 428 425 163 71 274 412 392 
156 107 358 157 446 150 106 143 247 143 380 0 99 233 366 327 498 356 283 393 441 226 452 329 71 380 253 184 401 233 
302 292 339 360 356 202 61 212 258 361 165 351 0 240 214 83 105 248 287 168 481 180 315 206 131 143 228 461 102 118 
117 285 127 116 330 193 178 482 411 341 240 271 212 0 297 462 133 331 273 331 117 391 311 454 206 467 85 55 401 252 
108 470 76 343 303 142 380 446 270 361 356 317 307 126 0 236 104 294 319 385 67 149 208 408 410 162 320 376 404 326 
277 362 384 453 388 433 255 236 312 407 213 380 262 480 186 0 94 422 240 95 240 331 112 339 246 226 248 358 497 331 
261 78 314 122 412 473 217 100 227 403 363 340 115 242 308 302 0 134 352 223 81 397 414 118 215 459 314 148 414 171 
351 244 138 379 264 418 497 236 134 96 169 243 165 459 309 113 266 0 317 198 324 246 436 428 366 53 349 325 318 447 
445 195 297 395 284 382 158 408 378 100 248 181 219 441 52 384 456 323 0 356 479 227 386 225 162 313 90 165 162 365 
189 108 65 335 112 410 325 444 67 232 78 117 186 416 493 126 174 132 289 0 447 438 267 173 324 442 285 343 239 157 
455 310 296 270 326 337 88 235 161 482 253 99 266 76 235 388 69 68 62 358 0 307 459 296 280 339 326 429 330 168 
167 437 330 427 440 306 252 276 344 438 144 325 397 193 298 423 135 185 198 153 197 0 263 166 363 265 152 201 90 80 
481 415 404 174 451 331 113 256 289 95 99 433 396 131 329 89 379 459 174 270 363 484 0 418 332 356 280 96 458 187 
136 245 167 258 148 291 208 185 110 415 425 363 220 113 258 301 149 297 386 314 177 156 383 0 367 280 215 222 266 261 
387 403 104 131 276 312 436 67 226 121 334 347 252 196 67 315 405 74 414 408 411 434 292 273 0 317 158 52 482 87 
475 242 180 377 296 261 152 314 403 376 491 474 210 337 432 112 110 454 467 135 123 131 252 57 373 0 475 324 237 233 
305 481 207 253 160 290 500 127 392 69 481 475 59 210 391 103 142 453 163 95 176 455 168 257 206 175 0 336 387 449 
72 119 460 53 276 213 370 65 419 448 164 438 428 345 448 137 235 257 436 394 370 481 276 81 356 239 237 0 237 74 
124 186 304 400 352 63 176 64 383 398 189 330 268 127 464 112 281 308 53 488 243 154 113 431 380 144 493 119 0 88 
229 143 369 121 153 268 424 166 150 194 500 255 334 85 473 411 500 292 191 63 295 385 463 155 448 393 486 299 141 0 

505.5 0 25
505.5 1 16
505.5 2 13
505.5 3 21
505.5 4 28
505.5 5 10
505.5 6 28
505.5 7 24
505.5 8 6
505.5 9 6
505.5 10 15
505.5 11 16
505.5 12 1
505.5 13 14
505.5 14 2
505.5 15 13
505.5 16 20
505.5 17 1
505.5 18 17
505.5 19 9
505.5 20 17
505.5 21 18
505.5 22 4
505.5 23 11
505.5 24 21
505.5 25 1
505.5 26 15
505.5 27 22
505.5 28 19
505.5 29 10

