30 30 4

0 299 230 109 145 401 162 81 412 218 142 448 307 56 479 313 109 353 96 96 231 180 151 426 282 341 165 73 147 452 
428 0 469 251 364 284 346 264 396 133 382 320 433 85 127 195 271 146 255 123 399 57 60 79 158 436 67 206 101 90 
59 259 0 468 478 460 88 261 62 58 364 352 147 390 284 182 467 186 403 319 391 476 218 398 486 247 262 178 471 174 
436 60 184 0 194 235 368 361 273 129 129 488 199 431 134 88 422 267 262 107 169 80 448 145 248 101 337 201 69 221 
171 401 156 389 0 84 57 123 402 124 102 237 203 89 142 133 174 388 54 391 149 111 59 179 265 361 134 72 405 285 
299 125 163 199 439 0 51 440 446 124 97 69 383 285 222 422 133 61 95 471 273 192 119 334 202 456 306 269 89 84 
173 80 333 456 193 482 0 394 401 177 95 475 225 321 357 216 249 486 299 260 80 477 483 430 302 73 338 257 329 106 
52 363 437 290 403 392 189 0 140 492 90 268 86 64 443 113 128 365 312 320 163 71 350 346 261 486 148 284 323 111 
319 380 114 388 72 110 497 170 0 249 137 368 289 111 404 60 260 223 345 124 485 164 444 55 220 290 473 206 388 463 
479 449 281 114 269 376 343 85 372 0 463 285 459 330 280 276 440 290 486 162 134 109 146 248 53 359 175 500 87 331 
387 50 65 91 488 130 67 363 423 102 0 235 142 93 400 178 324 176 118 113 161 437 405 428 290 359 187 355 484 186 
392 314 279 392 330 320 380 166 93 449 295 0 353 183 387 396 290 272 219 172 340 490 490 483 394 417 479 459 103 333 
443 446 432 256 224 79 292 251 165 408 294 114 0 410 146 454 296 493 243 274 418 121 320 407 111 303 56 478 281 466 
288 321 408 233 252 370 164 281 369 365 397 483 158 0 217 392 255 170 395 454 120 168 371 191 439 485 459 241 247 193 
228 419 431 499 82 370 457 159 484 445 478 104 97 460 0 213 264 352 174 140 453 127 210 120 204 108 58 395 66 456 
142 209 391 267 346 145 300 423 102 409 162 497 386 217 93 0 101 380 63 159 53 153 111 337 70 182 247 128 397 142 
351 109 441 267 450 414 112 301 213 485 353 121 147 105 213 314 0 355 265 400 368 130 159 228 192 202 248 80 399 82 
183 247 383 242 394 149 398 308 419 199 471 159 258 299 256 70 218 0 276 375 189 382 450 270 491 177 168 192 131 198 
298 163 87 495 496 280 145 352 177 403 270 82 129 135 291 134 342 311 0 59 324 392 198 413 341 174 403 224 292 302 
61 196 99 174 234 300 377 220 395 435 347 53 411 136 340 496 377 424 93 0 394 189 368 285 338 280 333 218 389 56 
461 397 275 363 446 399 96 453 482 266 103 416 320 107 326 162 153 322 489 283 0 121 382 423 195 166 467 181 449 184 
70 212 144 417 437 458 119 91 260 278 73 233 331 195 259 144 228 371 247 256 115 0 481 327 447 403 473 319 369 153 
475 52 380 393 354 53 85 67 122 126 484 350 356 423 387 258 181 482 436 258 228 191 0 323 415 224 476 73 196 295 
392 300 476 151 386 368 211 389 159 228 217 235 418 273 298 341 160 55 228 141 441 437 75 0 338 259 441 61 235 464 
208 236 112 214 418 420 99 492 130 195 150 64 362 335 188 135 132 479 452 344 207 92 284 143 0 324 121 108 471 133 
500 191 498 235 253 211 359 379 467 350 215 161 450 229 230 285 123 71 123 102 473 418 466 271 408 0 315 94 236 373 
272 319 129 413 72 70 372 440 380 250 406 229 415 274 179 350 210 170 423 231 450 231 203 367 196 424 0 482 217 224 
217 90 446 242 376 358 264 396 229 203 275 185 315 455 99 88 340 155 455 460 78 185 165 259 338 483 162 0 468 220 
329 192 387 125 137 128 451 202 342 103 381 495 328 66 65 489 322 104 84 428 265 250 212 401 366 177 238 104 0 289 
413 274 325 104 160 400 191 445 107 343 493 160 431 243 194 203 258 390 475 68 424 158 284 174 320 184 246 448 128 0 

497.25 0 17
497.25 1 14
497.25 2 16
497.25 3 26
497.25 4 24
497.25 5 23
497.25 6 2
497.25 7 22
497.25 8 20
497.25 9 20
497.25 10 14
497.25 11 20
497.25 12 21
497.25 13 27
497.25 14 24
497.25 15 13
497.25 16 2
497.25 17 19
497.25 18 5
497.25 19 25
497.25 20 26
497.25 21 24
497.25 22 0
497.25 23 5
497.25 24 17
497.25 25 18
497.25 26 20
497.25 27 9
497.25 28 6
497.25 29 19

