30 30 3

0 153 459 164 339 303 340 482 223 288 443 438 83 249 89 268 213 158 232 415 208 77 51 479 361 55 123 182 69 178 
227 0 67 281 393 181 326 195 228 308 125 222 250 62 255 206 101 229 369 209 411 490 367 195 492 102 55 497 382 394 
272 59 0 328 496 497 220 177 323 365 111 130 196 283 86 208 245 242 259 424 318 174 335 307 492 480 54 300 241 258 
181 342 480 0 397 169 476 393 339 359 215 410 176 51 106 409 88 471 360 487 230 491 60 354 325 74 101 60 78 107 
458 493 238 299 0 229 134 174 411 234 219 476 399 336 151 401 148 266 195 118 126 388 298 116 399 359 147 179 166 364 
414 224 321 407 412 0 327 342 253 207 252 437 377 434 91 212 84 442 310 300 343 134 132 231 139 198 336 448 51 465 
113 365 378 287 393 491 0 406 426 332 365 132 290 57 459 223 98 377 257 247 393 264 89 478 346 477 116 251 312 270 
252 483 333 324 117 327 216 0 107 439 141 146 303 430 386 310 389 316 114 265 72 311 158 493 351 342 339 83 408 296 
346 384 254 84 423 284 151 249 0 450 416 394 297 61 196 434 153 212 322 419 277 293 442 294 157 190 351 449 235 385 
112 481 437 202 442 471 125 225 329 0 80 382 244 425 385 255 327 318 358 490 346 484 473 139 181 266 453 321 117 158 
56 452 427 243 144 129 184 114 204 116 0 393 234 448 136 158 332 97 436 357 162 181 202 145 360 498 276 332 451 303 
155 108 309 313 485 259 407 320 393 472 474 0 459 120 415 162 414 279 201 217 421 57 329 308 209 180 167 207 162 450 
364 416 104 422 431 368 162 189 481 433 289 452 0 162 454 279 76 116 192 62 267 359 433 481 395 448 189 281 114 102 
394 270 416 65 81 93 202 155 206 98 135 345 337 0 294 457 497 72 240 319 214 252 292 279 391 272 173 338 412 405 
159 220 54 379 136 276 166 179 428 271 91 476 113 386 0 68 357 343 65 135 289 334 299 491 126 284 137 348 408 182 
466 68 291 393 279 376 479 54 493 364 432 470 406 164 82 0 498 182 145 340 404 230 335 238 235 325 70 470 169 124 
133 301 297 151 298 189 136 380 374 140 372 444 278 98 105 392 0 337 103 281 433 149 184 369 435 128 104 466 148 280 
134 223 363 141 226 220 145 365 306 476 445 396 103 388 173 151 444 0 272 439 497 52 127 145 186 446 79 265 256 496 
119 486 336 499 348 184 224 67 279 88 79 254 483 425 308 371 305 165 0 70 283 310 66 285 143 368 177 89 154 148 
51 356 218 488 398 216 91 81 391 316 67 185 345 271 375 477 285 452 488 0 157 472 270 417 244 261 267 111 144 306 
422 243 63 277 167 257 175 333 55 413 430 321 430 322 372 408 196 104 399 354 0 298 55 325 274 179 275 485 396 92 
129 408 465 78 177 448 195 385 329 234 390 242 371 417 378 192 495 285 94 306 184 0 398 103 396 429 328 281 203 68 
383 245 354 497 416 382 174 364 76 265 192 468 361 140 338 277 469 236 478 253 280 283 0 143 384 93 246 68 371 233 
221 145 116 172 450 112 88 331 443 158 114 207 300 81 67 391 369 50 115 104 479 74 90 0 468 375 180 60 120 198 
137 303 125 233 125 454 182 395 248 463 93 356 283 251 363 314 475 460 182 232 74 443 417 98 0 239 384 423 369 395 
249 273 238 259 348 421 334 302 102 435 500 272 479 112 54 436 425 75 410 384 414 348 408 357 264 0 212 302 148 135 
171 249 334 394 437 92 449 358 133 250 166 67 456 144 252 67 356 187 442 381 304 325 294 151 439 357 0 366 151 159 
464 443 280 419 276 380 111 75 328 419 365 284 292 382 447 386 134 220 241 271 162 328 74 193 122 383 339 0 429 248 
440 87 418 382 73 336 364 160 397 145 194 72 460 429 70 342 131 162 182 301 354 159 169 388 391 69 460 273 0 358 
389 471 53 182 144 141 413 186 455 72 289 100 216 311 59 351 87 107 432 200 446 440 260 105 108 147 446 127 107 0 

596.4 0 25
596.4 1 13
596.4 2 18
596.4 3 14
596.4 4 26
596.4 5 16
596.4 6 19
596.4 7 28
596.4 8 19
596.4 9 1
596.4 10 16
596.4 11 10
596.4 12 23
596.4 13 4
596.4 14 22
596.4 15 14
596.4 16 11
596.4 17 27
596.4 18 22
596.4 19 0
596.4 20 19
596.4 21 17
596.4 22 18
596.4 23 28
596.4 24 2
596.4 25 27
596.4 26 8
596.4 27 28
596.4 28 27
596.4 29 9

