30 30 4

0 472 193 345 423 471 339 228 216 439 116 218 182 170 50 455 144 219 206 340 337 239 192 124 134 386 421 102 146 249 
154 0 476 427 297 320 349 475 158 77 190 97 350 114 436 470 321 147 320 247 303 159 83 493 58 158 126 394 285 385 
246 240 0 245 221 167 493 248 466 223 356 249 119 159 99 184 95 275 211 192 95 408 201 411 442 193 419 99 476 68 
90 360 265 0 281 105 192 398 304 390 363 233 246 319 302 111 368 436 363 349 354 261 150 261 413 61 202 312 186 458 
288 205 499 147 0 176 486 409 318 383 419 208 452 151 160 270 404 428 344 95 291 400 399 51 500 367 414 267 68 433 
404 233 220 315 438 0 73 441 423 189 465 61 107 379 219 209 489 196 319 417 490 120 207 145 226 415 145 92 85 362 
317 468 472 256 187 286 0 193 417 433 322 105 398 333 163 276 52 78 472 198 103 144 394 380 57 490 105 422 134 354 
457 202 378 180 174 133 317 0 410 484 234 99 305 289 203 345 158 185 103 393 156 251 446 250 351 326 257 96 137 386 
387 198 342 89 75 473 213 158 0 496 329 348 436 378 153 432 80 204 296 216 257 189 78 214 134 486 64 166 449 318 
254 334 204 158 383 243 183 111 406 0 498 106 442 346 249 319 205 180 106 359 426 479 322 114 263 486 406 248 256 71 
197 73 482 481 228 139 363 177 479 180 0 83 477 237 231 78 436 256 440 322 312 54 454 497 326 68 467 67 180 214 
273 408 117 53 146 98 438 442 167 114 421 0 298 354 153 241 84 181 383 291 120 411 309 124 364 62 156 138 479 173 
268 399 152 176 467 155 479 271 299 420 144 364 0 340 392 217 199 339 459 86 428 249 363 338 264 437 202 276 299 290 
461 422 265 360 281 391 326 142 369 96 392 495 190 0 462 335 289 178 240 334 343 277 262 91 139 99 62 283 458 288 
81 455 456 210 219 315 197 316 140 289 184 393 387 385 0 82 348 219 77 233 166 362 75 393 123 324 482 379 336 264 
93 330 52 498 285 419 216 99 115 482 396 354 372 288 241 0 256 77 88 182 104 271 298 416 53 397 245 327 378 331 
162 349 374 198 351 127 190 476 500 239 90 237 342 394 108 129 0 341 70 363 380 409 418 357 413 89 360 309 285 186 
187 115 54 242 195 410 299 479 99 274 478 495 314 214 336 414 272 0 172 255 499 485 341 408 158 197 320 198 264 336 
433 156 229 254 368 421 155 277 219 133 326 199 110 76 219 274 363 132 0 252 241 337 250 225 177 364 334 81 391 482 
51 226 170 157 405 374 475 81 479 458 457 318 490 155 378 66 324 151 379 0 406 109 326 450 309 257 333 380 90 120 
477 278 121 202 154 436 313 478 166 344 212 124 300 480 113 161 113 336 435 421 0 214 96 480 246 252 496 454 85 375 
250 362 351 479 434 259 132 369 278 317 485 328 235 315 127 422 379 445 485 214 379 0 406 135 181 385 87 384 380 491 
175 461 241 487 67 426 176 483 57 495 260 80 236 294 266 50 127 394 135 71 134 56 0 156 490 348 288 131 141 378 
217 132 52 385 323 489 402 248 165 141 462 366 107 493 308 352 465 65 429 114 357 451 198 0 363 106 395 417 100 476 
58 428 399 347 430 283 169 175 392 123 290 483 84 362 89 283 170 147 454 185 76 67 248 477 0 423 318 289 317 234 
340 292 449 267 397 295 197 180 170 78 278 450 318 467 485 386 262 474 262 360 184 153 386 201 352 0 118 330 169 357 
146 109 196 388 58 170 492 59 73 171 387 101 155 336 125 121 76 461 333 257 223 192 391 326 284 298 0 384 352 128 
52 416 224 112 111 319 327 438 310 92 461 187 429 61 292 472 136 119 498 304 402 254 477 301 351 58 84 0 149 393 
387 434 151 302 157 213 119 182 246 57 442 289 224 335 217 236 333 188 78 402 393 332 60 353 64 311 204 280 0 101 
59 379 438 443 480 446 99 400 272 439 145 486 380 384 209 422 308 151 461 202 387 119 94 218 129 154 440 146 308 0 

477.75 0 4
477.75 1 28
477.75 2 15
477.75 3 13
477.75 4 23
477.75 5 17
477.75 6 4
477.75 7 2
477.75 8 11
477.75 9 22
477.75 10 26
477.75 11 7
477.75 12 16
477.75 13 23
477.75 14 23
477.75 15 28
477.75 16 3
477.75 17 22
477.75 18 20
477.75 19 1
477.75 20 10
477.75 21 22
477.75 22 10
477.75 23 22
477.75 24 25
477.75 25 8
477.75 26 13
477.75 27 4
477.75 28 27
477.75 29 0

