30 30 4

0 250 348 412 273 395 272 209 65 457 131 227 322 252 491 243 75 51 128 474 288 314 450 374 321 253 410 492 499 394 
93 0 293 350 147 412 329 249 390 488 264 346 326 198 374 284 395 116 65 396 401 489 391 421 439 471 241 398 380 233 
396 480 0 483 189 329 129 307 157 328 196 351 299 492 383 203 121 166 97 187 181 200 295 377 297 215 315 267 163 212 
146 102 107 0 125 84 453 160 370 259 474 198 161 80 203 359 414 356 430 286 159 117 174 309 118 50 105 283 315 322 
396 233 174 448 0 290 456 238 450 115 108 415 88 463 76 119 165 385 239 227 315 475 336 138 355 352 206 355 407 195 
376 436 91 108 109 0 245 349 65 434 54 337 492 419 132 454 445 201 325 86 146 258 351 327 300 195 182 151 351 487 
265 496 119 200 293 177 0 466 489 232 237 178 236 74 169 155 156 329 306 63 153 342 159 117 399 192 367 93 324 469 
150 67 440 353 136 346 145 0 470 311 340 202 499 468 388 279 343 249 385 171 262 154 481 310 470 304 209 161 171 459 
192 346 109 209 285 412 51 130 0 56 471 147 103 172 352 70 267 130 364 222 221 241 434 325 429 451 294 232 159 162 
353 117 304 405 176 463 396 294 464 0 232 57 190 330 110 313 181 130 286 469 200 458 189 148 148 221 76 98 221 465 
414 333 74 237 136 429 364 305 325 364 0 475 56 371 165 92 431 184 431 61 420 399 418 133 294 65 438 465 298 242 
393 263 155 225 287 343 312 422 413 116 453 0 276 298 460 354 413 258 284 96 188 51 222 293 420 61 87 191 450 258 
440 398 150 409 260 326 402 309 344 323 428 166 0 483 410 414 198 263 82 406 498 335 94 499 56 93 174 68 130 316 
224 95 462 121 195 370 331 227 478 139 277 300 66 0 150 489 427 270 186 189 303 92 393 137 343 392 351 386 65 369 
223 87 92 268 499 370 169 124 408 103 101 497 330 108 0 270 186 96 403 407 233 298 416 482 191 52 324 289 353 416 
60 428 138 98 226 356 303 303 232 378 210 285 429 413 321 0 487 389 458 290 291 364 473 296 486 454 193 488 484 188 
97 399 198 231 244 453 408 306 256 417 488 340 126 272 268 489 0 93 462 378 257 251 375 327 430 170 312 139 313 55 
122 451 102 227 356 491 421 64 154 227 477 70 214 316 146 193 291 0 134 443 459 218 406 209 93 232 345 213 494 434 
233 499 55 390 308 439 452 298 360 467 402 293 443 178 213 466 274 356 0 256 114 54 214 283 410 129 326 348 424 245 
341 357 184 96 118 74 110 56 232 114 122 198 222 365 348 350 78 69 123 0 140 275 187 352 195 420 261 481 452 316 
404 197 156 467 87 409 84 111 225 297 294 289 126 198 461 441 252 310 225 271 0 139 316 252 277 167 397 403 134 377 
111 400 487 465 263 453 51 378 243 320 103 247 320 98 323 468 59 470 427 75 195 0 197 165 217 156 148 90 52 257 
174 136 318 281 329 489 250 489 491 334 231 310 143 184 129 192 457 303 201 183 229 433 0 328 133 97 495 239 195 291 
448 159 171 290 427 402 119 416 358 107 162 192 495 178 492 179 257 183 342 266 334 231 446 0 267 58 285 70 259 230 
423 500 177 81 171 174 214 279 243 336 344 56 448 242 257 125 233 142 88 367 191 305 407 372 0 457 380 137 448 401 
346 177 79 102 60 110 430 184 481 415 133 317 258 139 471 450 347 303 390 195 97 256 336 108 369 0 208 271 249 295 
218 356 347 101 141 399 112 408 84 246 388 450 330 411 207 175 138 364 228 147 460 374 194 422 209 253 0 290 123 474 
245 368 399 307 215 450 398 320 268 305 355 221 400 304 257 310 217 382 154 287 317 251 246 397 396 167 105 0 355 408 
179 84 359 253 433 166 174 139 63 445 113 75 55 284 425 65 491 441 232 129 95 226 396 296 422 292 191 296 0 103 
252 410 439 287 268 192 426 140 72 271 154 467 335 386 228 118 310 243 109 250 426 188 51 358 83 298 486 81 195 0 

672.21 0 26
672.21 1 17
672.21 2 28
672.21 3 12
672.21 4 27
672.21 5 27
672.21 6 3
672.21 7 25
672.21 8 5
672.21 9 19
672.21 10 6
672.21 11 0
672.21 12 16
672.21 13 23
672.21 14 5
672.21 15 21
672.21 16 14
672.21 17 27
672.21 18 22
672.21 19 12
672.21 20 14
672.21 21 22
672.21 22 3
672.21 23 4
672.21 24 28
672.21 25 5
672.21 26 11
672.21 27 22
672.21 28 29
672.21 29 5

