30 30 3

0 383 380 209 226 287 347 348 87 246 258 106 209 133 271 489 157 284 263 180 497 295 150 386 419 243 231 396 281 83 
174 0 227 172 53 143 104 290 440 402 84 392 366 140 307 205 117 295 313 107 265 443 103 59 299 440 185 248 170 287 
480 410 0 411 413 288 170 55 342 411 201 451 201 92 316 291 349 472 114 351 491 171 115 433 224 331 438 370 466 186 
246 252 372 0 362 162 284 149 283 290 442 400 197 148 100 240 414 97 295 141 161 145 131 489 417 270 212 248 208 289 
213 100 485 172 0 422 347 491 205 446 480 201 143 135 105 448 392 51 362 439 296 209 306 148 291 294 64 60 213 469 
425 452 182 475 436 0 60 396 489 50 308 191 481 215 491 322 270 439 214 271 56 359 274 215 165 128 456 165 349 223 
328 318 147 486 450 122 0 178 216 224 166 216 238 63 403 404 54 432 380 443 145 358 449 454 131 163 325 209 326 441 
57 499 475 325 352 461 481 0 424 138 196 355 461 119 92 475 228 202 235 159 82 177 254 390 332 415 227 201 239 386 
477 386 149 231 361 181 83 77 0 368 213 372 64 67 332 340 110 62 274 262 247 384 50 130 344 390 412 465 116 320 
411 208 296 296 64 234 363 195 267 0 390 62 430 261 283 448 300 329 264 312 103 232 266 193 233 346 243 122 465 208 
396 284 118 103 286 120 117 470 434 469 0 236 323 482 373 291 471 320 90 300 290 108 353 472 324 252 204 377 445 277 
341 152 379 331 427 188 116 498 463 293 431 0 431 479 253 168 351 250 139 377 290 389 166 105 448 138 379 199 292 462 
143 275 58 453 360 95 379 499 162 376 461 161 0 306 391 139 266 59 197 466 355 280 463 243 397 67 397 241 152 95 
239 321 395 221 329 347 80 375 433 78 243 308 245 0 354 321 343 199 86 352 102 258 413 333 220 155 436 444 258 176 
96 59 121 367 404 499 402 458 79 276 390 314 225 404 0 266 285 224 108 435 467 166 487 225 78 319 151 390 461 302 
147 343 348 156 415 421 266 413 78 223 198 61 319 219 236 0 223 435 472 153 493 406 120 158 148 51 393 174 359 282 
134 160 379 184 214 241 98 341 213 217 370 387 122 381 412 291 0 323 341 432 294 445 424 406 64 288 261 272 180 385 
130 168 225 448 253 359 161 444 163 453 156 87 78 249 159 409 368 0 156 438 208 87 232 152 217 344 373 211 104 351 
97 195 432 215 371 135 418 436 246 117 306 405 223 343 189 179 208 304 0 253 70 242 411 314 424 270 237 474 142 398 
78 444 445 223 131 159 300 216 76 236 168 143 492 280 72 90 419 408 248 0 223 160 475 415 71 288 94 498 475 67 
346 372 95 496 72 476 126 181 482 499 414 217 374 263 415 153 492 211 278 400 0 409 207 266 383 121 494 377 372 491 
351 146 337 429 398 332 451 373 165 338 355 370 251 278 243 464 400 102 212 110 87 0 111 226 244 327 315 72 77 192 
394 67 493 490 354 178 388 393 128 467 264 417 77 133 374 306 83 338 205 135 500 472 0 172 317 197 123 350 463 145 
377 154 245 151 353 442 211 481 329 103 316 51 317 232 79 157 105 91 190 149 453 275 355 0 424 154 378 121 434 228 
83 78 311 394 273 412 453 214 123 434 249 383 249 251 407 187 487 63 449 77 203 98 480 184 0 159 403 495 488 230 
428 422 470 456 232 119 436 351 72 356 180 212 105 62 167 62 419 304 255 188 252 282 341 56 468 0 476 373 126 226 
360 307 154 488 483 316 219 102 251 276 331 314 406 493 369 175 159 137 300 413 342 439 371 330 279 134 0 297 461 457 
373 394 72 386 498 59 125 313 435 177 271 211 214 84 323 206 159 448 315 246 248 434 294 186 304 123 171 0 144 126 
339 307 205 232 329 298 436 94 373 248 236 256 225 397 420 259 426 125 124 374 390 76 328 79 320 220 89 149 0 97 
184 432 386 197 137 324 477 385 259 277 257 214 463 219 389 115 138 355 492 420 429 121 65 456 155 94 482 325 133 0 

699.27 0 18
699.27 1 9
699.27 2 4
699.27 3 10
699.27 4 26
699.27 5 24
699.27 6 24
699.27 7 24
699.27 8 25
699.27 9 17
699.27 10 26
699.27 11 24
699.27 12 25
699.27 13 11
699.27 14 25
699.27 15 24
699.27 16 3
699.27 17 14
699.27 18 6
699.27 19 15
699.27 20 16
699.27 21 9
699.27 22 27
699.27 23 24
699.27 24 18
699.27 25 23
699.27 26 7
699.27 27 26
699.27 28 14
699.27 29 3

