30 30 4

0 411 349 78 473 252 440 177 219 498 471 286 336 385 108 383 239 317 339 475 240 211 344 241 225 438 170 440 455 457 
214 0 447 123 270 475 96 472 170 430 397 168 156 182 210 492 448 92 437 471 382 167 210 299 461 157 474 155 277 413 
109 233 0 334 55 63 103 236 316 281 357 245 177 231 351 66 391 98 220 190 242 190 71 359 107 320 76 214 50 181 
198 169 447 0 137 453 208 150 55 150 416 493 213 367 170 394 425 393 492 229 112 181 421 459 409 280 65 228 62 437 
435 193 134 104 0 139 221 56 297 78 269 397 200 261 110 67 137 210 442 480 408 170 91 88 298 257 447 77 272 382 
89 208 316 439 499 0 126 284 427 133 80 211 108 183 361 319 450 378 407 367 75 142 274 196 391 69 444 147 222 227 
125 310 473 491 333 167 0 489 409 401 171 248 187 332 306 76 193 332 233 277 445 99 303 86 79 205 183 305 355 280 
478 288 112 494 260 102 326 0 133 90 442 484 212 189 377 250 446 403 393 277 135 170 221 184 179 464 421 334 147 225 
395 133 202 182 195 196 148 247 0 228 231 495 169 421 413 309 297 162 461 199 262 444 285 138 164 175 267 334 302 307 
187 478 201 271 386 89 172 288 187 0 370 467 124 120 342 495 483 357 498 144 317 196 356 260 187 200 130 69 417 171 
321 430 308 54 337 78 391 376 201 178 0 269 277 351 343 347 193 93 85 500 90 179 73 444 242 490 130 148 327 356 
65 448 177 201 255 388 489 491 278 120 191 0 163 340 174 220 389 227 119 189 262 119 436 147 349 379 339 338 216 438 
164 71 209 111 405 116 73 293 104 63 277 175 0 411 390 221 84 110 316 468 179 211 229 455 147 326 303 476 372 348 
398 65 218 420 431 487 80 497 59 323 101 279 100 0 433 189 196 360 430 256 382 397 142 93 125 96 190 157 106 372 
479 160 270 250 328 396 180 70 426 177 79 249 228 308 0 55 367 203 201 226 132 164 314 235 256 357 310 302 253 174 
114 125 359 431 101 109 259 447 239 279 372 366 65 327 300 0 79 88 166 233 240 98 315 354 363 50 109 219 66 117 
423 397 389 254 256 319 61 315 284 458 53 270 85 126 285 119 0 376 314 157 493 253 103 297 275 163 159 275 222 85 
498 497 214 151 141 418 357 410 185 378 194 142 381 414 384 213 405 0 209 89 425 73 81 178 126 328 403 240 194 384 
168 229 137 371 393 238 462 66 94 372 201 422 272 500 59 392 139 222 0 296 299 261 220 322 499 104 398 83 457 344 
434 96 463 162 184 89 261 372 51 484 173 129 184 301 351 390 66 242 479 0 239 244 277 206 414 98 412 469 203 201 
181 497 134 228 215 453 118 462 420 196 463 403 75 298 86 327 148 426 343 96 0 160 288 290 388 201 410 192 319 134 
345 470 473 98 310 407 470 469 475 431 388 377 149 290 403 397 82 436 251 214 485 0 53 324 273 293 211 180 410 110 
449 494 405 174 466 209 434 372 386 158 102 316 496 430 172 492 332 68 73 267 477 444 0 251 480 267 230 480 185 360 
389 245 64 138 356 188 104 65 328 182 401 436 235 423 187 371 301 178 202 320 201 175 52 0 351 132 482 118 313 461 
253 379 105 204 394 194 59 288 248 281 116 136 388 51 77 67 189 398 318 73 99 344 432 431 0 346 282 63 328 350 
82 495 309 411 100 463 60 451 229 55 405 460 121 491 104 329 68 121 224 416 389 248 222 233 179 0 152 78 411 372 
112 468 404 314 276 71 120 446 288 70 174 293 425 340 120 415 394 400 189 465 123 312 110 77 240 293 0 206 342 77 
324 421 140 291 80 160 273 101 230 218 96 250 98 339 174 145 410 295 245 65 191 210 138 453 477 166 192 0 269 78 
240 296 352 367 142 349 398 252 122 205 432 497 251 388 302 297 268 153 413 270 348 428 411 57 272 119 484 144 0 261 
459 380 207 462 438 74 103 287 422 62 115 333 444 318 84 88 119 87 306 222 450 75 70 133 436 284 111 54 475 0 

549.3 0 22
549.3 1 20
549.3 2 3
549.3 3 9
549.3 4 21
549.3 5 27
549.3 6 16
549.3 7 17
549.3 8 25
549.3 9 10
549.3 10 11
549.3 11 27
549.3 12 16
549.3 13 10
549.3 14 15
549.3 15 16
549.3 16 7
549.3 17 22
549.3 18 26
549.3 19 9
549.3 20 12
549.3 21 14
549.3 22 17
549.3 23 8
549.3 24 28
549.3 25 14
549.3 26 1
549.3 27 28
549.3 28 24
549.3 29 3

