30 30 4

0 87 488 378 55 497 203 165 145 244 339 377 148 302 119 475 178 52 265 370 333 138 351 207 456 111 300 121 475 323 
482 0 104 360 225 432 365 221 134 237 73 328 282 400 182 290 225 363 419 434 335 495 267 179 345 180 134 162 430 412 
137 253 0 394 191 319 118 122 184 497 414 127 69 448 115 175 130 356 107 199 481 491 484 475 464 369 319 144 453 431 
280 365 274 0 483 465 171 302 82 451 192 285 364 476 304 311 90 186 147 396 243 53 376 233 243 106 404 112 375 498 
64 62 277 135 0 286 467 99 164 475 339 114 166 123 184 141 134 201 388 270 55 284 463 58 366 402 251 423 305 69 
53 58 291 65 286 0 376 58 459 182 379 433 227 443 305 300 333 152 384 484 490 360 489 480 322 253 346 431 455 475 
442 230 478 451 471 250 0 443 103 465 401 442 343 89 168 492 344 418 80 202 58 63 398 368 259 378 397 462 223 327 
172 197 268 353 381 425 323 0 337 367 132 301 474 73 350 62 191 97 112 316 127 471 324 348 369 398 106 246 294 67 
175 327 190 78 302 249 409 433 0 71 453 300 361 460 273 384 310 493 282 113 311 97 398 282 371 245 150 268 301 346 
269 74 471 302 214 499 310 413 163 0 243 191 115 493 51 75 472 141 91 220 373 361 482 420 258 263 497 453 363 472 
460 415 447 485 141 248 198 346 58 318 0 215 251 459 281 450 216 62 177 63 310 348 143 170 329 62 135 298 266 87 
367 237 498 281 390 482 128 137 386 424 352 0 410 138 309 124 125 258 290 344 386 60 360 440 153 237 268 372 322 272 
137 359 138 80 112 369 420 300 203 264 393 126 0 115 302 421 375 377 253 339 373 96 431 383 163 370 486 350 344 358 
171 115 201 236 203 232 299 278 358 305 187 121 197 0 263 394 450 391 268 326 143 106 198 396 244 288 58 113 273 114 
164 337 235 229 245 422 139 183 427 123 491 231 261 319 0 135 230 212 84 327 186 116 176 449 471 72 192 258 287 256 
238 108 126 281 293 305 476 421 150 158 347 431 149 285 191 0 174 370 127 336 160 405 472 433 80 176 403 309 319 368 
303 281 105 361 357 336 360 368 312 281 469 176 334 399 482 118 0 296 155 194 129 197 60 240 375 443 271 51 346 286 
320 213 295 100 475 362 407 66 429 274 328 416 449 211 249 103 192 0 74 105 298 425 185 201 436 375 76 378 352 77 
223 345 103 142 346 360 323 208 266 340 343 246 374 258 402 84 213 455 0 227 237 60 231 162 402 382 304 276 408 181 
128 191 111 179 451 410 475 310 233 389 282 72 231 479 396 195 136 431 359 0 297 364 302 307 94 170 208 426 424 191 
90 105 476 438 166 154 389 75 128 198 465 468 431 487 198 165 383 344 251 69 0 409 498 383 210 61 183 331 426 108 
254 116 355 65 91 293 388 195 181 170 274 329 134 448 466 121 352 130 210 402 331 0 436 310 85 74 471 303 207 57 
228 265 261 51 327 277 92 119 164 445 457 491 425 492 125 372 458 196 223 87 112 125 0 125 498 141 367 278 111 169 
435 118 347 406 86 348 232 69 147 57 390 91 464 381 222 456 456 93 413 358 473 206 176 0 304 488 380 396 354 157 
213 473 91 489 76 447 281 374 386 300 227 393 189 475 357 69 196 68 231 239 187 88 419 343 0 421 222 331 300 324 
391 407 244 364 204 439 390 151 219 470 487 469 404 135 364 378 198 140 74 216 321 470 109 116 388 0 159 487 317 196 
494 347 86 400 297 156 104 235 252 412 404 429 154 128 332 446 443 209 144 82 440 66 109 410 126 382 0 53 442 125 
320 137 118 374 173 224 170 487 485 356 238 396 259 166 256 338 448 202 487 364 296 275 303 68 334 212 351 0 423 216 
292 498 242 379 115 115 259 496 443 245 481 298 433 132 263 306 95 307 460 247 500 323 249 274 333 267 315 495 0 325 
237 417 116 234 366 202 55 187 411 50 129 362 237 133 50 320 103 306 365 360 266 318 360 295 66 340 127 490 154 0 

609.6 0 26
609.6 1 13
609.6 2 13
609.6 3 2
609.6 4 15
609.6 5 26
609.6 6 7
609.6 7 17
609.6 8 5
609.6 9 4
609.6 10 23
609.6 11 5
609.6 12 15
609.6 13 4
609.6 14 0
609.6 15 23
609.6 16 2
609.6 17 11
609.6 18 16
609.6 19 5
609.6 20 16
609.6 21 20
609.6 22 23
609.6 23 27
609.6 24 1
609.6 25 9
609.6 26 12
609.6 27 2
609.6 28 19
609.6 29 6

