30 30 3

0 334 309 136 247 430 470 464 213 224 410 371 166 489 250 251 114 497 337 490 180 499 316 252 257 162 334 105 392 486 
269 0 155 319 285 242 272 214 418 443 133 348 352 454 220 96 411 178 161 407 465 150 86 220 172 495 183 491 328 238 
138 313 0 214 244 338 449 192 317 162 316 259 245 163 317 406 90 364 316 218 231 429 182 87 221 108 210 215 241 407 
249 186 496 0 62 350 239 106 54 381 373 166 196 131 117 65 155 229 105 469 251 273 199 386 162 443 106 427 152 478 
168 59 227 304 0 261 446 360 450 51 364 86 375 236 439 212 59 454 317 446 266 492 196 489 397 289 357 340 345 284 
198 323 158 207 256 0 168 174 201 478 123 202 97 366 283 490 304 202 499 258 225 444 474 217 347 218 320 135 282 159 
186 272 308 459 380 221 0 421 498 346 121 231 175 274 485 492 263 474 295 415 472 259 347 172 439 63 225 364 333 66 
145 199 202 123 457 368 453 0 384 288 206 229 360 143 355 340 127 346 309 100 347 224 278 106 70 156 495 290 331 358 
329 103 209 478 256 282 190 123 0 441 74 117 146 253 427 239 314 473 72 366 282 329 213 212 314 269 439 420 263 228 
458 328 263 60 487 241 473 269 137 0 302 416 161 370 62 121 52 458 385 476 237 458 464 65 170 175 329 145 113 456 
358 498 169 392 260 386 135 207 359 110 0 295 160 476 162 480 488 233 239 202 325 421 389 489 384 160 158 265 440 253 
84 151 317 288 270 416 498 155 50 412 220 0 110 413 331 85 74 66 73 465 462 432 496 382 320 484 265 430 348 236 
125 100 270 226 123 57 202 489 262 64 489 380 0 234 98 292 64 134 72 288 364 243 249 295 445 131 321 428 102 457 
275 496 82 81 265 465 362 480 167 106 241 181 95 0 327 365 350 325 136 190 347 130 53 297 329 54 241 166 81 376 
219 489 357 214 70 389 185 241 457 164 358 62 111 245 0 314 144 317 164 419 159 304 266 239 64 269 274 275 460 391 
307 335 316 295 192 236 71 287 371 262 450 242 327 462 59 0 278 276 154 94 390 72 410 400 495 148 170 263 373 396 
430 263 202 471 285 447 369 471 468 362 341 436 311 289 262 273 0 55 491 255 159 291 351 388 201 250 383 55 371 352 
134 266 488 103 174 215 338 120 83 308 294 152 356 436 413 144 198 0 392 149 395 353 465 392 203 353 299 404 442 305 
481 293 389 453 488 443 126 202 280 403 442 295 403 93 150 338 213 451 0 242 311 307 343 164 271 235 317 330 484 427 
271 288 407 271 384 115 465 82 191 166 312 300 314 106 202 358 413 491 277 0 364 232 87 377 75 201 354 467 225 184 
450 151 161 445 265 138 328 330 102 116 228 218 378 478 483 191 180 96 310 377 0 79 380 108 116 256 340 475 317 306 
199 451 463 56 318 163 478 407 197 64 459 263 242 384 140 426 122 488 105 168 54 0 432 404 384 247 470 347 293 200 
163 306 105 113 475 112 381 137 296 287 284 310 453 497 51 336 343 428 408 87 239 282 0 91 378 185 425 331 361 271 
330 61 384 135 116 203 316 385 291 403 181 284 393 441 236 389 199 278 232 333 185 269 71 0 173 66 155 308 441 436 
376 419 473 387 58 314 209 419 130 94 209 483 432 199 376 372 142 471 277 370 409 109 262 384 0 131 385 400 443 400 
341 135 275 466 107 161 474 371 320 392 451 120 307 190 51 457 272 130 98 242 357 418 358 417 179 0 241 254 271 141 
196 170 188 281 395 153 94 262 333 416 288 225 366 359 482 262 116 194 484 196 242 433 260 367 290 383 0 252 481 343 
473 328 489 142 466 477 487 325 70 455 158 192 243 333 58 101 70 477 374 215 461 277 163 393 487 480 389 0 125 232 
125 418 204 404 162 53 369 138 246 401 366 201 58 264 394 97 272 201 117 456 74 489 416 301 152 64 494 338 0 159 
118 69 234 486 431 137 148 190 213 443 386 113 64 86 121 279 186 375 257 337 442 212 362 187 334 162 496 348 363 0 

655.71 0 24
655.71 1 14
655.71 2 19
655.71 3 15
655.71 4 0
655.71 5 1
655.71 6 19
655.71 7 2
655.71 8 18
655.71 9 17
655.71 10 21
655.71 11 2
655.71 12 28
655.71 13 24
655.71 14 16
655.71 15 23
655.71 16 28
655.71 17 5
655.71 18 10
655.71 19 13
655.71 20 27
655.71 21 11
655.71 22 27
655.71 23 13
655.71 24 9
655.71 25 5
655.71 26 1
655.71 27 25
655.71 28 25
655.71 29 20

