30 30 4

0 327 71 348 398 85 467 449 436 240 444 287 122 495 398 230 454 469 140 247 486 258 401 495 451 488 108 229 326 300 
299 0 72 126 320 126 474 355 92 178 498 489 121 491 111 323 144 498 276 319 137 473 304 346 129 54 296 116 319 475 
148 118 0 481 170 194 300 453 374 362 496 259 115 240 86 105 301 359 199 298 134 469 386 313 479 438 392 240 440 214 
58 171 313 0 127 151 189 478 157 142 108 225 344 73 290 83 109 101 91 419 251 95 259 426 187 279 160 124 377 106 
64 91 322 392 0 354 155 493 249 339 149 341 397 81 184 176 321 425 236 373 222 361 330 267 119 462 405 104 328 235 
432 385 456 473 206 0 347 82 311 95 281 149 402 329 253 433 219 379 253 143 321 332 71 181 161 289 458 329 400 61 
157 341 443 492 297 171 0 404 350 203 421 396 191 276 297 470 479 229 188 114 188 489 141 471 59 273 338 54 437 167 
404 204 274 245 147 472 248 0 268 131 97 178 51 199 319 277 446 288 463 381 182 283 69 170 374 246 387 353 290 391 
496 407 51 200 387 453 297 114 0 200 271 195 454 155 403 153 424 180 98 418 349 186 100 131 205 427 211 157 313 64 
397 411 59 60 412 209 397 120 212 0 218 270 190 363 223 295 266 82 219 152 131 343 207 474 149 288 178 76 205 492 
95 426 388 212 436 154 123 351 51 400 0 270 426 169 410 495 99 411 260 131 336 118 419 179 275 392 278 269 276 60 
425 267 106 350 362 268 492 466 98 99 223 0 448 319 148 324 435 143 373 101 109 210 388 385 129 66 366 227 50 135 
454 61 266 427 324 115 288 91 107 461 346 363 0 390 50 388 489 80 322 338 403 129 153 319 467 488 154 239 110 332 
240 195 285 251 411 418 281 232 413 78 496 373 375 0 358 262 131 245 457 161 273 50 270 353 154 88 319 348 193 265 
408 231 455 309 222 412 219 139 192 158 51 220 153 130 0 301 462 99 138 206 262 249 186 263 469 489 123 264 63 177 
163 278 85 100 439 100 272 350 477 117 248 134 326 175 237 0 406 182 198 211 271 111 424 470 454 186 195 442 466 165 
211 142 485 196 384 84 134 435 306 191 411 129 145 495 405 270 0 231 311 403 136 228 380 404 151 349 357 494 250 54 
459 121 215 308 105 361 191 346 202 125 358 99 242 438 194 236 342 0 171 174 359 280 260 87 159 370 188 214 226 389 
171 230 347 242 151 361 54 219 52 350 371 334 208 176 76 145 320 262 0 193 441 142 52 427 108 296 85 428 434 250 
153 78 127 89 132 319 191 443 323 360 445 380 437 279 87 112 61 389 138 0 273 81 286 122 290 212 180 85 248 108 
226 204 418 254 281 214 336 306 111 279 336 177 430 215 113 415 252 382 426 347 0 226 406 378 462 478 375 174 364 410 
128 178 135 489 303 340 476 467 382 281 77 367 323 411 53 488 230 418 446 111 100 0 292 494 456 377 456 189 251 336 
52 160 170 181 246 158 434 292 340 156 380 327 390 247 150 300 250 137 480 374 83 297 0 424 325 290 379 408 245 274 
158 287 277 476 407 164 221 271 304 219 110 410 98 388 55 51 488 305 251 124 491 125 364 0 287 255 396 283 341 303 
235 114 168 472 97 143 379 211 70 149 221 239 210 337 494 304 342 252 291 353 209 121 343 284 0 436 129 246 87 119 
86 340 304 150 458 275 198 100 360 115 120 460 287 65 376 123 266 179 416 468 176 268 176 454 318 0 167 145 153 363 
182 222 399 229 476 255 186 251 159 444 110 225 270 276 462 493 358 291 465 243 413 432 125 388 314 79 0 205 187 174 
308 256 307 481 361 486 212 116 378 169 225 77 230 400 298 212 117 497 277 115 461 470 478 148 95 365 412 0 124 69 
306 248 84 61 261 271 373 246 433 195 124 102 370 151 489 477 155 407 300 151 183 365 318 153 343 416 405 414 0 84 
479 190 96 433 224 107 194 445 186 146 133 331 427 185 201 285 173 384 390 80 183 248 420 499 272 72 341 188 427 0 

641.85 0 5
641.85 1 16
641.85 2 21
641.85 3 24
641.85 4 22
641.85 5 0
641.85 6 23
641.85 7 12
641.85 8 26
641.85 9 12
641.85 10 3
641.85 11 9
641.85 12 20
641.85 13 2
641.85 14 19
641.85 15 9
641.85 16 7
641.85 17 18
641.85 18 8
641.85 19 5
641.85 20 7
641.85 21 2
641.85 22 6
641.85 23 16
641.85 24 5
641.85 25 23
641.85 26 8
641.85 27 9
641.85 28 13
641.85 29 4

