30 30 3

0 459 442 113 406 170 492 57 370 459 152 362 116 458 159 489 237 222 214 424 243 380 418 423 50 108 336 376 123 138 
439 0 247 96 136 66 452 463 57 215 332 466 317 194 289 274 59 484 217 439 197 141 181 76 265 103 284 323 145 159 
396 233 0 304 349 486 146 366 193 109 129 358 391 302 174 84 90 155 301 73 322 239 220 413 370 453 385 179 236 207 
481 101 103 0 214 355 158 406 452 474 99 267 310 407 157 111 288 399 151 393 199 381 421 388 307 90 464 259 425 349 
446 338 329 497 0 391 249 108 256 155 266 436 411 483 245 73 346 306 311 451 163 410 356 250 331 243 56 371 413 266 
51 468 211 339 53 0 414 437 459 228 192 320 444 127 230 182 79 254 235 335 64 185 205 181 492 405 462 441 412 88 
110 177 89 77 94 378 0 80 214 314 246 393 212 65 92 497 246 432 75 450 166 116 220 57 271 107 499 176 68 196 
294 313 256 177 352 490 428 0 437 277 141 457 473 240 169 488 490 165 233 177 397 389 500 463 316 56 234 373 262 116 
148 408 360 411 370 243 263 359 0 170 406 135 261 362 107 208 237 302 404 108 241 80 455 130 79 418 152 85 151 231 
53 424 329 411 283 447 280 476 416 0 346 352 321 431 319 389 245 477 126 253 380 184 444 166 139 280 195 263 382 438 
364 320 441 494 355 108 483 301 94 214 0 423 390 65 243 77 334 132 479 311 415 231 397 98 174 63 394 405 415 156 
493 352 226 312 500 219 374 107 201 174 151 0 365 97 248 380 497 275 421 335 253 438 249 434 334 54 314 103 398 218 
225 261 418 283 437 436 282 363 309 95 63 190 0 197 135 444 395 221 440 376 141 275 128 78 230 268 363 234 81 172 
339 250 347 99 374 130 242 309 118 104 118 164 325 0 258 67 410 201 168 130 347 494 222 328 328 250 265 95 319 205 
126 198 494 82 495 299 406 331 248 422 156 302 490 477 0 126 454 494 486 361 368 323 207 117 495 242 395 451 457 196 
270 161 272 174 362 61 375 367 173 206 114 94 68 367 290 0 495 199 243 244 392 310 111 214 224 178 415 416 279 121 
128 425 97 239 403 221 307 414 96 174 87 459 238 338 477 311 0 128 471 461 77 421 108 338 482 479 268 366 393 390 
144 220 468 275 268 413 177 439 220 91 485 100 335 443 288 172 175 0 306 457 352 473 485 272 80 78 253 265 296 325 
364 185 419 83 359 400 301 271 77 240 197 325 431 454 159 130 242 488 0 255 254 445 314 226 185 85 463 213 496 227 
459 320 90 350 446 123 208 345 375 185 372 321 89 196 251 493 61 87 441 0 500 500 194 200 313 126 335 348 88 498 
343 265 212 370 305 268 315 135 182 366 460 73 445 487 112 140 444 312 359 482 0 459 114 481 360 264 293 436 305 347 
231 58 397 446 427 266 458 194 287 92 326 359 258 349 303 451 168 150 394 186 459 0 375 144 279 111 454 249 110 146 
53 164 327 268 60 479 194 483 192 338 476 234 370 334 198 425 137 148 299 444 249 435 0 402 330 286 387 392 446 135 
208 91 345 322 124 112 88 103 463 70 245 56 496 186 376 330 90 56 173 396 306 116 144 0 447 224 424 232 317 71 
178 402 437 426 453 258 50 64 53 310 233 73 261 239 276 397 114 312 194 327 435 89 132 257 0 183 79 187 313 468 
454 91 145 111 478 278 63 442 278 284 445 294 467 225 54 412 451 402 232 262 302 58 403 341 141 0 366 230 377 259 
249 344 212 290 196 480 474 424 249 416 201 239 116 201 412 498 205 323 448 313 54 416 114 62 74 405 0 360 390 134 
443 148 334 287 66 330 189 252 304 112 451 426 470 189 248 170 100 246 325 129 400 138 133 316 202 353 340 0 107 212 
437 398 155 291 438 148 64 268 287 266 278 105 424 203 74 319 157 194 126 353 225 205 253 313 496 275 222 348 0 321 
486 266 257 139 127 255 77 432 269 51 425 241 279 480 371 188 53 190 295 404 473 148 336 177 107 355 379 332 76 0 

543 0 10
543 1 17
543 2 9
543 3 12
543 4 23
543 5 4
543 6 20
543 7 8
543 8 24
543 9 13
543 10 13
543 11 15
543 12 13
543 13 1
543 14 5
543 15 10
543 16 15
543 17 7
543 18 10
543 19 2
543 20 27
543 21 4
543 22 23
543 23 18
543 24 1
543 25 19
543 26 21
543 27 14
543 28 1
543 29 22

