30 30 3

0 421 96 421 60 457 123 345 68 172 280 448 423 179 477 375 141 128 185 473 362 411 416 290 192 468 176 450 464 110 
470 0 244 481 65 371 248 228 444 92 247 323 78 401 452 415 377 326 262 212 218 441 73 335 356 313 477 323 440 426 
493 256 0 151 236 237 167 314 435 345 257 233 298 286 262 199 237 383 282 270 144 444 194 84 223 479 146 487 456 420 
182 137 168 0 388 239 111 331 112 375 472 407 131 205 412 124 173 110 311 55 342 287 356 493 431 390 215 410 242 408 
121 161 296 415 0 280 391 360 97 221 422 422 400 85 259 104 447 333 434 263 144 195 311 137 50 303 68 146 225 184 
338 339 462 206 342 0 132 192 232 443 239 159 120 160 58 155 369 319 308 202 252 70 52 397 332 346 153 341 120 249 
65 461 294 111 422 450 0 403 261 141 134 203 86 243 480 403 459 135 271 277 149 179 480 170 388 376 208 441 480 499 
60 435 271 472 228 332 149 0 384 234 360 475 74 269 267 474 249 169 432 334 147 209 189 483 395 309 127 270 223 67 
456 429 77 147 199 255 325 237 0 355 416 177 214 146 201 434 364 174 182 483 313 222 336 228 361 319 122 377 152 98 
306 169 261 234 403 358 383 158 389 0 119 463 304 246 176 401 153 316 264 485 204 453 297 376 496 475 444 70 96 76 
172 144 88 291 355 273 400 419 362 57 0 308 432 470 318 384 353 218 488 168 188 228 79 348 475 161 99 205 104 119 
458 337 241 308 376 238 370 355 137 288 216 0 145 302 147 321 327 238 173 495 432 499 390 159 284 444 340 395 493 251 
450 318 208 493 58 222 124 453 91 429 296 86 0 145 147 338 449 419 164 393 298 366 324 52 462 189 286 161 479 181 
153 436 337 421 143 85 185 316 160 344 113 295 139 0 149 390 237 194 95 362 64 438 159 136 262 369 304 401 361 415 
136 492 67 71 84 194 372 120 85 394 437 379 457 231 0 469 313 121 412 213 373 273 227 310 138 70 71 213 324 179 
74 239 472 272 463 493 307 157 120 133 399 464 69 278 177 0 457 453 196 77 120 359 400 343 292 417 187 312 438 107 
136 323 131 325 294 353 287 494 366 150 320 205 500 284 224 484 0 167 181 436 313 415 55 378 71 104 169 438 448 432 
131 54 274 161 342 98 161 402 91 154 267 399 181 423 154 171 353 0 137 288 240 279 307 155 284 184 383 94 59 76 
492 197 364 253 421 475 94 225 136 202 474 447 420 372 127 98 476 248 0 157 319 242 348 97 255 209 331 389 298 131 
155 324 329 302 187 81 223 369 333 154 455 485 127 157 160 449 235 415 180 0 189 72 205 382 126 252 136 492 289 232 
289 370 93 319 199 345 212 437 274 80 476 379 241 461 456 349 120 161 290 242 0 498 185 471 203 273 96 405 116 294 
401 54 289 270 97 107 175 392 476 319 373 56 294 251 454 254 413 58 81 73 298 0 480 278 434 450 431 206 252 91 
272 496 442 276 491 419 79 304 300 178 279 118 50 492 363 251 446 323 370 454 110 394 0 459 89 378 392 245 308 304 
447 105 283 198 498 265 188 172 295 442 422 423 428 491 423 419 109 380 120 138 456 74 406 0 349 239 201 433 337 397 
240 347 99 52 129 248 500 101 142 378 346 291 299 475 218 496 153 343 104 239 414 400 194 194 0 305 250 139 212 182 
426 108 129 272 158 131 108 112 337 159 411 214 211 408 219 185 125 215 495 175 476 233 295 375 133 0 195 386 333 284 
98 222 209 363 301 431 227 138 489 496 181 147 407 101 64 314 270 406 146 435 400 478 167 339 272 248 0 423 417 341 
462 200 389 183 359 458 190 496 185 278 241 387 409 94 293 216 109 314 437 465 166 127 365 350 244 410 121 0 443 332 
244 283 294 394 378 427 459 91 117 210 226 101 401 113 217 202 112 383 261 132 319 432 455 153 52 304 347 413 0 131 
496 244 325 485 244 425 118 171 139 160 445 300 92 252 407 362 419 108 181 302 75 263 327 458 425 186 460 435 240 0 

524.5 0 10
524.5 1 6
524.5 2 3
524.5 3 12
524.5 4 11
524.5 5 14
524.5 6 27
524.5 7 0
524.5 8 28
524.5 9 23
524.5 10 17
524.5 11 1
524.5 12 19
524.5 13 22
524.5 14 10
524.5 15 23
524.5 16 2
524.5 17 7
524.5 18 11
524.5 19 28
524.5 20 2
524.5 21 12
524.5 22 20
524.5 23 25
524.5 24 19
524.5 25 21
524.5 26 1
524.5 27 25
524.5 28 22
524.5 29 7

