30 30 4

0 64 400 492 331 207 407 311 442 483 93 314 98 120 328 403 65 468 98 54 160 120 337 476 212 186 362 392 496 462 
179 0 164 232 78 156 63 235 62 324 383 251 124 404 300 401 231 202 416 198 457 176 65 76 463 491 446 355 353 337 
351 70 0 466 465 459 250 327 472 192 95 52 74 297 126 428 96 477 159 455 149 63 411 275 78 437 445 69 138 299 
128 426 356 0 355 147 77 313 348 354 492 490 400 494 270 403 326 198 205 302 63 159 157 76 69 139 105 212 83 331 
301 88 409 433 0 151 470 79 178 282 133 238 480 329 344 473 99 246 298 454 401 307 467 59 170 493 285 259 304 204 
499 134 211 87 493 0 350 188 462 135 72 451 219 260 430 254 311 159 303 56 163 256 164 176 429 380 53 422 165 262 
225 75 261 310 443 54 0 58 292 399 227 377 177 384 302 143 69 56 404 385 65 167 499 272 281 381 200 160 384 328 
482 353 260 56 320 276 205 0 80 491 447 185 217 80 312 307 332 405 327 94 65 418 110 182 416 88 413 53 445 72 
143 273 54 202 239 267 472 465 0 423 51 455 125 393 379 362 204 392 401 316 218 445 331 136 261 219 258 299 131 468 
244 360 318 223 120 470 412 94 442 0 132 223 199 293 54 92 171 367 453 63 267 475 438 418 305 280 179 230 245 428 
67 419 378 134 236 100 204 206 218 455 0 354 300 177 259 93 389 57 421 255 461 190 228 435 335 352 447 321 481 383 
65 165 401 191 493 485 377 300 395 289 468 0 350 142 475 233 108 274 121 115 401 82 282 298 467 217 132 319 370 159 
55 252 382 377 152 72 126 343 399 376 238 395 0 99 87 243 280 477 301 53 98 367 161 337 148 409 304 71 247 329 
147 356 90 106 237 418 415 466 250 258 121 125 446 0 466 381 239 208 161 215 460 371 263 326 482 307 180 390 317 409 
136 352 55 199 392 111 386 65 477 352 265 441 179 96 0 386 144 428 124 302 295 289 261 165 259 293 147 272 180 243 
88 88 86 390 300 235 488 118 327 53 301 385 475 241 63 0 71 333 364 205 163 166 450 402 133 321 367 133 174 345 
470 368 383 264 160 272 63 101 467 338 378 470 138 470 200 85 0 239 221 368 103 132 481 426 81 139 58 109 212 348 
233 57 317 100 390 80 210 369 301 261 91 138 346 60 434 71 417 0 469 260 345 93 69 427 280 445 215 369 210 274 
288 264 457 295 81 264 391 318 180 466 118 148 56 414 444 273 347 221 0 190 71 187 485 321 207 167 101 358 332 176 
274 312 414 489 269 208 69 239 306 337 369 271 162 467 485 75 166 257 128 0 337 153 356 231 344 177 388 462 435 452 
500 110 226 312 475 421 287 389 440 476 194 483 344 172 351 311 156 132 183 119 0 417 471 223 273 201 66 156 295 234 
90 453 234 150 385 496 331 305 282 220 451 257 364 190 100 486 491 117 348 123 458 0 418 246 184 347 469 91 363 331 
336 304 127 495 488 228 380 483 265 184 264 435 342 227 55 482 484 491 472 308 95 301 0 265 463 498 399 309 222 440 
378 260 482 181 337 476 168 271 111 357 487 246 327 421 87 53 426 275 244 173 453 51 218 0 461 473 387 214 371 402 
386 66 279 145 498 167 189 229 492 410 291 349 396 243 382 73 487 142 205 261 336 328 213 93 0 252 173 272 138 337 
142 490 430 365 476 281 362 349 420 297 340 330 87 395 432 280 277 455 473 369 160 233 411 194 153 0 210 397 483 432 
241 76 280 231 456 144 413 443 212 261 363 459 100 399 253 202 86 239 429 248 212 53 114 151 170 258 0 461 86 361 
444 468 102 470 454 490 181 97 402 123 466 369 192 180 175 297 383 327 334 329 462 81 491 221 145 348 341 0 109 309 
377 421 459 100 229 184 53 218 315 307 326 144 272 194 287 403 75 83 492 353 123 320 314 154 66 242 456 365 0 82 
272 380 166 192 338 423 127 472 427 295 493 440 327 136 212 227 373 321 252 163 312 104 236 339 125 97 355 317 259 0 

617.76 0 15
617.76 1 2
617.76 2 3
617.76 3 19
617.76 4 17
617.76 5 14
617.76 6 1
617.76 7 13
617.76 8 10
617.76 9 5
617.76 10 22
617.76 11 20
617.76 12 25
617.76 13 6
617.76 14 11
617.76 15 6
617.76 16 3
617.76 17 3
617.76 18 5
617.76 19 13
617.76 20 1
617.76 21 10
617.76 22 26
617.76 23 20
617.76 24 0
617.76 25 2
617.76 26 8
617.76 27 22
617.76 28 8
617.76 29 17

