30 30 4

0 304 204 469 358 223 68 425 490 71 456 187 231 442 374 148 466 142 252 188 59 486 438 204 105 436 120 439 360 208 
465 0 89 218 169 58 282 342 283 207 87 60 162 225 241 310 305 95 275 397 297 413 407 489 107 110 94 493 387 239 
352 301 0 204 147 469 79 155 251 371 144 408 408 155 276 339 102 86 144 148 67 491 151 431 397 347 488 213 147 236 
307 336 294 0 107 246 391 283 275 253 484 145 347 147 260 208 373 98 261 165 399 115 183 390 216 320 493 62 63 413 
159 249 219 202 0 249 276 398 139 58 173 342 248 475 396 345 234 103 425 490 70 296 388 135 429 484 302 455 477 70 
468 145 387 423 314 0 88 171 296 192 468 305 315 65 259 290 411 311 230 221 235 426 241 481 70 327 166 53 335 120 
236 111 295 331 204 217 0 144 449 95 147 141 62 402 162 77 367 158 195 177 339 122 118 471 313 99 491 346 422 251 
387 248 193 449 493 475 152 0 417 325 101 462 422 192 230 79 60 464 397 169 365 280 214 437 349 184 250 154 382 302 
75 132 189 480 482 137 473 456 0 446 389 488 497 106 165 395 493 195 162 456 298 281 321 284 445 257 132 335 213 443 
216 466 468 54 154 204 487 448 176 0 198 393 271 392 146 327 57 247 319 202 359 481 206 346 301 440 290 265 279 332 
428 221 498 149 396 259 460 99 452 407 0 225 356 56 202 248 359 479 255 312 53 163 171 484 319 223 492 465 464 256 
243 295 390 415 499 246 66 464 205 115 415 0 319 497 271 325 198 225 183 383 430 445 386 92 322 125 117 496 116 288 
215 78 238 216 175 152 214 371 375 385 75 440 0 299 344 436 276 375 340 451 264 222 136 416 107 178 444 182 452 195 
456 447 360 484 184 75 158 493 447 479 367 331 261 0 306 336 311 448 319 393 287 269 156 459 356 71 272 240 222 404 
399 367 115 345 227 99 479 459 414 471 161 393 337 198 0 360 349 485 377 296 59 269 289 278 376 454 340 153 225 287 
325 335 185 192 401 236 125 206 214 83 119 391 402 218 434 0 99 77 282 290 161 284 299 380 72 284 255 476 330 115 
407 116 390 241 458 288 348 193 363 53 113 153 123 454 54 291 0 387 310 75 375 307 186 158 312 272 387 95 478 118 
132 299 475 198 395 423 363 183 477 55 252 481 326 111 310 486 115 0 307 129 132 88 454 389 224 112 200 203 205 453 
180 274 84 185 455 439 79 133 301 419 110 63 171 297 339 232 106 324 0 54 119 403 343 158 357 438 88 175 137 241 
86 296 127 310 86 262 472 476 499 104 276 173 164 496 294 411 334 233 223 0 158 444 293 267 493 157 330 430 195 455 
273 143 492 69 220 57 105 189 479 287 394 290 270 66 404 265 67 71 306 457 0 451 414 156 450 387 148 106 217 77 
459 378 300 101 125 319 478 133 131 373 318 124 473 314 344 490 218 316 263 446 121 0 219 396 241 325 346 127 423 158 
294 450 116 379 249 374 454 275 108 293 112 187 318 186 160 131 237 356 55 52 118 451 0 330 287 103 70 318 155 147 
240 263 148 396 86 233 351 166 186 125 431 430 394 118 454 287 435 84 474 497 297 232 114 0 247 61 107 56 288 375 
161 385 114 131 239 216 167 422 66 490 315 349 421 451 242 245 404 235 179 194 208 382 441 146 0 446 395 364 52 401 
151 133 269 243 404 350 432 119 223 110 135 212 131 434 132 81 383 83 191 117 212 91 483 300 483 0 128 245 377 443 
454 484 93 86 252 493 440 308 425 265 481 241 351 193 78 491 482 109 129 65 457 197 434 498 386 234 0 236 220 429 
319 369 139 303 169 175 261 161 322 69 85 86 500 483 143 399 60 341 381 326 420 396 489 323 329 487 415 0 269 222 
135 405 492 454 494 50 122 375 261 234 196 487 476 440 487 215 289 141 225 336 472 258 463 123 246 492 159 232 0 407 
378 161 492 282 359 445 275 359 274 150 326 458 52 313 433 198 55 354 438 146 79 480 325 494 442 398 239 434 56 0 

494.75 0 9
494.75 1 28
494.75 2 3
494.75 3 0
494.75 4 9
494.75 5 9
494.75 6 1
494.75 7 3
494.75 8 4
494.75 9 21
494.75 10 2
494.75 11 15
494.75 12 22
494.75 13 21
494.75 14 18
494.75 15 0
494.75 16 25
494.75 17 25
494.75 18 21
494.75 19 2
494.75 20 25
494.75 21 19
494.75 22 28
494.75 23 16
494.75 24 6
494.75 25 12
494.75 26 15
494.75 27 2
494.75 28 27
494.75 29 5

