30 30 4

0 324 361 368 108 479 426 479 107 428 264 399 357 301 405 197 352 96 240 60 379 210 451 224 447 285 385 248 483 75 
57 0 84 349 368 158 163 102 84 348 367 218 111 265 281 362 377 185 420 423 375 430 301 291 137 476 238 128 116 192 
317 141 0 407 108 196 481 216 309 83 457 156 156 381 424 127 162 492 454 53 167 376 378 304 384 376 391 115 113 225 
181 462 493 0 479 368 100 174 349 473 189 138 430 51 244 66 181 77 178 172 482 181 289 113 266 92 447 141 189 61 
411 121 399 372 0 113 377 240 370 257 295 342 152 383 478 153 333 495 491 360 172 162 341 60 158 405 483 407 107 123 
303 119 240 374 468 0 111 193 101 57 62 308 302 354 167 391 332 270 223 326 468 290 204 129 130 421 444 241 403 107 
55 232 360 331 422 440 0 54 240 132 105 247 144 120 256 204 237 353 242 213 283 274 180 72 185 467 359 105 166 307 
459 223 312 190 289 349 319 0 228 353 58 66 165 462 367 235 424 71 178 277 263 97 59 488 435 288 172 401 146 434 
273 159 148 447 421 496 235 476 0 314 170 329 322 186 444 490 53 385 414 281 62 190 494 316 406 237 250 193 115 150 
289 256 374 155 354 76 282 349 468 0 258 162 137 86 190 274 236 180 484 120 93 264 339 440 464 154 345 408 355 488 
229 211 483 435 291 137 496 317 370 344 0 285 127 213 372 370 109 352 105 239 91 382 489 61 220 428 476 80 479 139 
385 466 318 96 205 460 337 292 455 361 368 0 298 352 201 217 430 70 277 282 332 222 79 213 418 91 139 101 273 170 
80 362 54 496 179 307 200 138 351 199 92 211 0 66 97 269 425 264 198 445 247 186 277 420 216 196 93 257 286 144 
480 406 174 97 166 377 226 424 283 71 481 432 113 0 398 205 367 166 129 131 314 280 84 451 263 210 373 166 253 336 
402 348 315 63 472 362 179 104 294 309 338 315 289 476 0 135 186 180 452 58 466 289 323 453 324 480 215 484 352 87 
237 187 439 291 208 452 262 276 338 73 69 146 361 91 142 0 336 176 485 223 334 494 188 123 72 347 153 51 269 343 
353 306 286 246 245 76 404 403 496 386 447 68 161 93 379 202 0 392 214 84 376 143 125 369 489 198 391 335 57 148 
103 350 451 360 343 403 311 369 306 420 364 398 367 138 59 166 467 0 211 57 388 453 139 481 77 459 225 432 105 60 
195 204 320 251 361 179 93 264 196 413 276 116 483 174 189 121 183 305 0 294 100 68 388 52 157 369 286 322 300 424 
378 310 118 288 130 320 148 466 363 362 162 275 345 435 258 469 330 85 151 0 134 329 408 359 217 167 466 292 403 288 
91 327 372 108 395 159 188 214 257 153 284 326 472 58 170 162 473 345 442 264 0 202 282 93 109 140 467 226 106 258 
129 100 55 162 422 113 263 287 251 184 494 111 418 75 289 182 402 402 362 246 99 0 125 398 332 375 458 422 341 183 
234 305 469 491 311 130 168 130 100 405 332 234 155 149 151 180 144 283 289 496 144 485 0 302 427 139 133 301 96 261 
349 436 446 153 161 192 170 448 311 251 498 215 289 231 320 388 88 207 238 322 446 441 172 0 186 242 305 275 325 313 
77 85 161 220 237 264 87 380 385 485 397 135 239 111 130 176 138 224 215 51 412 243 203 352 0 121 339 93 377 321 
124 189 348 367 300 274 310 270 311 189 361 52 292 202 241 110 282 367 198 456 81 406 368 481 108 0 426 102 397 470 
429 217 300 324 272 166 330 496 427 99 63 322 411 65 114 319 256 174 101 329 78 263 117 434 337 97 0 492 263 149 
144 232 284 68 238 107 497 355 387 248 281 193 261 309 310 276 373 128 238 253 386 67 281 149 134 421 436 0 388 168 
405 244 263 343 478 488 81 292 484 386 385 231 373 77 443 181 93 218 261 172 163 464 264 180 452 363 471 372 0 55 
114 491 410 308 460 253 493 447 284 284 430 376 375 160 248 403 309 135 202 234 346 324 347 310 295 233 468 157 203 0 

717.09 0 16
717.09 1 16
717.09 2 19
717.09 3 6
717.09 4 20
717.09 5 21
717.09 6 21
717.09 7 8
717.09 8 22
717.09 9 8
717.09 10 9
717.09 11 9
717.09 12 9
717.09 13 15
717.09 14 10
717.09 15 7
717.09 16 13
717.09 17 22
717.09 18 11
717.09 19 27
717.09 20 1
717.09 21 6
717.09 22 8
717.09 23 9
717.09 24 12
717.09 25 26
717.09 26 4
717.09 27 17
717.09 28 11
717.09 29 12

