30 30 4

0 468 382 349 78 344 83 411 416 258 369 98 155 169 350 203 366 330 471 309 141 177 290 466 64 56 117 408 360 362 
464 0 367 85 345 422 320 396 455 230 311 420 99 116 74 218 416 434 290 245 404 98 92 287 95 57 302 308 331 416 
167 399 0 380 484 434 431 161 254 326 116 190 344 486 239 166 266 163 81 406 403 483 309 208 75 96 253 289 104 60 
327 226 178 0 225 105 368 366 243 480 326 275 302 466 325 494 412 441 259 74 472 371 184 211 179 342 443 432 301 438 
242 311 264 175 0 195 196 437 63 61 179 249 337 405 257 58 229 250 420 170 215 201 348 85 335 265 421 383 207 109 
183 145 57 444 115 0 182 139 261 119 359 272 248 314 315 152 70 80 88 477 450 208 191 150 55 226 435 271 353 73 
184 412 206 486 420 150 0 101 101 446 312 170 60 291 125 80 312 227 307 342 265 283 292 179 180 148 392 356 290 369 
208 313 52 327 470 489 246 0 326 296 297 478 107 174 488 104 249 274 367 182 80 208 154 313 206 283 443 305 174 54 
94 249 419 357 252 245 82 447 0 197 358 242 445 335 55 325 78 110 73 302 183 412 88 97 65 107 254 55 256 265 
386 260 65 135 386 372 93 337 161 0 490 485 469 438 429 304 199 460 88 466 239 341 148 150 135 196 373 193 156 378 
399 371 263 366 386 348 251 464 147 87 0 124 343 278 93 280 206 103 186 372 348 151 110 395 250 211 481 152 83 173 
258 167 71 128 380 143 220 435 344 390 81 0 138 465 375 366 264 361 279 73 497 150 371 355 211 266 311 128 453 413 
368 125 170 485 353 455 120 447 381 261 497 270 0 293 134 441 374 207 411 234 436 434 438 292 61 292 209 484 102 287 
436 221 361 60 97 101 119 258 172 65 138 383 62 0 114 382 353 55 255 59 416 196 201 106 133 444 324 131 152 307 
390 146 242 110 457 459 157 265 284 365 143 56 209 232 0 68 273 114 127 485 75 137 401 221 495 213 60 438 487 141 
90 500 481 393 241 90 349 406 404 320 189 268 413 195 427 0 145 420 407 209 254 391 441 97 498 162 91 210 379 480 
403 471 276 402 207 168 349 455 223 461 358 494 357 333 406 51 0 466 50 178 372 416 382 263 357 429 260 225 470 177 
103 205 286 280 431 395 438 305 243 392 479 204 249 228 60 288 133 0 268 254 341 152 125 256 484 94 319 168 61 494 
345 395 304 256 180 83 394 74 471 198 268 118 383 178 74 110 395 312 0 401 369 65 241 472 348 203 211 392 473 86 
403 222 381 297 476 343 184 266 236 208 236 385 182 61 474 66 85 84 411 0 347 435 280 119 175 458 417 84 168 64 
56 204 174 436 291 177 411 134 311 176 76 226 119 167 114 337 141 131 372 382 0 248 425 316 234 494 197 191 166 231 
66 181 445 220 61 380 218 188 497 58 206 380 84 382 449 202 446 492 500 283 363 0 381 482 287 196 215 488 99 113 
153 487 129 491 431 299 258 310 223 397 63 231 102 393 473 190 97 174 135 88 380 369 0 401 260 106 394 162 271 381 
211 334 241 197 169 438 335 175 196 351 348 299 364 79 351 256 51 247 59 382 332 97 261 0 407 204 227 463 305 339 
441 392 256 481 132 159 150 277 200 275 179 51 329 428 365 114 485 328 322 231 93 410 62 141 0 377 176 51 103 345 
306 148 492 198 354 473 487 220 329 470 370 310 148 371 345 75 443 410 59 477 231 447 69 141 216 0 367 468 342 125 
278 393 381 376 385 285 437 113 479 156 148 448 476 164 303 103 459 328 252 368 94 228 306 491 454 153 0 206 77 327 
254 152 104 147 239 187 238 475 123 301 209 436 155 156 167 269 409 220 227 444 178 302 244 112 314 441 66 0 417 354 
300 450 107 402 54 411 347 398 355 77 471 155 236 162 467 99 279 235 214 450 413 157 334 421 107 397 234 499 0 413 
150 108 212 99 372 320 310 283 166 414 137 194 140 450 136 252 416 185 482 358 350 187 270 213 471 397 271 367 130 0 

571.8 0 18
571.8 1 5
571.8 2 6
571.8 3 10
571.8 4 27
571.8 5 11
571.8 6 11
571.8 7 26
571.8 8 23
571.8 9 11
571.8 10 21
571.8 11 23
571.8 12 5
571.8 13 25
571.8 14 5
571.8 15 16
571.8 16 15
571.8 17 13
571.8 18 2
571.8 19 23
571.8 20 7
571.8 21 4
571.8 22 20
571.8 23 4
571.8 24 7
571.8 25 10
571.8 26 18
571.8 27 21
571.8 28 8
571.8 29 11

