30 30 4

0 308 68 198 282 282 160 317 181 78 401 229 289 71 420 226 68 283 194 234 101 466 310 280 398 204 195 456 201 261 
472 0 486 68 490 390 301 478 500 324 158 284 431 94 73 209 464 456 227 453 149 167 53 321 427 490 219 131 185 174 
282 152 0 352 474 170 342 120 177 319 119 452 184 110 138 435 133 297 154 295 475 313 150 348 316 422 275 61 140 112 
403 471 344 0 54 322 73 382 370 350 58 396 420 216 79 236 305 220 319 101 324 320 282 136 420 130 158 341 355 376 
431 417 279 157 0 467 490 430 246 371 55 96 380 401 222 302 430 408 106 149 433 158 179 252 390 472 171 470 129 463 
80 456 149 203 441 0 257 169 186 393 122 57 398 168 143 299 96 395 435 454 452 291 142 109 420 344 205 392 465 175 
227 183 412 389 490 115 0 85 246 441 222 345 62 229 449 387 78 454 433 423 389 142 130 386 234 396 305 284 101 403 
456 433 337 138 344 225 127 0 409 261 79 106 433 130 118 368 79 456 396 483 144 74 127 237 155 463 177 257 475 412 
308 133 367 240 420 211 291 352 0 289 406 319 74 462 458 155 80 81 391 242 427 373 92 207 207 279 68 169 163 276 
143 74 83 227 147 481 353 308 478 0 411 96 383 229 328 345 393 189 131 424 79 79 106 158 121 264 315 107 489 191 
220 264 284 244 54 217 97 485 277 355 0 218 187 158 100 123 436 151 466 124 232 390 360 468 202 468 89 416 490 146 
161 180 316 375 414 266 379 338 69 119 114 0 374 287 251 482 94 324 417 195 497 247 134 386 106 101 87 281 347 210 
270 443 77 400 465 402 69 437 488 113 456 313 0 177 330 307 135 67 351 165 435 252 161 388 336 497 445 144 291 432 
441 207 201 140 234 307 104 342 82 248 85 146 203 0 349 480 239 155 114 257 212 230 398 414 341 492 457 94 436 307 
91 123 247 455 274 337 395 287 148 236 320 346 272 172 0 255 327 151 201 188 423 164 350 152 61 470 199 52 182 450 
195 439 491 268 393 445 249 436 95 242 83 489 268 135 467 0 390 341 293 248 248 431 170 362 487 479 373 212 177 131 
101 127 483 490 324 458 138 476 413 74 70 154 107 58 129 193 0 475 469 240 267 423 194 404 92 55 146 70 134 309 
405 422 116 482 405 105 61 362 194 487 481 425 57 134 482 65 213 0 381 247 389 327 220 311 471 124 110 232 427 337 
316 442 241 238 57 429 349 320 441 417 220 183 397 144 190 237 125 413 0 157 213 159 496 246 85 62 217 159 329 155 
293 166 422 234 113 366 449 493 214 268 189 130 438 322 233 288 219 420 363 0 131 76 282 447 278 479 482 291 402 348 
119 56 140 442 184 80 55 500 479 498 420 453 393 500 390 421 439 177 139 359 0 247 220 141 235 373 370 420 355 367 
77 409 436 84 499 378 425 285 139 425 264 343 100 216 235 307 313 155 245 196 452 0 103 149 171 195 91 251 271 461 
105 137 489 464 72 279 218 156 203 453 452 334 423 294 385 346 479 191 365 341 386 267 0 292 196 367 169 97 408 126 
318 124 388 405 112 351 183 97 275 497 251 435 448 291 113 242 175 165 427 72 480 474 165 0 454 472 311 320 348 358 
434 424 175 264 312 286 327 369 419 374 144 415 331 285 119 122 348 311 454 464 444 477 199 418 0 141 152 389 158 178 
236 222 318 160 103 82 178 339 115 497 464 195 347 379 233 131 204 305 186 465 465 356 408 197 261 0 81 495 364 421 
152 248 363 80 273 229 133 305 357 422 370 110 386 271 407 471 454 489 174 465 381 345 430 236 459 333 0 203 491 328 
273 167 186 472 236 217 244 172 300 255 479 429 331 295 70 101 202 247 55 397 127 226 277 422 155 219 136 0 439 372 
126 473 145 450 158 323 393 325 273 64 332 478 249 260 64 495 487 115 196 233 327 92 310 53 75 438 365 244 0 73 
303 322 357 482 173 306 140 446 198 171 218 419 453 402 168 419 416 162 405 238 64 137 64 106 397 274 131 334 139 0 

598.2 0 19
598.2 1 7
598.2 2 14
598.2 3 20
598.2 4 27
598.2 5 9
598.2 6 28
598.2 7 24
598.2 8 20
598.2 9 21
598.2 10 23
598.2 11 17
598.2 12 10
598.2 13 0
598.2 14 15
598.2 15 10
598.2 16 2
598.2 17 4
598.2 18 28
598.2 19 6
598.2 20 11
598.2 21 7
598.2 22 10
598.2 23 25
598.2 24 20
598.2 25 23
598.2 26 23
598.2 27 28
598.2 28 10
598.2 29 23

