30 30 3

0 273 312 190 381 92 307 192 295 323 126 410 218 496 53 482 467 242 60 166 458 327 325 245 298 344 455 205 471 299 
67 0 105 71 85 245 158 334 52 300 129 325 132 245 249 127 456 437 300 404 203 416 361 237 447 312 241 290 267 396 
467 65 0 169 71 293 411 474 157 244 232 407 323 263 245 275 219 322 230 362 122 133 65 244 200 252 191 462 199 431 
228 94 154 0 450 420 382 242 330 355 349 73 293 462 103 263 206 328 432 235 57 500 307 347 64 50 497 473 191 214 
171 329 393 422 0 433 98 341 314 291 377 376 346 401 375 308 210 137 220 488 275 405 251 275 211 97 496 419 300 225 
316 464 346 144 112 0 475 283 161 71 304 158 399 386 454 55 467 468 215 104 395 202 85 299 159 66 217 206 62 342 
212 237 157 382 289 459 0 445 263 448 312 285 458 176 183 343 129 395 310 304 109 120 198 468 362 203 126 379 126 282 
391 418 200 334 75 81 122 0 240 232 92 187 494 83 145 169 423 438 456 317 454 466 376 280 163 343 142 72 419 471 
149 407 117 66 313 157 298 344 0 436 488 76 478 175 276 60 270 396 433 414 107 456 124 72 331 354 392 380 202 414 
54 379 269 411 446 286 430 102 290 0 274 489 278 56 222 159 282 233 135 384 372 255 441 328 329 219 365 390 110 245 
298 231 456 177 450 367 122 442 52 382 0 232 276 126 216 282 298 325 271 237 166 154 316 371 95 350 407 471 421 52 
81 165 300 262 121 427 211 194 256 360 196 0 344 91 179 420 257 167 424 288 388 368 160 493 183 481 294 239 143 264 
159 145 51 482 152 470 309 285 388 209 491 247 0 111 90 288 240 216 251 114 140 245 452 458 355 200 347 91 444 292 
392 415 401 243 172 382 345 142 397 337 236 105 83 0 433 167 124 427 357 290 384 177 136 128 129 300 189 279 146 437 
430 144 84 100 496 278 222 133 329 70 237 165 256 292 0 199 188 409 273 321 473 269 204 149 356 489 435 155 177 214 
459 321 350 102 355 400 304 339 328 144 168 349 331 490 104 0 122 188 450 238 167 270 210 143 425 65 449 169 451 103 
53 371 268 324 220 321 385 326 331 224 153 425 98 452 255 87 0 263 84 433 212 272 306 188 188 399 319 203 103 439 
360 364 442 230 131 265 400 158 356 225 440 286 329 120 334 487 326 0 128 249 116 267 167 338 72 306 232 178 124 385 
231 62 245 94 454 181 176 425 81 491 281 463 430 66 498 50 107 241 0 82 185 196 148 158 314 192 180 326 374 64 
400 465 246 169 416 497 329 97 379 461 335 370 448 297 55 220 51 262 277 0 242 294 168 144 148 276 408 290 163 233 
370 177 340 335 129 215 250 333 250 53 211 210 338 287 157 342 293 328 343 54 0 311 291 55 430 385 153 412 500 150 
281 439 470 165 485 60 451 406 468 283 156 471 445 316 309 438 180 150 230 214 199 0 442 475 196 447 160 287 306 72 
286 406 59 432 132 174 416 349 125 322 316 358 184 494 58 206 302 447 336 158 383 500 0 63 324 231 209 477 341 446 
283 119 439 395 129 370 233 253 492 82 84 313 348 393 447 341 157 153 349 103 195 213 193 0 402 433 223 132 141 200 
179 294 189 249 439 83 84 64 267 494 55 55 78 319 353 421 472 401 77 331 456 338 233 376 0 481 134 308 203 423 
156 109 101 156 248 56 94 489 90 108 462 84 113 467 319 138 75 239 317 182 473 354 345 310 86 0 220 497 377 234 
407 299 340 466 107 446 421 113 246 409 361 304 126 151 124 92 420 419 324 365 442 457 337 296 301 354 0 88 471 106 
416 204 463 421 251 429 478 196 349 298 149 464 158 159 89 466 233 338 141 359 161 456 300 117 499 95 124 0 108 134 
301 165 256 212 127 176 413 262 154 315 317 402 414 487 266 73 75 438 463 119 78 321 231 240 121 54 445 373 0 129 
53 213 380 375 419 91 208 95 454 177 406 476 444 63 389 431 486 168 212 423 338 282 207 158 463 153 436 223 97 0 

470.25 0 10
470.25 1 8
470.25 2 5
470.25 3 18
470.25 4 12
470.25 5 25
470.25 6 0
470.25 7 11
470.25 8 10
470.25 9 12
470.25 10 14
470.25 11 18
470.25 12 26
470.25 13 6
470.25 14 10
470.25 15 20
470.25 16 10
470.25 17 18
470.25 18 23
470.25 19 8
470.25 20 8
470.25 21 26
470.25 22 28
470.25 23 8
470.25 24 0
470.25 25 16
470.25 26 27
470.25 27 26
470.25 28 5
470.25 29 5

