30 30 3

0 215 293 216 442 463 219 416 246 118 321 66 212 76 289 460 421 201 410 226 232 277 356 253 377 175 104 95 114 311 
73 0 213 476 317 136 173 486 305 295 232 373 323 455 292 349 450 458 269 150 124 201 332 351 264 85 227 389 346 480 
209 156 0 52 372 338 75 458 218 268 470 463 450 342 285 404 340 133 353 298 108 209 372 467 492 429 230 283 362 325 
128 97 240 0 442 307 318 279 88 276 203 306 245 166 255 293 157 365 340 241 424 137 55 133 215 472 124 350 408 113 
211 232 191 259 0 178 339 272 447 325 310 429 478 116 380 143 77 379 251 393 218 198 316 61 410 399 226 382 229 282 
289 292 444 228 190 0 409 112 479 180 58 59 440 437 488 55 316 337 290 195 294 182 119 442 204 131 352 310 63 440 
489 296 435 488 239 369 0 384 147 432 118 484 440 128 423 377 115 185 399 158 425 93 403 313 163 100 223 451 158 483 
464 97 228 259 483 422 204 0 107 305 57 489 373 491 429 451 170 61 272 61 410 381 192 210 490 455 79 89 384 480 
198 367 199 452 301 165 190 222 0 75 248 477 83 236 105 280 371 263 156 382 485 167 292 121 309 208 317 470 237 357 
354 423 261 427 121 419 227 236 109 0 399 262 307 131 51 249 186 488 120 399 144 452 140 468 450 418 277 364 235 453 
100 298 306 229 58 439 57 427 165 243 0 242 270 211 255 351 419 455 244 163 74 349 257 232 439 431 389 357 414 252 
298 367 59 95 379 238 103 318 245 236 433 0 195 429 203 112 183 260 238 344 210 351 368 59 314 307 448 244 195 60 
158 153 308 475 162 353 353 351 162 377 302 105 0 310 203 484 219 266 373 185 454 217 346 60 291 355 324 304 58 67 
449 69 382 102 83 112 421 143 172 271 255 499 280 0 310 308 433 500 233 405 129 125 358 296 421 124 293 275 398 97 
490 172 252 58 53 60 299 116 432 392 238 409 146 443 0 188 163 251 328 369 190 232 448 265 297 450 185 371 243 166 
269 497 156 147 248 371 150 259 169 423 190 267 367 305 364 0 310 444 233 267 478 101 407 209 500 379 456 449 270 327 
398 143 302 394 456 399 349 82 255 314 202 178 454 175 251 465 0 489 60 164 428 277 141 480 391 301 235 476 256 390 
452 289 495 94 90 388 500 195 443 82 401 256 441 78 416 115 279 0 381 311 497 495 238 480 136 424 126 143 365 101 
105 255 53 345 249 304 141 343 60 287 286 299 187 492 239 422 408 60 0 407 495 77 403 489 473 383 331 396 215 424 
261 474 480 222 477 324 421 487 171 470 497 408 255 295 301 454 240 222 117 0 458 129 111 485 482 306 213 120 137 316 
286 60 283 466 490 455 198 69 131 184 398 100 181 305 62 182 313 466 373 485 0 82 86 320 350 70 58 155 234 128 
242 500 120 460 489 85 449 443 233 225 73 124 122 330 462 133 342 143 396 307 222 0 137 95 258 407 151 279 415 257 
219 250 205 425 76 164 413 319 320 111 51 251 134 332 79 170 293 369 463 387 265 476 0 108 108 278 317 465 379 302 
136 342 227 336 254 358 362 124 477 387 150 87 389 351 378 427 136 498 220 456 216 106 427 0 192 371 485 420 394 449 
54 402 291 103 128 126 307 192 195 137 168 81 238 205 176 295 289 103 138 494 273 93 209 85 0 470 351 162 454 477 
56 158 238 408 400 291 243 232 304 385 133 391 260 372 335 171 498 130 411 307 218 404 286 468 112 0 77 437 170 190 
146 146 403 461 334 310 116 331 259 299 134 351 138 232 110 460 66 231 458 353 348 471 277 251 257 244 0 70 491 387 
190 180 239 493 82 407 83 99 473 364 308 478 205 158 116 387 425 282 159 156 446 463 454 417 446 412 380 0 190 188 
370 283 84 50 229 76 289 135 316 338 314 180 353 499 91 217 321 428 142 102 86 455 499 255 164 415 201 75 0 50 
97 420 370 86 454 126 265 237 366 106 52 410 127 389 262 125 430 186 396 357 278 448 150 232 202 355 346 116 262 0 

494.25 0 19
494.25 1 2
494.25 2 23
494.25 3 10
494.25 4 24
494.25 5 24
494.25 6 23
494.25 7 15
494.25 8 14
494.25 9 21
494.25 10 3
494.25 11 21
494.25 12 26
494.25 13 7
494.25 14 20
494.25 15 16
494.25 16 5
494.25 17 16
494.25 18 15
494.25 19 6
494.25 20 18
494.25 21 28
494.25 22 6
494.25 23 9
494.25 24 2
494.25 25 17
494.25 26 15
494.25 27 0
494.25 28 6
494.25 29 16

