30 30 3

0 333 310 479 417 452 498 207 139 486 495 313 117 256 457 143 475 474 453 184 183 342 198 424 433 148 174 423 121 304 
374 0 292 343 390 478 466 97 475 173 186 460 374 205 283 129 161 133 103 134 85 444 267 133 142 191 65 447 315 195 
275 325 0 275 66 374 165 494 96 212 225 219 105 184 299 260 174 134 372 257 395 456 499 338 430 132 186 327 354 340 
348 499 321 0 172 481 93 252 145 294 298 307 469 223 118 359 472 329 483 106 407 239 207 118 445 495 498 283 388 324 
136 434 378 342 0 461 500 322 53 459 173 297 256 186 472 430 255 331 157 290 313 420 196 259 126 264 203 328 469 436 
422 499 278 355 377 0 326 315 132 354 74 90 477 322 297 163 500 433 368 330 89 157 350 460 59 315 85 273 468 119 
241 159 491 447 143 101 0 323 420 366 405 273 391 446 250 419 242 119 418 381 437 455 420 300 60 135 309 325 378 288 
499 447 236 157 438 182 250 0 489 455 376 111 115 149 208 60 105 126 459 174 250 339 317 411 466 323 421 100 338 245 
428 332 243 375 67 106 68 406 0 63 56 360 389 324 182 244 482 192 299 314 151 179 64 196 202 425 161 475 102 212 
68 297 139 351 247 220 368 303 238 0 274 72 452 340 412 275 472 362 257 371 161 277 228 497 291 374 199 423 486 380 
475 404 399 478 249 456 431 420 323 441 0 157 303 463 315 350 130 90 77 443 53 398 310 280 332 306 278 206 211 407 
398 298 137 301 403 321 256 358 252 175 387 0 192 490 397 361 304 453 442 344 480 140 103 134 400 90 416 412 74 328 
330 431 225 127 67 232 236 94 195 300 296 320 0 186 194 309 289 262 320 241 203 370 428 293 424 268 399 220 390 310 
244 218 139 174 149 423 398 88 365 442 233 164 445 0 52 57 345 68 296 106 338 244 466 207 171 465 337 389 363 56 
278 173 457 202 469 130 302 148 234 96 463 383 279 334 0 83 488 341 378 262 343 191 99 86 156 464 414 121 56 58 
434 63 494 313 470 195 489 307 203 136 247 249 305 336 478 0 345 125 222 392 454 434 235 351 240 478 457 410 148 77 
416 156 218 185 149 481 362 51 225 375 204 67 121 404 79 164 0 137 374 239 309 266 399 450 207 249 189 391 206 98 
489 440 464 145 157 356 451 345 217 452 276 91 156 294 369 266 323 0 483 353 196 429 369 168 327 318 81 76 213 423 
439 261 411 378 431 262 242 493 420 293 209 371 275 250 233 68 326 449 0 341 64 58 244 443 133 118 270 401 150 52 
113 72 441 80 189 74 217 402 473 210 321 472 369 398 247 326 338 472 358 0 286 313 372 50 263 315 133 331 84 240 
431 293 303 453 440 89 349 220 257 250 400 173 277 127 248 381 324 73 218 296 0 381 211 315 253 211 77 274 51 114 
64 241 496 307 251 204 453 290 52 172 253 459 71 376 442 149 331 323 179 110 491 0 181 442 201 202 401 119 229 381 
120 50 395 311 252 201 268 406 360 265 165 482 468 330 260 100 272 115 381 94 244 441 0 291 132 138 443 284 245 61 
220 125 338 220 226 355 422 133 123 83 443 338 405 425 61 442 391 318 213 456 198 464 406 0 346 461 488 190 403 272 
142 170 198 217 214 368 394 69 496 477 142 285 176 186 397 100 197 338 197 466 50 152 370 220 0 57 422 180 252 112 
290 230 204 166 378 127 331 452 227 350 203 411 198 438 86 334 334 343 237 171 490 202 378 141 279 0 304 355 200 191 
313 469 431 493 172 96 126 457 133 284 390 433 437 300 337 375 336 170 415 385 114 293 374 266 170 221 0 251 181 283 
402 322 95 370 252 295 249 54 371 412 138 362 301 277 298 101 321 379 143 197 294 479 261 86 108 234 413 0 280 435 
93 62 92 365 107 413 323 108 368 328 186 279 172 498 286 155 295 93 426 174 187 330 174 372 90 417 430 274 0 329 
416 416 129 428 458 444 242 126 474 56 200 57 192 185 386 189 422 491 191 465 173 71 358 453 195 229 249 111 366 0 

618.3 0 7
618.3 1 6
618.3 2 27
618.3 3 21
618.3 4 5
618.3 5 27
618.3 6 11
618.3 7 16
618.3 8 10
618.3 9 21
618.3 10 5
618.3 11 7
618.3 12 2
618.3 13 8
618.3 14 22
618.3 15 23
618.3 16 11
618.3 17 14
618.3 18 26
618.3 19 1
618.3 20 21
618.3 21 22
618.3 22 0
618.3 23 7
618.3 24 19
618.3 25 27
618.3 26 8
618.3 27 6
618.3 28 17
618.3 29 14

