30 30 3

0 333 492 236 115 432 450 74 273 498 300 215 60 348 175 410 461 51 319 104 239 469 387 438 299 485 110 222 165 78 
311 0 320 118 58 55 390 197 455 170 420 208 421 341 425 475 223 334 191 431 359 245 169 328 131 314 333 322 374 54 
438 158 0 72 464 433 80 469 79 434 179 199 110 93 119 401 469 93 330 58 234 260 368 429 380 402 266 400 234 295 
273 446 439 0 137 224 402 277 254 126 306 395 462 455 455 54 281 111 229 80 392 238 265 358 312 400 237 213 373 136 
153 167 115 98 0 105 410 272 213 186 233 289 198 334 457 152 288 461 139 105 190 170 203 134 385 61 396 491 248 108 
119 91 211 443 363 0 467 498 272 445 417 164 384 205 312 217 161 171 211 329 260 267 225 380 420 309 471 431 204 218 
386 262 287 183 179 230 0 496 352 434 475 297 351 345 387 262 157 104 130 485 265 165 451 482 340 87 158 355 264 88 
58 432 424 477 426 106 362 0 362 309 214 51 283 217 108 127 103 77 441 157 157 181 129 479 132 110 318 169 218 172 
139 464 387 71 143 363 203 200 0 431 271 215 144 272 448 67 331 281 121 114 429 435 221 109 63 406 191 331 223 66 
255 101 156 218 194 384 68 56 293 0 425 437 63 139 288 285 293 305 322 73 132 386 452 67 313 61 287 218 409 324 
147 182 79 405 288 454 98 378 472 311 0 170 396 455 183 485 242 174 484 253 203 57 92 295 215 109 315 226 102 239 
342 377 337 474 162 448 468 322 497 345 294 0 307 465 396 468 354 137 416 234 120 169 143 127 211 145 293 477 410 225 
285 148 66 368 191 246 480 139 213 302 135 57 0 302 148 228 197 116 288 491 482 229 111 357 322 395 274 417 394 457 
326 326 242 181 98 109 322 295 89 411 458 97 252 0 466 349 107 400 252 173 188 243 361 367 60 425 395 405 198 68 
55 155 100 331 103 231 379 162 53 173 408 170 131 455 0 373 303 59 430 202 262 309 96 211 376 169 221 56 64 125 
412 82 337 273 339 167 326 70 253 438 280 132 102 400 213 0 56 479 222 66 164 131 485 179 177 195 55 53 366 268 
274 197 179 62 485 402 351 358 434 371 110 128 150 193 180 257 0 112 186 442 492 409 106 122 149 235 456 50 447 215 
366 215 439 270 100 451 461 209 302 318 142 379 135 220 236 485 350 0 443 303 243 384 50 358 196 329 458 382 285 458 
84 206 80 456 145 56 56 95 467 215 103 491 307 433 125 234 168 316 0 83 317 326 483 200 326 341 103 155 54 435 
146 218 225 302 455 181 397 461 187 199 427 108 252 418 365 184 249 305 58 0 65 339 325 341 321 232 166 368 285 478 
372 426 123 297 150 376 251 488 479 212 381 177 138 439 136 55 60 477 255 315 0 486 477 360 66 317 181 248 189 255 
239 167 334 371 447 130 228 78 331 215 57 493 96 391 338 241 477 99 251 454 60 0 273 195 487 132 211 59 470 166 
199 225 355 72 58 226 469 345 404 254 175 325 261 375 127 358 212 319 335 468 69 495 0 479 292 396 465 375 106 475 
100 429 380 275 284 158 490 216 333 334 326 86 460 357 297 90 435 155 459 253 196 426 479 0 397 404 271 292 125 352 
348 99 402 277 185 384 267 293 373 189 125 207 221 162 373 77 165 169 462 477 127 421 172 259 0 400 68 163 377 66 
445 228 365 250 336 348 385 219 321 177 92 216 252 456 387 120 84 170 236 203 132 212 280 259 91 0 245 158 316 114 
485 333 58 419 404 258 255 458 142 180 485 476 429 200 435 384 86 54 174 206 447 327 495 366 313 254 0 407 58 118 
429 122 103 261 131 228 371 95 433 328 188 320 312 163 248 218 304 339 461 309 463 167 462 497 368 327 309 0 328 440 
73 153 369 146 206 336 434 140 414 479 280 448 373 99 467 243 53 184 497 342 145 61 61 469 474 264 336 300 0 72 
371 447 303 474 71 399 386 357 88 476 477 66 255 425 390 60 391 132 64 74 335 112 169 347 123 344 320 337 387 0 

615.12 0 4
615.12 1 12
615.12 2 3
615.12 3 13
615.12 4 18
615.12 5 13
615.12 6 20
615.12 7 18
615.12 8 13
615.12 9 7
615.12 10 8
615.12 11 10
615.12 12 21
615.12 13 3
615.12 14 23
615.12 15 13
615.12 16 5
615.12 17 6
615.12 18 19
615.12 19 18
615.12 20 25
615.12 21 22
615.12 22 7
615.12 23 8
615.12 24 9
615.12 25 10
615.12 26 20
615.12 27 23
615.12 28 1
615.12 29 20

