30 30 3

0 465 355 423 443 324 356 349 202 372 247 436 322 484 433 493 158 273 300 443 58 436 310 255 264 54 431 251 208 389 
184 0 244 353 489 166 51 312 473 106 220 344 303 155 372 494 294 120 358 66 126 57 75 61 317 280 482 321 210 232 
235 98 0 122 430 157 110 95 365 128 67 177 298 117 430 403 439 179 196 265 244 420 341 251 445 109 67 224 90 94 
140 480 279 0 395 101 208 51 162 461 122 447 234 249 245 302 385 354 447 64 257 212 258 176 259 215 120 318 439 50 
115 483 140 94 0 261 485 352 176 242 220 343 70 167 76 269 118 84 360 422 238 130 385 400 338 60 365 259 337 390 
197 337 455 179 183 0 255 147 374 313 480 322 484 322 342 357 348 317 425 383 177 346 120 257 438 226 302 448 297 60 
492 186 208 328 347 93 0 218 308 190 91 328 376 364 311 197 412 374 496 229 298 134 356 350 411 112 287 343 120 442 
346 131 433 483 496 467 85 0 295 184 100 192 433 378 67 52 395 215 414 268 417 349 65 257 204 121 167 474 359 216 
93 56 61 381 439 250 132 405 0 493 378 296 92 69 228 420 86 437 314 251 106 288 374 406 59 130 316 130 454 289 
195 169 89 201 388 176 346 137 259 0 251 129 343 253 171 362 187 297 154 123 317 112 179 104 436 291 320 66 107 401 
226 102 302 346 141 210 233 268 55 76 0 233 256 363 75 459 240 143 145 488 247 425 60 309 311 322 452 101 141 224 
365 248 400 418 50 452 58 210 184 483 422 0 418 215 178 280 447 343 470 89 195 213 494 326 224 58 136 252 460 395 
343 183 259 298 290 176 298 241 392 214 132 374 0 135 500 296 470 486 242 69 455 489 421 375 238 246 305 246 333 56 
206 434 349 95 192 146 335 319 150 76 210 70 365 0 290 363 364 85 332 349 485 107 59 229 478 140 417 224 395 162 
263 401 74 196 457 327 94 102 368 363 410 150 279 186 0 465 276 499 328 67 87 383 51 144 149 437 329 239 353 259 
134 222 472 485 453 374 441 279 418 250 354 488 366 454 473 0 51 419 248 257 453 266 294 92 474 144 191 411 423 136 
470 181 427 398 359 412 351 232 108 336 357 64 189 344 136 350 0 72 345 268 271 101 427 243 345 469 423 439 366 89 
362 453 59 249 379 163 108 497 464 290 312 56 146 82 402 196 169 0 251 219 220 469 196 271 152 145 115 120 67 260 
437 107 121 145 323 321 230 436 135 434 156 375 245 162 228 484 270 374 0 359 472 299 78 196 445 299 298 296 120 369 
314 331 61 127 158 363 400 185 299 335 270 232 197 352 183 309 79 167 286 0 159 476 257 409 261 403 109 59 408 356 
337 483 376 167 250 453 482 112 108 167 361 149 387 300 297 445 433 312 474 99 0 97 133 282 304 248 493 414 63 258 
77 125 301 59 451 418 259 159 400 77 424 273 144 73 366 394 320 311 327 338 491 0 132 386 123 364 396 77 112 65 
91 77 92 373 328 308 80 453 66 189 108 300 113 331 395 343 403 288 369 213 114 206 0 204 404 298 484 267 401 268 
86 172 65 113 215 388 147 473 418 99 246 314 157 496 133 194 146 426 97 385 50 467 205 0 413 170 108 211 361 82 
318 128 325 440 143 388 361 237 241 90 155 291 286 175 154 488 258 55 341 390 102 225 390 68 0 136 302 396 402 219 
256 190 487 90 465 183 390 108 494 126 299 83 438 296 75 319 157 270 76 162 110 172 214 492 268 0 439 127 70 334 
235 446 296 131 189 336 95 322 432 360 71 265 159 105 409 161 337 228 268 106 461 380 166 133 300 157 0 351 239 442 
127 279 176 73 75 465 419 117 59 447 256 370 468 471 235 279 379 102 116 313 321 172 274 407 289 357 414 0 152 414 
152 93 492 137 427 271 369 391 396 437 156 342 399 232 309 369 173 88 454 226 154 267 253 483 491 159 478 103 0 72 
130 223 381 173 421 469 306 398 337 403 293 480 59 134 378 241 150 453 365 395 163 90 255 380 293 237 126 158 215 0 

503.75 0 7
503.75 1 28
503.75 2 20
503.75 3 12
503.75 4 25
503.75 5 19
503.75 6 22
503.75 7 2
503.75 8 4
503.75 9 13
503.75 10 19
503.75 11 3
503.75 12 8
503.75 13 14
503.75 14 5
503.75 15 11
503.75 16 24
503.75 17 14
503.75 18 1
503.75 19 6
503.75 20 5
503.75 21 18
503.75 22 14
503.75 23 26
503.75 24 15
503.75 25 10
503.75 26 9
503.75 27 23
503.75 28 13
503.75 29 21

