30 30 3

0 79 50 474 188 360 221 408 369 331 383 50 481 328 352 133 243 422 310 229 87 141 158 324 413 195 276 154 129 325 
439 0 456 110 439 429 249 54 356 363 130 393 245 130 129 279 188 212 472 316 473 408 109 320 65 383 232 417 158 336 
497 190 0 274 208 250 420 343 205 180 198 68 467 298 470 96 377 249 441 89 220 256 268 127 316 87 349 405 476 473 
63 311 225 0 410 291 383 366 417 225 71 304 129 89 270 133 265 73 461 464 220 256 391 427 474 224 449 60 73 109 
486 252 329 52 0 427 238 500 65 104 173 447 125 427 282 371 403 366 342 426 326 306 146 81 403 279 261 126 434 478 
356 493 219 314 322 0 221 240 266 427 462 320 99 408 151 232 190 228 135 55 70 267 87 82 119 325 435 348 85 267 
488 269 123 237 438 143 0 265 365 334 481 291 51 57 97 410 158 279 306 93 364 311 113 131 104 352 200 379 493 255 
170 259 242 389 88 185 82 0 182 400 397 222 381 394 223 388 441 132 252 220 388 51 290 405 321 371 215 172 278 300 
164 483 420 130 431 64 168 116 0 303 56 222 199 228 102 300 402 196 240 240 155 166 335 156 407 446 184 277 161 306 
54 411 177 487 87 257 174 308 131 0 240 111 138 412 467 316 221 266 424 123 457 164 435 122 205 91 479 150 225 463 
261 237 223 172 364 417 416 327 90 223 0 409 487 491 497 154 458 68 325 430 443 155 142 313 89 422 468 337 156 117 
61 118 329 456 292 207 75 208 122 353 248 0 51 468 441 249 220 94 206 445 370 342 387 231 435 406 270 356 373 107 
462 197 325 287 232 280 78 389 306 443 217 365 0 397 425 88 337 173 258 381 85 202 457 378 296 187 68 201 408 374 
281 465 91 428 496 328 366 276 356 461 288 54 384 0 359 401 308 397 444 188 154 325 223 62 281 307 308 175 325 216 
82 405 203 253 447 337 248 274 202 230 337 162 468 97 0 496 82 449 59 429 392 197 289 423 127 302 411 140 316 85 
172 238 324 76 391 76 473 227 481 454 135 418 497 247 141 0 93 449 174 492 459 102 140 362 342 62 195 350 423 493 
165 214 164 110 488 190 451 270 370 385 458 79 470 375 75 424 0 466 118 372 346 317 86 155 163 155 203 175 56 52 
305 499 374 469 162 434 213 59 141 433 135 476 146 164 201 471 189 0 124 193 464 203 245 487 446 350 149 100 52 275 
107 54 286 105 135 461 425 68 173 434 159 313 275 341 409 389 249 136 0 284 323 486 454 232 230 441 178 80 89 435 
289 70 492 294 306 304 135 474 435 153 353 124 470 165 349 66 281 237 265 0 123 227 295 108 180 477 495 120 154 74 
367 296 70 387 287 314 400 297 155 373 231 258 225 305 434 97 153 451 84 96 0 215 157 273 460 422 160 193 416 437 
53 197 303 299 217 190 293 237 89 89 342 412 271 306 343 282 240 146 142 397 180 0 188 318 287 168 278 415 278 177 
331 421 180 234 224 430 401 364 222 344 159 468 185 277 238 197 326 227 387 423 319 490 0 102 457 308 96 331 85 461 
315 212 291 236 98 231 410 478 131 480 406 181 345 374 316 121 318 220 397 495 106 319 69 0 96 128 233 354 174 63 
145 134 329 63 132 271 318 313 387 296 151 366 408 282 417 281 305 488 306 475 140 56 287 166 0 76 89 244 259 149 
124 479 451 208 63 464 497 284 489 66 170 284 167 242 398 155 158 386 410 352 191 384 199 197 378 0 71 430 417 265 
395 66 339 374 467 253 387 187 457 378 175 473 254 165 139 203 62 244 311 154 361 370 295 244 68 199 0 121 89 128 
245 60 474 261 105 103 434 64 440 327 471 73 208 443 485 323 288 187 92 483 448 196 343 73 198 293 298 0 347 121 
337 425 72 103 154 490 365 207 423 380 354 457 106 133 164 500 117 438 494 254 236 232 202 138 74 432 286 74 0 230 
132 352 273 264 374 327 368 363 398 282 492 277 135 448 90 218 112 89 286 256 289 490 442 472 398 79 496 86 316 0 

633.6 0 28
633.6 1 3
633.6 2 25
633.6 3 21
633.6 4 19
633.6 5 22
633.6 6 27
633.6 7 2
633.6 8 7
633.6 9 10
633.6 10 7
633.6 11 7
633.6 12 9
633.6 13 17
633.6 14 15
633.6 15 1
633.6 16 2
633.6 17 5
633.6 18 28
633.6 19 2
633.6 20 11
633.6 21 14
633.6 22 2
633.6 23 15
633.6 24 9
633.6 25 26
633.6 26 16
633.6 27 21
633.6 28 19
633.6 29 3

