30 30 3

0 198 77 425 150 258 311 432 69 121 418 70 227 127 62 122 200 162 195 479 264 51 111 66 94 194 273 335 315 113 
317 0 239 261 344 164 117 308 181 255 327 459 172 103 392 250 115 464 156 435 366 134 405 367 403 421 411 96 194 453 
117 464 0 476 307 432 75 177 499 333 64 461 159 473 132 212 364 88 484 84 195 174 400 279 78 473 388 206 139 434 
350 298 258 0 69 273 271 451 298 398 450 130 412 410 446 140 248 157 210 287 348 244 432 472 143 417 50 322 61 206 
412 201 262 209 0 409 488 433 179 439 230 283 144 67 401 260 463 491 458 327 201 451 381 151 138 352 245 262 108 66 
273 471 184 424 439 0 344 333 427 276 218 365 212 452 215 436 108 425 155 99 138 432 457 89 68 107 177 370 58 389 
185 282 161 362 416 292 0 301 466 331 434 448 499 54 160 206 219 302 265 350 407 70 438 94 477 477 112 290 361 189 
299 249 80 287 117 392 409 0 115 399 375 396 88 322 150 92 188 307 468 441 278 317 103 298 255 148 481 438 417 477 
298 312 482 254 342 268 77 441 0 177 142 95 51 244 134 323 344 383 218 357 351 158 341 374 418 138 335 272 325 273 
189 302 277 207 283 237 256 258 471 0 196 141 319 448 142 62 81 171 113 415 339 420 472 203 468 345 121 312 180 343 
137 159 238 145 142 396 134 330 151 342 0 56 53 189 326 451 281 338 239 159 157 360 204 284 87 114 251 382 392 62 
268 441 149 133 179 451 226 281 85 262 138 0 133 268 141 273 93 298 260 138 243 125 245 102 487 479 346 100 436 435 
198 449 202 138 304 493 267 255 218 254 497 430 0 342 336 404 189 315 448 194 282 292 387 357 487 196 99 222 492 356 
157 426 53 312 335 142 116 327 115 77 251 320 73 0 387 368 115 290 57 381 444 408 369 235 50 432 429 403 482 357 
395 337 220 76 341 483 117 189 305 150 254 332 107 280 0 111 444 148 176 441 362 263 140 269 131 82 476 63 461 379 
495 73 480 87 450 262 378 188 330 273 443 186 478 274 244 0 464 335 187 111 462 334 179 431 425 154 62 457 130 75 
173 459 276 403 438 313 352 199 398 491 235 170 433 372 147 414 0 322 111 248 215 379 416 500 265 347 424 369 115 136 
205 347 259 370 122 161 63 385 219 420 282 209 154 403 349 232 256 0 262 260 73 216 426 159 132 181 374 185 311 449 
457 397 154 303 362 230 375 473 244 466 398 163 248 107 474 357 406 413 0 319 374 172 99 89 304 208 378 435 288 62 
245 443 225 141 303 478 453 484 352 181 227 318 79 96 272 343 276 335 455 0 188 360 328 67 409 123 321 323 452 256 
317 220 451 260 396 299 269 373 458 252 432 346 185 249 375 438 227 424 214 268 0 378 352 127 412 125 487 485 397 65 
192 152 333 363 309 299 258 314 67 337 272 477 268 117 368 223 198 306 400 121 470 0 167 205 77 245 323 153 438 307 
256 209 450 114 248 68 373 497 276 187 271 319 165 454 87 232 321 260 136 333 367 414 0 302 484 118 86 435 391 396 
128 404 151 288 109 422 486 127 294 239 109 187 216 379 58 169 416 447 196 382 82 480 248 0 446 488 439 270 280 129 
160 175 208 271 483 202 330 404 394 408 405 132 467 298 54 101 307 173 223 460 76 105 493 55 0 59 438 249 204 208 
480 491 74 154 198 295 344 106 332 454 450 239 114 289 412 119 293 220 132 173 393 91 199 204 83 0 411 421 228 159 
124 386 138 114 166 450 469 412 500 281 450 453 231 395 67 226 306 343 225 232 425 348 125 466 253 279 0 500 163 199 
227 480 481 319 117 301 435 273 270 102 272 50 51 432 438 396 205 370 409 498 95 140 422 393 422 387 146 0 408 142 
466 313 75 201 293 100 476 94 242 248 70 294 227 277 52 158 422 154 69 291 269 66 336 360 194 229 488 287 0 81 
395 136 253 208 161 405 207 212 380 458 404 334 234 404 60 462 162 375 139 267 394 380 486 166 216 101 310 151 89 0 

645.6 0 14
645.6 1 15
645.6 2 21
645.6 3 13
645.6 4 28
645.6 5 27
645.6 6 22
645.6 7 23
645.6 8 2
645.6 9 19
645.6 10 0
645.6 11 7
645.6 12 13
645.6 13 7
645.6 14 8
645.6 15 20
645.6 16 11
645.6 17 9
645.6 18 12
645.6 19 7
645.6 20 0
645.6 21 15
645.6 22 23
645.6 23 22
645.6 24 9
645.6 25 6
645.6 26 24
645.6 27 28
645.6 28 6
645.6 29 14

