30 30 3

0 484 290 108 258 63 384 392 96 489 121 407 229 89 327 405 113 382 437 495 71 284 430 395 186 160 452 250 66 278 
396 0 488 469 392 95 433 405 429 324 208 174 396 114 109 191 147 464 255 479 156 456 256 146 386 151 283 496 309 239 
269 293 0 134 256 261 477 57 193 137 437 224 295 317 119 115 376 467 419 339 428 397 201 384 360 297 476 217 286 227 
476 475 446 0 475 316 408 236 499 416 135 342 108 309 344 375 134 409 457 101 328 51 235 431 202 118 497 205 93 213 
442 271 395 172 0 423 370 438 87 312 192 453 397 485 267 206 328 141 497 443 304 97 477 305 283 164 213 107 160 124 
358 80 272 335 425 0 395 464 50 88 50 312 231 453 416 422 219 328 249 66 324 398 76 128 375 87 117 489 457 174 
355 81 482 385 303 72 0 66 404 487 66 443 487 85 380 196 207 301 365 485 256 138 308 153 371 386 234 409 453 429 
365 334 284 152 315 168 406 0 338 184 309 324 408 458 66 199 337 212 356 344 284 96 99 372 354 410 242 447 143 357 
399 72 429 232 306 80 254 180 0 436 298 71 452 328 429 409 344 334 246 56 396 296 290 442 346 368 295 255 316 448 
104 380 103 333 308 492 345 338 245 0 476 274 249 497 432 283 181 340 127 465 292 340 360 88 336 301 140 410 302 101 
225 250 155 104 59 439 362 50 283 200 0 453 465 180 201 461 111 191 348 157 268 312 156 314 171 194 149 178 491 58 
187 91 440 143 196 251 152 341 112 152 331 0 469 311 295 355 463 463 172 153 310 280 127 122 142 147 450 493 453 335 
483 461 472 73 156 321 426 357 423 267 176 281 0 304 351 92 98 206 261 267 328 120 77 314 404 356 406 50 61 398 
453 346 136 169 73 159 275 344 292 339 473 265 465 0 254 68 315 52 323 227 263 90 55 89 117 75 443 423 188 443 
434 292 395 487 379 270 59 244 495 110 486 89 82 457 0 260 493 475 75 495 298 459 464 94 464 52 161 246 201 290 
384 143 430 382 244 416 260 464 182 211 215 242 403 254 481 0 360 465 474 90 246 224 94 204 395 138 375 153 249 327 
305 245 210 398 175 91 349 297 58 68 429 426 233 377 328 194 0 114 187 365 294 435 317 468 479 227 118 117 101 222 
316 134 233 268 294 337 393 92 185 396 307 204 81 232 143 164 59 0 494 228 404 358 472 338 174 196 72 108 471 139 
159 192 162 244 131 380 244 419 479 493 310 374 55 220 161 444 314 276 0 210 307 454 113 372 182 157 252 328 386 310 
298 476 176 197 137 126 485 223 76 403 201 276 420 281 281 139 393 225 403 0 375 385 417 84 204 288 216 67 246 250 
403 56 255 378 389 402 221 465 142 394 491 496 301 266 415 289 254 260 388 185 0 163 262 69 286 296 430 280 219 447 
476 419 349 238 173 434 126 281 361 90 374 255 288 125 262 260 246 50 220 456 388 0 355 325 356 374 110 359 59 340 
77 456 72 446 61 260 326 201 93 106 61 340 186 473 127 261 235 94 457 442 264 413 0 86 119 237 392 199 54 250 
209 100 484 371 122 430 382 89 255 82 339 67 94 178 204 66 463 171 458 56 128 400 477 0 247 192 302 190 83 452 
194 491 367 452 474 237 73 159 326 319 120 114 157 138 365 286 499 138 455 169 95 461 454 201 0 193 200 343 446 97 
133 153 241 330 226 399 59 413 423 169 445 448 446 59 312 83 130 304 288 218 258 408 471 425 361 0 378 117 268 428 
269 315 60 372 262 340 304 161 105 217 290 224 368 444 377 133 255 166 214 58 405 138 473 68 315 397 0 135 193 221 
353 120 196 374 130 275 343 176 78 210 231 245 206 162 320 149 489 403 111 154 323 326 265 412 299 283 226 0 402 369 
125 122 428 195 269 58 482 494 351 364 278 267 95 474 423 414 500 71 158 158 132 469 432 409 234 99 414 223 0 275 
315 298 107 144 433 252 363 441 234 112 498 97 340 264 349 69 393 469 275 414 333 384 253 302 315 368 242 364 281 0 

616.77 0 26
616.77 1 21
616.77 2 20
616.77 3 25
616.77 4 26
616.77 5 21
616.77 6 7
616.77 7 16
616.77 8 6
616.77 9 4
616.77 10 11
616.77 11 12
616.77 12 10
616.77 13 19
616.77 14 22
616.77 15 16
616.77 16 6
616.77 17 20
616.77 18 16
616.77 19 5
616.77 20 10
616.77 21 27
616.77 22 27
616.77 23 6
616.77 24 3
616.77 25 0
616.77 26 14
616.77 27 3
616.77 28 6
616.77 29 27

