30 30 4

0 324 246 137 250 248 289 481 58 349 216 430 310 144 248 257 230 134 431 262 401 272 470 192 185 407 354 123 110 474 
193 0 224 297 390 311 498 137 99 234 146 399 157 282 415 251 480 378 188 321 308 156 221 79 126 364 215 483 217 495 
93 398 0 187 267 194 76 285 398 371 334 339 223 439 446 455 110 403 191 438 297 462 453 404 182 238 480 252 159 218 
176 153 468 0 73 498 442 217 280 226 322 357 266 160 79 205 105 241 472 214 382 165 462 99 117 365 438 62 100 190 
171 268 316 482 0 443 339 235 384 262 465 109 290 78 81 400 314 236 211 54 414 376 142 79 337 398 146 408 336 365 
214 476 487 188 498 0 468 130 92 202 464 60 373 279 301 401 311 407 422 253 118 426 167 200 275 196 487 379 499 150 
214 364 314 396 106 452 0 149 73 289 191 432 252 409 304 238 209 412 255 115 333 458 390 465 331 89 446 233 282 325 
439 382 245 302 402 141 114 0 110 240 137 349 138 275 307 497 78 495 412 196 249 233 235 414 123 200 451 162 352 184 
395 176 122 483 372 130 385 219 0 194 445 165 488 500 460 262 306 212 497 301 123 193 256 63 134 376 136 284 327 455 
136 461 349 469 289 88 96 369 179 0 472 62 330 137 500 329 303 468 134 466 464 141 295 363 104 308 448 186 150 438 
463 105 280 179 404 249 418 198 295 286 0 327 267 54 156 110 260 191 363 227 276 84 398 123 86 467 177 344 414 70 
445 108 483 500 338 369 159 86 286 64 88 0 279 341 61 490 204 121 250 345 190 183 327 432 287 401 468 254 284 311 
167 304 462 432 287 217 270 362 83 306 147 97 0 100 132 144 111 329 298 182 78 350 79 418 176 461 205 76 428 409 
311 445 282 321 163 214 314 330 434 175 119 446 480 0 373 253 111 224 314 390 472 203 174 77 232 299 204 399 454 437 
326 362 454 477 350 275 139 270 88 176 410 214 245 112 0 193 325 315 461 499 128 107 226 488 438 254 219 236 164 324 
189 100 149 257 54 333 314 279 422 83 317 304 444 237 256 0 55 380 80 320 97 285 154 154 461 142 91 421 67 278 
84 342 173 342 197 137 346 480 401 331 158 434 354 412 377 91 0 167 138 177 404 408 224 188 269 84 356 361 333 276 
134 110 67 426 440 359 330 76 411 309 427 241 173 361 301 292 444 0 98 409 82 226 69 196 156 414 415 191 269 482 
474 252 116 290 269 248 436 127 77 463 244 93 145 191 216 212 442 458 0 363 491 123 395 423 142 297 78 55 419 426 
482 156 155 233 222 151 452 177 87 285 204 256 235 247 107 376 414 270 317 0 127 132 63 200 233 436 499 480 221 261 
154 353 242 261 459 181 189 316 132 316 353 123 471 315 308 424 373 183 93 349 0 206 171 431 427 77 163 118 76 349 
289 494 454 349 235 214 307 366 109 329 204 376 389 484 346 203 498 269 282 180 69 0 130 92 190 60 469 217 380 87 
450 229 82 443 389 381 384 309 394 456 368 430 366 243 318 349 295 471 346 271 460 232 0 290 89 275 186 307 450 353 
186 243 303 121 483 452 460 119 336 475 220 498 343 149 364 292 417 212 87 143 265 64 102 0 447 304 349 428 440 155 
134 499 291 327 57 363 65 216 78 135 51 53 61 499 102 367 362 100 283 281 344 132 496 358 0 392 198 368 240 126 
63 345 210 269 135 243 276 204 259 442 440 100 199 199 318 405 458 184 473 57 173 460 352 255 455 0 416 146 153 284 
92 436 53 387 145 272 229 338 255 139 303 403 78 109 102 227 377 213 184 60 185 399 183 145 250 389 0 306 165 241 
165 155 284 100 159 170 195 381 105 240 135 195 493 245 223 102 297 157 185 216 498 196 351 396 329 202 352 0 424 215 
224 165 330 329 155 381 194 482 282 75 87 472 367 232 221 111 161 480 114 475 164 280 473 310 338 124 139 246 0 427 
269 411 150 140 448 185 245 328 330 434 109 111 227 288 428 409 459 246 276 438 66 251 101 53 223 362 97 53 207 0 

680.79 0 10
680.79 1 25
680.79 2 16
680.79 3 8
680.79 4 23
680.79 5 3
680.79 6 20
680.79 7 21
680.79 8 21
680.79 9 12
680.79 10 14
680.79 11 8
680.79 12 18
680.79 13 23
680.79 14 9
680.79 15 9
680.79 16 19
680.79 17 5
680.79 18 4
680.79 19 15
680.79 20 23
680.79 21 1
680.79 22 10
680.79 23 12
680.79 24 3
680.79 25 28
680.79 26 8
680.79 27 28
680.79 28 4
680.79 29 19

