20 20 4

0 359 299 395 306 50 371 492 176 301 335 500 338 195 124 345 218 199 274 73 
440 0 435 375 281 380 137 296 80 361 367 132 257 225 137 151 237 137 228 229 
471 236 0 63 226 73 208 300 368 133 449 348 156 144 282 237 131 368 81 377 
398 392 243 0 236 148 175 79 456 362 374 391 90 344 126 104 276 149 469 75 
467 101 230 314 0 414 325 302 358 162 169 389 246 273 487 195 216 342 320 245 
53 182 118 394 222 0 168 470 276 394 118 245 175 291 52 112 311 173 143 112 
481 255 231 125 451 211 0 111 146 377 159 172 328 163 304 397 56 477 271 233 
459 372 57 410 253 299 413 0 315 109 85 408 379 272 370 109 347 320 477 164 
172 353 274 295 388 143 98 284 0 149 281 261 332 240 132 340 356 336 345 475 
150 160 59 265 489 488 134 305 90 0 160 281 412 490 341 392 284 228 485 88 
218 340 76 429 172 473 61 218 328 103 0 269 303 410 379 68 174 368 56 465 
172 303 125 403 214 114 450 105 104 177 296 0 349 345 136 375 274 465 347 492 
182 175 94 157 184 454 486 202 335 353 415 299 0 231 425 374 134 138 194 83 
401 248 418 196 97 262 282 178 242 246 476 233 134 0 357 484 241 491 194 227 
399 479 286 70 277 468 445 358 308 289 51 97 189 457 0 465 92 260 434 80 
388 175 277 119 115 117 182 305 309 379 449 242 278 427 234 0 54 204 201 205 
268 215 444 476 263 340 432 434 382 398 367 412 493 249 395 111 0 70 463 244 
325 478 329 274 426 313 200 159 317 110 67 472 84 232 172 60 201 0 462 198 
342 99 96 415 217 295 370 319 112 390 281 62 422 465 342 195 390 154 0 101 
499 422 369 272 149 403 211 271 169 118 439 318 410 488 120 81 412 365 401 0 

297.8 0 6
297.8 1 2
297.8 2 5
297.8 3 13
297.8 4 0
297.8 5 9
297.8 6 7
297.8 7 13
297.8 8 5
297.8 9 18
297.8 10 9
297.8 11 12
297.8 12 4
297.8 13 3
297.8 14 10
297.8 15 9
297.8 16 15
297.8 17 12
297.8 18 9
297.8 19 11

