20 20 4

0 448 199 195 172 247 246 107 286 429 386 54 192 151 138 110 301 236 68 495 
121 0 313 334 276 171 422 476 334 120 150 477 294 97 175 439 426 372 391 484 
158 319 0 369 369 217 470 213 485 477 399 52 227 470 72 267 453 400 188 428 
233 466 77 0 209 259 332 91 198 257 413 295 447 277 321 316 353 488 492 65 
228 225 171 438 0 158 140 460 376 299 359 63 226 298 479 461 457 445 499 498 
349 462 167 143 409 0 150 414 431 209 158 178 432 336 353 102 273 218 399 439 
93 198 53 313 130 301 0 499 90 465 443 88 218 291 257 335 384 165 192 298 
95 107 406 430 489 448 490 0 297 428 207 196 366 250 100 126 62 180 377 60 
221 341 209 466 59 450 222 100 0 334 93 449 338 345 56 450 275 251 397 264 
499 80 177 194 397 377 244 229 145 0 130 105 363 301 397 71 474 162 472 402 
212 61 446 161 349 290 374 298 64 124 0 401 485 122 432 161 473 84 244 423 
263 340 53 318 202 60 421 223 240 82 401 0 142 452 412 87 319 467 327 192 
471 98 473 372 289 302 59 157 481 300 351 160 0 62 397 370 86 305 380 214 
235 120 453 135 212 404 498 456 429 220 282 327 191 0 86 300 62 82 308 278 
189 288 77 246 398 296 143 267 88 154 354 252 339 424 0 205 425 342 315 178 
297 244 348 285 70 489 78 76 257 110 334 485 249 122 268 0 445 226 63 294 
444 309 399 53 60 237 183 422 368 475 444 496 478 187 100 469 0 414 88 497 
197 52 106 481 243 61 309 462 213 242 231 213 392 490 111 395 257 0 55 77 
178 129 258 121 125 235 465 175 203 135 420 407 282 422 219 469 165 231 0 485 
333 150 226 63 313 117 260 131 218 467 136 245 144 215 453 423 497 394 387 0 

333.75 0 3
333.75 1 18
333.75 2 16
333.75 3 12
333.75 4 5
333.75 5 4
333.75 6 12
333.75 7 16
333.75 8 10
333.75 9 10
333.75 10 2
333.75 11 6
333.75 12 0
333.75 13 6
333.75 14 2
333.75 15 0
333.75 16 12
333.75 17 2
333.75 18 13
333.75 19 9

