20 20 4

0 469 120 437 161 261 168 416 281 454 447 479 215 424 202 246 320 66 195 95 
205 0 335 122 390 392 329 139 133 296 203 53 491 378 330 183 489 297 57 160 
77 462 0 313 55 176 236 208 129 262 431 481 307 135 315 379 231 206 414 77 
496 209 230 0 499 406 107 84 295 302 331 303 412 358 264 431 120 146 166 485 
432 134 415 413 0 147 257 227 477 438 140 146 465 135 62 194 341 418 251 375 
213 52 206 222 170 0 270 192 100 340 495 423 80 427 56 446 339 154 202 272 
337 139 362 189 104 204 0 201 455 495 326 206 125 489 415 488 417 85 258 108 
342 304 309 265 335 235 478 0 487 280 338 188 259 174 277 120 314 87 274 221 
493 475 497 405 100 241 75 87 0 157 110 51 422 159 62 231 130 347 172 107 
333 403 396 227 161 276 454 438 296 0 248 419 468 447 149 464 351 199 205 376 
444 68 193 445 197 58 457 378 138 59 0 256 195 98 158 297 275 476 280 436 
170 75 390 88 249 336 187 213 186 93 124 0 268 487 349 167 187 496 175 351 
129 263 360 336 165 165 200 168 146 383 398 81 0 52 180 421 90 379 463 434 
91 355 233 372 123 219 428 240 113 423 122 414 259 0 335 480 94 206 144 451 
325 241 333 429 479 335 108 156 131 438 118 272 235 424 0 455 314 497 174 241 
443 444 163 271 357 372 313 336 172 469 187 123 500 134 406 0 429 112 448 487 
218 78 180 287 300 366 417 255 179 169 135 370 318 78 239 89 0 141 318 352 
427 440 76 320 269 76 404 175 211 223 122 404 391 357 84 384 157 0 400 56 
118 285 175 203 361 444 231 99 483 78 123 90 455 270 116 482 489 142 0 141 
163 303 314 442 207 412 299 241 51 162 347 58 230 338 183 139 405 126 320 0 

284 0 12
284 1 16
284 2 4
284 3 4
284 4 17
284 5 3
284 6 12
284 7 11
284 8 3
284 9 10
284 10 13
284 11 8
284 12 10
284 13 17
284 14 11
284 15 12
284 16 12
284 17 4
284 18 5
284 19 4

