20 20 3

0 428 136 458 78 468 349 303 63 94 75 496 166 305 167 326 329 447 452 164 
436 0 151 259 370 377 242 296 272 466 249 472 56 176 314 464 204 282 69 457 
295 320 0 238 497 193 494 371 469 322 317 176 192 459 278 157 329 361 105 124 
339 70 79 0 310 77 205 123 247 360 111 473 72 113 293 261 316 436 254 186 
160 282 210 286 0 180 168 270 288 447 130 343 277 419 120 306 435 354 462 58 
100 77 326 73 99 0 389 72 310 205 458 270 341 117 51 50 353 182 169 123 
176 322 410 225 306 85 0 295 111 470 355 279 234 406 62 60 185 319 399 207 
128 310 164 349 151 438 106 0 358 290 445 233 119 120 262 236 296 67 271 297 
335 447 152 321 181 264 333 191 0 155 151 296 312 437 106 182 285 414 326 97 
271 115 493 211 392 112 423 127 114 0 440 104 118 274 50 220 94 181 190 134 
78 295 235 81 313 171 137 445 162 257 0 270 417 478 91 409 188 189 227 110 
266 292 256 76 360 481 77 286 281 415 426 0 365 444 220 307 475 483 184 318 
183 297 74 159 420 258 200 328 153 340 54 420 0 312 52 176 339 118 363 366 
354 143 280 279 215 430 205 472 160 187 155 428 320 0 158 208 429 77 173 336 
355 276 382 116 402 193 118 77 238 187 146 310 247 447 0 297 233 161 226 388 
132 337 75 444 471 101 102 179 237 129 302 279 191 284 160 0 257 185 59 81 
420 248 425 65 264 172 218 60 111 329 444 449 167 280 230 111 0 457 489 163 
342 225 242 350 210 383 133 320 346 476 85 134 395 490 58 166 254 0 387 335 
264 448 370 414 153 488 193 333 98 357 321 211 198 252 159 499 412 249 0 338 
438 301 313 474 385 414 463 150 287 216 243 328 187 398 197 100 50 391 451 0 

504.57 0 7
504.57 1 14
504.57 2 17
504.57 3 14
504.57 4 16
504.57 5 3
504.57 6 12
504.57 7 9
504.57 8 9
504.57 9 8
504.57 10 9
504.57 11 9
504.57 12 13
504.57 13 17
504.57 14 0
504.57 15 17
504.57 16 3
504.57 17 0
504.57 18 19
504.57 19 6

