20 20 4

0 394 391 282 333 347 358 95 154 121 295 302 169 87 190 434 178 427 126 192 
336 0 59 498 364 331 381 273 286 148 278 57 72 378 398 60 210 452 124 255 
312 195 0 500 113 71 293 460 455 421 386 287 113 428 296 317 292 334 197 271 
119 52 499 0 126 74 132 231 84 292 389 159 497 200 60 252 471 81 495 430 
242 416 316 480 0 235 243 275 51 241 108 406 219 178 164 217 461 188 56 398 
429 298 286 294 295 0 437 61 253 407 92 248 92 285 370 114 471 104 64 245 
312 255 60 424 424 395 0 87 348 111 225 354 460 361 358 452 154 359 144 165 
112 257 415 310 300 406 179 0 364 132 440 378 327 251 340 93 175 470 438 212 
73 500 144 133 215 455 442 373 0 315 300 468 187 362 224 308 378 230 420 263 
301 51 202 385 328 404 224 372 78 0 401 65 447 424 271 90 57 436 251 449 
309 66 455 483 410 317 206 217 401 143 0 136 164 394 137 316 278 171 219 209 
249 454 109 265 157 483 486 197 246 178 155 0 194 437 378 149 419 287 172 331 
454 72 180 296 186 280 383 453 58 53 378 424 0 253 332 239 224 439 221 209 
342 174 337 203 318 480 80 173 154 73 295 192 233 0 74 322 479 210 102 117 
369 317 121 247 447 80 285 185 461 430 112 169 478 236 0 213 181 54 399 418 
384 53 442 386 402 174 410 223 153 326 482 220 195 298 498 0 148 244 284 383 
379 244 68 442 120 496 384 490 176 388 388 94 479 147 242 364 0 499 366 273 
429 469 98 410 396 450 415 149 97 365 384 186 451 334 204 148 160 0 200 482 
149 82 126 244 333 104 97 74 418 303 391 397 231 115 445 347 217 395 0 261 
317 198 126 407 335 283 447 489 381 107 395 362 413 184 438 363 467 248 411 0 

361.25 0 15
361.25 1 10
361.25 2 3
361.25 3 8
361.25 4 11
361.25 5 7
361.25 6 11
361.25 7 11
361.25 8 6
361.25 9 11
361.25 10 14
361.25 11 4
361.25 12 16
361.25 13 8
361.25 14 2
361.25 15 6
361.25 16 3
361.25 17 3
361.25 18 7
361.25 19 6

