20 20 3

0 219 402 113 312 489 148 125 94 58 368 493 130 189 349 230 376 116 459 281 
53 0 81 324 182 120 190 299 360 293 260 54 259 186 406 79 448 150 177 73 
195 185 0 391 394 472 287 449 202 369 64 367 356 275 399 180 407 225 320 206 
84 319 172 0 295 77 308 408 313 256 264 441 486 165 332 132 58 304 369 214 
212 237 435 285 0 93 209 183 430 116 114 249 272 355 67 150 357 301 409 264 
114 371 478 261 112 0 143 299 194 358 309 270 71 471 213 457 463 256 165 352 
185 438 417 140 416 271 0 364 66 127 372 181 97 192 51 282 403 113 375 408 
464 439 217 233 217 187 397 0 173 356 359 495 208 251 189 124 97 104 101 412 
327 386 490 458 189 181 459 421 0 290 278 51 197 449 441 364 181 157 258 284 
487 113 350 237 271 100 376 101 354 0 187 360 472 464 452 461 422 347 141 136 
268 381 121 476 78 69 172 148 407 486 0 356 398 472 176 247 416 153 53 498 
412 357 184 271 329 355 429 289 483 275 381 0 118 249 468 396 432 252 171 103 
351 78 89 206 182 267 88 379 182 192 382 387 0 103 445 70 80 480 131 459 
269 113 440 356 182 396 323 284 327 75 406 380 132 0 190 175 495 322 149 83 
407 488 225 495 374 278 195 151 308 175 232 473 394 296 0 168 456 184 63 485 
418 96 266 79 183 348 426 64 343 454 163 376 360 151 307 0 110 475 84 256 
125 98 381 308 277 481 103 395 436 237 165 420 361 418 186 147 0 100 240 72 
115 82 477 435 164 92 85 177 153 60 418 115 135 466 446 149 449 0 426 409 
100 117 352 215 243 213 339 135 310 146 326 88 418 114 64 352 436 314 0 388 
112 173 398 481 238 239 202 390 95 151 71 454 201 138 306 122 331 225 411 0 

496.32 0 3
496.32 1 6
496.32 2 9
496.32 3 7
496.32 4 5
496.32 5 8
496.32 6 15
496.32 7 13
496.32 8 6
496.32 9 13
496.32 10 0
496.32 11 7
496.32 12 13
496.32 13 0
496.32 14 17
496.32 15 5
496.32 16 9
496.32 17 6
496.32 18 8
496.32 19 9

