20 20 3

0 376 218 154 287 150 79 318 126 236 397 294 73 314 439 458 247 50 265 68 
311 0 72 496 426 370 433 390 113 103 142 455 101 224 172 205 461 272 441 486 
349 384 0 382 349 407 195 288 120 149 288 91 167 98 113 162 230 189 301 326 
252 111 174 0 207 162 348 329 73 65 308 220 50 363 103 138 211 460 283 449 
79 382 443 327 0 255 247 390 367 183 79 375 459 281 436 339 438 304 187 474 
327 409 281 497 409 0 143 307 497 304 266 486 460 52 124 158 329 329 356 426 
403 489 211 277 204 442 0 419 493 136 222 179 109 255 294 96 458 202 189 264 
405 199 237 147 365 446 221 0 474 274 256 85 406 158 73 116 141 227 265 59 
220 351 438 105 166 399 350 419 0 357 258 314 327 370 219 63 467 84 459 394 
264 440 149 299 101 258 78 168 105 0 256 383 115 182 440 259 237 312 365 293 
230 428 258 494 254 127 212 475 300 453 0 189 193 423 335 292 221 387 500 250 
54 105 212 143 377 344 289 342 287 307 206 0 287 487 340 495 236 94 121 154 
275 371 314 414 63 236 249 61 408 135 268 364 0 346 323 75 195 406 125 190 
454 362 447 367 148 189 206 142 375 457 420 235 231 0 497 499 145 266 235 100 
278 349 185 496 419 237 74 444 382 430 68 71 139 136 0 224 212 442 363 369 
290 237 81 210 178 263 413 177 114 179 118 164 407 173 299 0 402 91 242 426 
241 123 111 466 351 407 101 74 119 493 387 438 490 330 225 199 0 458 438 111 
341 258 447 165 372 353 288 377 254 329 118 386 276 398 203 241 455 0 110 293 
479 179 492 121 323 481 157 498 386 115 192 204 162 400 150 278 272 210 0 272 
355 170 308 424 56 83 77 416 275 483 476 274 461 361 265 289 390 453 396 0 

327 0 18
327 1 13
327 2 16
327 3 6
327 4 17
327 5 4
327 6 0
327 7 15
327 8 2
327 9 5
327 10 2
327 11 4
327 12 13
327 13 12
327 14 6
327 15 1
327 16 8
327 17 14
327 18 17
327 19 3

