20 20 3

0 224 333 455 216 189 176 287 204 324 151 336 284 249 147 365 466 130 249 343 
266 0 463 294 362 399 443 258 478 102 202 148 293 132 431 455 55 327 130 292 
481 160 0 149 73 395 349 170 466 70 457 422 363 223 384 363 291 489 305 500 
466 114 201 0 321 357 284 458 311 289 284 148 287 472 258 143 495 359 442 371 
81 218 328 453 0 80 257 92 393 498 80 405 253 253 469 405 280 325 395 237 
343 390 228 441 383 0 199 405 476 400 471 173 270 51 341 304 210 371 60 459 
471 265 245 131 468 448 0 99 128 434 130 229 171 179 118 349 326 208 254 438 
183 153 408 307 373 409 354 0 177 325 432 187 283 402 158 234 239 126 389 495 
411 322 124 140 443 461 415 498 0 286 122 251 223 256 354 337 269 227 245 122 
110 276 53 454 265 161 112 450 350 0 395 338 100 305 366 175 395 309 342 310 
306 127 382 264 57 344 117 344 112 50 0 296 185 110 278 395 64 494 56 126 
199 112 471 487 163 482 352 495 377 367 92 0 186 380 376 274 143 383 118 417 
434 180 418 229 71 478 457 173 248 206 386 80 0 355 448 257 97 317 239 156 
67 115 229 109 458 108 436 231 408 74 299 325 458 0 186 449 393 414 182 106 
86 381 469 422 411 324 126 375 127 393 113 233 167 178 0 169 226 342 434 368 
72 342 393 78 373 106 421 77 450 334 209 262 371 296 230 0 292 414 260 124 
288 338 468 351 277 341 235 396 66 76 330 141 305 378 240 89 0 457 296 460 
484 452 294 192 420 371 195 150 369 108 360 444 346 404 411 403 181 0 251 137 
283 474 370 319 114 381 403 60 421 359 307 380 342 465 380 241 385 250 0 386 
241 119 200 307 62 496 211 179 398 98 136 241 331 109 317 357 381 197 259 0 

366.75 0 9
366.75 1 10
366.75 2 3
366.75 3 5
366.75 4 15
366.75 5 6
366.75 6 15
366.75 7 16
366.75 8 14
366.75 9 17
366.75 10 12
366.75 11 9
366.75 12 6
366.75 13 14
366.75 14 6
366.75 15 16
366.75 16 0
366.75 17 16
366.75 18 9
366.75 19 3

