20 20 3

0 414 471 435 287 81 94 498 112 192 267 146 190 79 139 340 307 145 227 312 
341 0 434 219 288 68 145 273 148 278 299 151 153 212 121 88 206 359 339 410 
177 481 0 176 273 377 413 362 217 219 214 150 481 54 290 406 499 308 257 271 
163 485 276 0 264 345 195 91 139 351 156 428 260 283 164 143 262 492 55 124 
415 224 495 64 0 411 255 305 316 253 319 73 231 432 264 457 402 108 358 443 
404 208 98 331 175 0 87 202 475 300 193 480 130 314 410 124 328 76 85 339 
98 288 158 121 469 296 0 92 182 405 357 490 347 261 405 152 298 286 396 450 
260 195 349 446 275 162 111 0 105 197 137 140 486 185 135 350 464 310 353 55 
442 257 362 188 310 329 299 412 0 127 291 308 283 50 209 132 202 191 451 263 
246 147 350 93 340 241 178 396 204 0 438 248 416 136 455 485 481 265 69 486 
383 146 276 397 136 483 313 218 184 454 0 375 153 406 473 209 449 68 400 333 
414 311 478 162 433 320 323 173 56 294 193 0 492 177 496 474 280 131 456 92 
55 346 496 381 449 158 109 364 313 127 470 146 0 247 280 330 115 420 149 389 
299 362 182 442 353 65 194 82 52 275 488 94 488 0 333 297 368 488 405 183 
351 217 467 320 69 213 307 349 279 433 204 374 231 65 0 262 380 124 485 73 
156 487 54 350 287 492 182 83 359 376 438 248 433 362 214 0 253 381 134 266 
437 119 198 140 443 135 363 411 465 193 395 488 300 137 493 149 0 375 484 489 
408 99 364 102 297 53 170 218 463 50 302 228 193 371 132 491 69 0 217 353 
430 389 496 81 376 51 375 124 151 249 315 346 364 364 416 172 367 419 0 292 
291 381 499 92 315 192 169 397 389 188 321 241 325 209 443 356 291 445 230 0 

463.32 0 5
463.32 1 2
463.32 2 4
463.32 3 14
463.32 4 14
463.32 5 14
463.32 6 10
463.32 7 6
463.32 8 11
463.32 9 11
463.32 10 7
463.32 11 2
463.32 12 17
463.32 13 16
463.32 14 1
463.32 15 13
463.32 16 7
463.32 17 18
463.32 18 4
463.32 19 11

