20 20 4

0 437 275 421 419 455 310 285 307 86 144 493 352 423 401 437 75 257 465 455 
417 0 420 238 423 351 80 76 211 427 434 234 131 370 459 258 288 169 274 279 
182 311 0 129 382 369 52 282 305 77 246 476 482 369 395 427 291 453 457 317 
163 383 457 0 103 220 326 269 184 320 144 408 305 484 425 385 365 500 143 353 
60 170 305 487 0 358 173 137 284 415 296 447 438 410 85 395 219 255 220 194 
145 247 289 260 51 0 272 391 142 343 391 235 402 401 111 207 143 420 330 438 
410 244 233 357 182 349 0 392 76 68 354 453 419 205 406 207 415 408 185 306 
500 478 403 235 380 59 52 0 293 153 422 122 297 88 73 480 151 412 85 249 
194 310 309 146 228 465 52 386 0 135 166 277 147 372 462 500 313 341 59 316 
133 369 444 412 165 482 435 351 339 0 346 386 88 490 195 347 343 374 67 101 
466 360 424 242 457 295 203 213 108 250 0 429 374 89 53 317 452 168 55 142 
225 344 439 111 138 184 256 192 233 336 416 0 491 301 275 414 250 439 209 403 
358 474 153 493 347 399 496 370 350 370 375 443 0 94 426 137 362 270 478 118 
412 211 160 328 201 412 309 115 161 247 481 270 311 0 454 129 303 56 479 298 
376 84 374 458 477 419 139 320 280 359 298 104 478 215 0 422 305 366 333 320 
187 200 67 374 176 328 83 256 338 89 441 342 172 475 216 0 336 208 134 181 
478 120 246 482 382 223 196 303 234 269 342 54 162 248 278 487 0 374 312 276 
336 149 72 276 442 194 251 157 236 409 448 123 386 67 319 368 399 0 493 270 
201 226 489 493 230 151 447 458 344 321 270 119 156 369 141 383 66 492 0 133 
173 434 248 120 56 133 345 326 207 243 318 428 151 250 172 350 431 480 297 0 

376.5 0 5
376.5 1 5
376.5 2 7
376.5 3 13
376.5 4 1
376.5 5 6
376.5 6 2
376.5 7 12
376.5 8 17
376.5 9 3
376.5 10 11
376.5 11 17
376.5 12 1
376.5 13 14
376.5 14 8
376.5 15 9
376.5 16 0
376.5 17 8
376.5 18 9
376.5 19 9

