20 20 3

0 406 473 390 229 112 265 215 378 227 402 155 443 437 292 136 332 230 343 56 
174 0 351 137 484 442 424 96 290 58 409 86 174 315 59 271 494 328 486 415 
205 212 0 72 310 362 459 309 448 497 489 290 260 162 141 347 352 82 477 398 
79 485 307 0 322 366 121 331 136 321 366 121 235 70 491 257 87 352 422 346 
55 175 334 295 0 385 202 142 438 54 382 170 158 167 155 415 439 471 242 477 
313 62 342 384 247 0 362 374 210 399 432 339 244 437 464 284 439 348 193 287 
492 404 168 161 61 492 0 473 183 431 443 375 407 255 388 455 346 341 316 426 
258 422 358 96 372 294 59 0 363 232 113 55 226 311 409 344 422 420 92 395 
102 473 93 184 135 55 278 89 0 107 118 111 483 82 483 340 128 355 341 344 
217 279 163 429 455 424 337 55 102 0 463 97 447 272 276 246 162 361 251 390 
156 308 214 217 291 247 200 337 81 261 0 177 132 184 163 245 112 117 376 155 
122 428 324 376 374 302 151 326 414 462 77 0 303 324 91 468 492 88 421 398 
132 452 365 466 83 499 128 486 317 196 361 178 0 475 288 208 351 368 461 452 
193 374 170 220 384 444 469 107 191 263 478 88 345 0 429 159 311 219 157 389 
204 180 291 64 64 266 58 223 323 376 390 274 68 470 0 150 446 109 301 414 
166 442 176 143 237 228 72 346 489 448 210 377 151 96 168 0 372 111 140 380 
491 413 255 136 393 273 312 494 218 372 294 338 488 442 221 131 0 178 399 360 
475 143 307 391 226 408 437 100 279 254 190 158 244 102 119 86 446 0 342 349 
195 267 220 195 311 207 136 238 288 472 136 354 446 436 160 336 162 67 0 479 
212 52 233 353 367 427 161 436 220 313 485 68 458 458 238 152 268 151 446 0 

448.8 0 8
448.8 1 5
448.8 2 14
448.8 3 4
448.8 4 15
448.8 5 7
448.8 6 9
448.8 7 12
448.8 8 9
448.8 9 8
448.8 10 7
448.8 11 8
448.8 12 8
448.8 13 1
448.8 14 13
448.8 15 17
448.8 16 13
448.8 17 11
448.8 18 16
448.8 19 8

