20 20 3

0 275 462 480 337 152 245 56 59 307 422 82 372 439 389 378 426 359 419 299 
424 0 345 145 381 394 424 274 107 57 347 151 290 328 113 476 371 422 220 378 
432 233 0 55 464 104 444 108 432 125 174 106 375 97 401 470 184 294 149 165 
108 156 462 0 209 152 290 479 127 160 401 53 244 88 236 456 258 290 155 317 
429 231 441 241 0 312 244 142 488 378 386 137 493 200 243 211 116 102 207 94 
179 73 201 183 268 0 239 125 223 448 366 329 471 50 266 167 241 77 117 89 
64 445 182 151 194 332 0 101 111 398 153 268 199 489 291 350 378 58 296 454 
439 450 75 474 420 282 446 0 293 473 473 360 269 243 60 401 101 204 232 359 
472 337 218 239 486 206 481 91 0 291 245 337 244 390 286 269 119 412 50 64 
204 229 487 63 448 437 281 104 488 0 191 287 346 163 123 63 352 315 219 88 
356 460 491 400 410 380 392 385 450 304 0 385 464 458 321 207 228 475 143 459 
79 130 149 72 182 469 352 195 321 166 120 0 115 228 287 105 334 196 436 226 
81 141 480 172 104 193 199 468 127 174 110 292 0 410 397 148 188 78 116 490 
430 143 362 50 209 296 494 264 130 189 406 62 427 0 497 492 306 308 391 455 
275 225 335 92 467 451 195 114 138 431 181 127 360 481 0 195 360 396 442 109 
160 71 249 272 83 382 476 281 394 490 378 105 471 102 390 0 269 69 97 415 
340 392 345 227 470 411 208 164 478 103 312 86 420 333 492 399 0 122 374 374 
109 267 119 438 322 89 490 419 309 265 222 430 105 113 481 282 289 0 391 440 
160 368 250 422 405 169 462 396 274 83 476 147 143 450 423 287 271 463 0 276 
396 478 248 324 407 303 388 387 84 383 277 231 493 145 431 415 256 306 132 0 

308.4 0 4
308.4 1 4
308.4 2 8
308.4 3 6
308.4 4 12
308.4 5 10
308.4 6 17
308.4 7 10
308.4 8 4
308.4 9 8
308.4 10 5
308.4 11 2
308.4 12 8
308.4 13 3
308.4 14 9
308.4 15 4
308.4 16 17
308.4 17 6
308.4 18 17
308.4 19 5

