20 20 4

0 174 238 245 380 137 401 90 94 205 109 368 241 271 346 414 235 262 79 219 
359 0 352 64 279 110 61 263 393 484 94 111 81 425 299 484 60 386 384 101 
186 295 0 160 54 486 137 350 155 323 318 391 492 176 242 55 161 303 274 374 
402 257 418 0 463 289 99 468 272 109 353 362 160 489 363 478 249 104 114 306 
209 387 330 306 0 135 457 498 347 117 56 120 442 408 84 115 126 323 371 93 
301 431 152 369 297 0 141 231 274 96 285 95 352 200 188 182 456 480 345 209 
327 168 216 153 316 330 0 187 382 407 216 252 206 467 389 309 91 186 400 272 
166 202 263 418 261 169 106 0 149 124 85 444 491 118 318 206 222 134 242 359 
466 355 75 424 61 248 69 320 0 290 205 426 268 77 127 482 446 338 150 51 
193 432 293 136 422 362 161 334 290 0 245 282 148 417 137 380 340 148 335 359 
418 331 270 343 98 298 176 286 243 465 0 143 451 157 281 243 451 202 311 111 
242 100 62 474 406 429 317 492 268 415 326 0 334 88 363 310 381 412 314 57 
404 56 228 497 213 91 277 163 248 185 424 65 0 133 231 77 314 343 456 130 
334 431 496 367 471 83 229 487 171 347 301 385 251 0 63 319 247 227 360 231 
340 315 122 470 86 206 407 114 470 249 276 99 83 413 0 301 400 139 91 335 
126 419 182 377 303 383 390 121 336 323 187 273 162 208 346 0 339 245 51 245 
65 227 201 498 483 234 411 491 340 500 81 381 125 450 62 208 0 459 151 98 
286 194 127 179 417 447 94 262 285 289 470 236 60 403 387 57 386 0 327 418 
376 373 174 163 254 249 319 473 164 277 124 212 269 268 496 154 184 442 0 198 
153 433 193 329 169 203 232 262 211 324 89 335 199 168 459 68 372 415 337 0 

513.81 0 6
513.81 1 2
513.81 2 15
513.81 3 4
513.81 4 5
513.81 5 11
513.81 6 7
513.81 7 4
513.81 8 17
513.81 9 6
513.81 10 11
513.81 11 4
513.81 12 13
513.81 13 14
513.81 14 15
513.81 15 10
513.81 16 17
513.81 17 7
513.81 18 17
513.81 19 10

