20 20 3

0 219 441 116 465 204 147 244 240 286 247 272 484 174 460 234 356 405 395 231 
421 0 219 276 343 123 453 170 112 298 213 481 285 139 178 351 310 88 204 53 
279 440 0 457 50 180 131 216 364 193 121 258 130 248 183 356 90 256 64 211 
74 69 130 0 55 304 426 390 154 443 428 308 446 206 454 159 413 133 240 129 
203 383 407 411 0 463 154 301 74 195 56 296 112 81 315 399 293 118 81 182 
429 474 109 443 175 0 266 396 284 385 236 230 464 389 112 370 56 281 231 307 
62 132 69 308 194 307 0 122 299 99 190 330 438 325 303 498 267 429 470 162 
419 354 104 149 74 200 418 0 150 206 199 331 219 418 413 238 225 313 252 297 
112 57 193 392 446 468 402 199 0 441 86 375 102 455 435 364 310 459 63 228 
109 219 133 390 144 50 59 88 225 0 322 290 228 384 298 127 483 450 301 140 
355 241 383 229 500 337 163 363 354 122 0 376 81 388 301 164 484 395 164 493 
434 95 315 430 480 405 434 106 143 383 357 0 440 444 304 322 172 303 366 286 
166 219 114 248 250 208 500 120 191 150 441 184 0 290 486 205 220 221 316 360 
277 166 243 340 105 393 350 378 65 152 450 57 475 0 168 328 223 368 486 222 
438 176 78 378 66 319 119 428 245 290 451 104 273 323 0 53 319 378 397 168 
462 412 270 411 175 245 78 453 174 152 438 102 89 320 130 0 173 93 399 449 
227 350 238 384 405 461 206 408 486 84 304 153 252 422 130 370 0 96 325 398 
255 205 257 399 257 52 219 337 176 469 443 124 402 292 69 286 196 0 236 442 
311 222 232 321 81 191 243 161 60 496 192 164 251 347 371 149 103 374 0 74 
391 256 249 89 86 151 331 105 143 234 499 84 495 220 474 71 458 164 264 0 

331.75 0 13
331.75 1 13
331.75 2 14
331.75 3 8
331.75 4 3
331.75 5 13
331.75 6 15
331.75 7 9
331.75 8 14
331.75 9 4
331.75 10 5
331.75 11 7
331.75 12 10
331.75 13 7
331.75 14 17
331.75 15 13
331.75 16 0
331.75 17 15
331.75 18 10
331.75 19 16

