20 20 4

0 337 177 131 316 249 264 412 174 377 126 255 355 347 357 335 299 413 259 262 
279 0 272 269 229 200 60 296 180 204 481 282 369 318 410 207 340 158 421 252 
282 53 0 84 243 114 137 99 399 386 463 158 354 448 380 123 176 286 340 179 
172 251 159 0 405 119 427 314 483 474 178 404 432 166 163 466 360 228 309 165 
333 195 334 441 0 499 281 76 328 164 69 168 293 191 369 158 95 194 292 115 
177 265 450 287 196 0 116 156 368 426 90 383 297 374 77 131 70 283 118 97 
317 232 323 435 231 464 0 59 96 266 204 338 87 87 309 488 324 211 103 186 
285 235 227 167 482 100 402 0 112 120 184 181 374 451 119 196 142 57 367 151 
103 339 61 147 376 305 406 363 0 128 116 172 472 107 357 198 224 339 455 125 
157 74 466 495 155 173 321 57 265 0 328 130 122 381 419 341 478 295 145 139 
364 431 412 487 402 469 99 99 399 144 0 53 231 252 284 403 453 145 75 273 
360 497 307 440 326 394 359 166 127 360 261 0 216 430 398 334 416 299 58 466 
104 408 109 314 345 67 305 247 227 400 480 206 0 259 232 464 406 57 357 471 
173 191 330 141 113 259 489 398 382 495 406 103 98 0 69 369 119 364 143 374 
318 320 273 53 476 239 235 195 144 243 259 114 122 400 0 150 213 463 115 409 
360 203 403 473 256 207 492 332 276 112 425 149 136 451 129 0 139 426 318 324 
328 168 273 86 232 346 192 88 265 154 153 173 221 307 282 400 0 62 440 391 
100 422 209 475 278 295 425 357 384 107 381 415 385 499 187 177 437 0 483 75 
475 248 179 127 127 106 384 360 212 153 55 103 203 427 469 385 204 264 0 309 
60 354 122 147 268 457 145 406 340 81 144 365 55 98 251 340 176 63 223 0 

487.41 0 17
487.41 1 10
487.41 2 5
487.41 3 18
487.41 4 5
487.41 5 0
487.41 6 16
487.41 7 9
487.41 8 13
487.41 9 3
487.41 10 3
487.41 11 5
487.41 12 7
487.41 13 11
487.41 14 13
487.41 15 18
487.41 16 1
487.41 17 3
487.41 18 17
487.41 19 8

