20 20 3

0 134 240 100 480 448 372 224 383 393 464 64 149 470 203 151 309 370 299 71 
207 0 56 499 186 362 487 482 419 295 55 447 451 346 186 257 325 340 129 255 
223 472 0 218 237 327 394 146 428 202 466 226 223 379 439 429 65 300 171 253 
219 172 465 0 372 122 310 264 330 341 104 409 95 277 136 470 220 169 363 316 
96 271 489 273 0 445 367 418 129 138 218 250 342 143 372 306 221 200 323 435 
236 163 489 351 209 0 472 193 385 191 312 248 214 359 469 202 338 169 275 255 
248 364 179 204 205 479 0 282 217 199 189 490 134 375 153 329 226 68 301 369 
403 198 388 150 362 246 326 0 63 290 445 289 495 400 359 381 103 63 359 92 
437 58 231 427 349 105 286 177 0 488 304 184 113 206 333 451 63 401 403 339 
415 192 490 410 393 389 475 273 199 0 244 339 241 180 103 178 313 402 440 98 
285 428 352 176 247 265 459 404 278 359 0 62 116 480 411 105 145 303 201 119 
283 350 313 328 297 200 381 425 463 489 364 0 61 273 498 119 399 451 334 113 
354 318 179 366 384 158 276 196 461 286 347 286 0 68 403 306 102 199 456 433 
330 418 421 400 185 400 398 462 55 104 295 325 409 0 113 454 274 203 319 257 
105 279 493 402 271 267 60 76 319 209 482 458 245 156 0 134 145 498 240 249 
459 245 303 461 70 418 280 230 192 433 499 155 489 484 147 0 146 255 120 364 
281 389 279 470 102 475 125 186 326 122 376 281 288 328 83 248 0 348 208 478 
284 106 166 283 211 361 473 64 214 434 134 77 215 473 306 391 281 0 280 466 
417 312 294 292 92 81 119 333 486 173 491 463 408 96 129 397 257 196 0 125 
271 360 59 355 387 431 83 193 321 314 179 493 437 442 493 435 484 281 54 0 

330 0 5
330 1 3
330 2 6
330 3 8
330 4 16
330 5 8
330 6 4
330 7 8
330 8 17
330 9 3
330 10 4
330 11 6
330 12 18
330 13 14
330 14 4
330 15 16
330 16 7
330 17 1
330 18 14
330 19 9

