20 20 3

0 259 196 160 249 376 484 300 124 141 370 62 173 162 413 325 77 314 66 474 
410 0 474 233 201 112 121 435 297 489 183 376 381 148 279 248 103 154 231 353 
228 78 0 429 447 201 297 359 233 324 173 249 297 289 429 481 196 247 101 130 
495 296 470 0 370 384 117 148 131 170 459 68 229 393 303 157 339 210 161 405 
393 435 77 348 0 439 72 483 175 219 230 433 55 431 229 476 56 319 92 362 
156 420 320 174 355 0 213 183 463 51 343 123 406 236 264 189 290 202 419 273 
83 137 209 467 142 139 0 402 324 145 220 123 457 326 493 484 206 347 196 339 
65 404 181 345 66 123 316 0 412 120 224 330 343 258 173 258 224 473 103 332 
296 198 51 369 362 83 117 345 0 239 171 247 284 186 357 171 238 129 452 53 
492 71 227 77 120 435 408 328 365 0 380 381 196 382 285 197 251 146 230 74 
197 175 195 150 165 332 458 287 69 293 0 238 72 284 259 456 68 329 391 426 
363 255 305 243 402 186 234 305 143 87 242 0 168 234 367 313 91 239 351 255 
232 126 498 420 355 489 385 311 56 420 201 188 0 489 162 199 231 63 91 171 
319 185 208 267 59 149 340 78 190 78 380 151 260 0 212 148 386 67 136 270 
328 349 396 479 243 384 140 392 321 361 434 443 386 118 0 357 152 334 456 442 
362 145 471 448 246 230 160 101 323 177 394 299 455 450 195 0 189 192 285 486 
84 313 346 468 462 438 292 318 89 125 274 482 193 125 208 348 0 78 144 458 
129 417 341 229 216 51 178 117 190 321 108 382 111 371 228 78 88 0 165 76 
357 412 358 337 149 257 412 307 104 196 157 61 482 74 108 211 447 109 0 95 
63 249 122 328 131 183 199 65 418 237 387 200 300 298 57 136 153 265 255 0 

325.75 0 15
325.75 1 11
325.75 2 7
325.75 3 4
325.75 4 1
325.75 5 14
325.75 6 13
325.75 7 14
325.75 8 5
325.75 9 10
325.75 10 6
325.75 11 10
325.75 12 6
325.75 13 14
325.75 14 8
325.75 15 11
325.75 16 6
325.75 17 0
325.75 18 7
325.75 19 10

