20 20 4

0 63 214 398 400 315 486 66 150 74 218 312 306 392 244 246 420 315 170 127 
414 0 256 81 68 447 329 499 368 385 209 329 408 429 494 62 84 308 498 100 
165 278 0 475 183 84 367 378 280 493 399 157 326 312 363 357 86 65 393 291 
383 277 450 0 419 392 378 412 404 412 426 157 219 297 386 193 431 176 266 64 
406 465 413 269 0 291 431 131 147 223 147 246 464 236 474 413 154 365 497 272 
475 164 198 338 89 0 445 223 440 131 349 205 145 462 170 264 230 167 401 68 
264 123 372 461 293 314 0 190 412 419 261 408 397 442 279 301 279 318 453 209 
464 83 57 169 386 225 496 0 149 162 162 50 387 132 330 258 299 123 71 195 
485 196 406 149 93 103 378 100 0 333 402 52 492 366 293 255 241 178 187 443 
484 299 311 240 185 149 70 149 399 0 143 170 300 127 73 413 433 323 466 66 
373 54 419 132 496 491 375 458 438 259 0 144 380 242 149 397 433 491 496 453 
139 150 302 466 401 135 245 313 68 67 278 0 84 147 283 209 229 485 406 310 
442 343 68 292 429 467 147 325 155 137 321 314 0 433 177 115 155 77 408 350 
340 426 124 118 216 221 107 132 156 91 488 416 240 0 87 190 238 466 363 336 
498 469 423 74 282 112 201 104 217 229 462 273 68 143 0 347 343 65 67 156 
147 380 405 342 51 144 379 191 88 344 261 374 97 229 53 0 121 217 115 273 
271 489 452 439 261 226 288 108 69 60 332 175 157 212 286 205 0 213 380 83 
111 175 134 322 499 181 257 51 460 424 323 232 402 311 390 96 72 0 115 91 
337 341 101 168 223 415 86 459 120 250 95 360 67 220 444 339 425 332 0 302 
183 498 225 456 229 333 474 325 136 252 146 177 88 194 228 206 367 142 450 0 

268.4 0 9
268.4 1 6
268.4 2 13
268.4 3 5
268.4 4 8
268.4 5 7
268.4 6 2
268.4 7 16
268.4 8 2
268.4 9 11
268.4 10 11
268.4 11 9
268.4 12 0
268.4 13 11
268.4 14 18
268.4 15 9
268.4 16 17
268.4 17 18
268.4 18 7
268.4 19 17

