20 20 3

0 246 129 438 266 278 181 408 282 437 380 293 397 330 484 489 454 371 254 224 
337 0 278 271 192 474 245 241 440 158 61 327 283 257 406 427 229 391 315 136 
379 251 0 222 378 147 51 361 342 211 438 95 385 275 79 155 173 53 107 364 
199 422 375 0 477 411 338 138 337 67 479 358 360 357 108 289 234 412 497 301 
254 208 239 55 0 92 220 85 405 343 295 462 413 444 139 287 176 500 331 265 
92 348 243 401 415 0 307 215 203 247 127 199 499 87 357 444 92 156 163 334 
60 456 335 228 368 279 0 317 361 405 316 191 376 358 246 326 465 160 132 180 
69 85 257 218 290 50 282 0 233 299 388 346 133 154 57 418 332 131 403 355 
198 64 377 340 390 441 292 215 0 406 158 53 85 177 296 499 345 85 499 126 
476 297 464 77 380 324 85 54 155 0 166 163 460 315 177 92 361 274 484 359 
195 389 467 406 424 143 201 422 194 443 0 176 478 418 423 197 446 59 472 237 
270 126 109 383 293 130 267 91 441 491 74 0 55 392 413 472 297 92 321 204 
220 222 147 346 199 271 476 346 423 485 317 159 0 461 150 219 343 149 299 109 
190 447 306 422 208 198 334 180 445 133 207 149 303 0 379 246 356 77 223 87 
130 146 278 153 462 238 253 180 80 108 186 347 456 339 0 152 377 497 300 417 
383 245 500 90 100 59 175 52 121 203 225 158 490 321 386 0 142 283 330 346 
169 360 160 61 206 115 106 65 198 103 315 115 192 59 321 232 0 316 86 114 
318 157 267 494 472 256 70 113 348 303 393 400 179 460 267 190 372 0 88 454 
387 237 56 202 58 405 418 329 344 234 366 408 51 229 381 251 201 136 0 272 
471 190 281 364 297 410 79 270 307 401 308 260 288 495 473 196 52 377 113 0 

241.2 0 2
241.2 1 17
241.2 2 6
241.2 3 14
241.2 4 18
241.2 5 10
241.2 6 2
241.2 7 17
241.2 8 0
241.2 9 4
241.2 10 18
241.2 11 6
241.2 12 13
241.2 13 4
241.2 14 11
241.2 15 8
241.2 16 2
241.2 17 11
241.2 18 7
241.2 19 9

