20 20 4

0 419 253 128 259 314 106 439 383 443 345 336 226 279 367 342 167 251 483 227 
240 0 333 138 87 341 477 387 104 51 269 254 328 394 213 162 360 234 219 298 
116 368 0 349 158 300 335 476 141 452 226 124 385 173 163 474 210 210 206 96 
264 414 71 0 224 241 416 144 110 482 328 486 486 150 109 334 258 360 168 440 
207 119 166 488 0 455 289 357 184 205 274 96 252 244 460 273 175 407 395 269 
467 376 303 208 361 0 159 268 402 367 334 69 307 491 139 179 235 300 174 298 
434 329 71 480 287 473 0 195 267 147 101 161 122 68 244 131 226 311 240 200 
212 313 484 232 326 231 77 0 455 416 327 335 420 467 371 198 202 157 170 347 
374 474 398 242 302 172 192 383 0 105 209 122 255 372 141 239 310 418 420 337 
372 91 370 414 217 92 284 365 244 0 147 485 297 228 214 194 176 466 73 318 
104 128 477 176 333 104 268 278 364 392 0 404 407 263 201 483 383 369 74 373 
233 268 471 425 64 405 138 416 287 311 195 0 104 365 273 287 248 312 98 222 
297 412 113 200 75 82 108 57 416 427 82 288 0 366 56 465 290 278 125 135 
400 362 396 94 172 467 73 410 214 335 458 386 338 0 125 205 489 357 238 303 
121 153 229 153 147 301 366 112 298 350 394 383 456 256 0 485 500 378 451 279 
494 372 114 207 464 402 490 169 146 346 357 399 417 460 334 0 276 313 342 349 
131 139 405 476 228 361 438 212 360 315 369 139 65 447 410 429 0 411 67 418 
79 371 471 142 476 143 308 66 126 120 358 181 202 447 85 177 381 0 396 114 
299 463 135 167 308 357 321 217 286 438 441 203 467 67 380 315 494 474 0 122 
59 306 192 123 437 100 276 472 434 156 368 254 405 86 96 278 344 403 98 0 

374 0 5
374 1 9
374 2 15
374 3 6
374 4 15
374 5 14
374 6 2
374 7 13
374 8 13
374 9 13
374 10 7
374 11 4
374 12 17
374 13 8
374 14 13
374 15 1
374 16 8
374 17 11
374 18 3
374 19 15

