20 20 3

0 281 446 420 353 327 425 114 391 381 385 69 486 414 394 130 225 372 453 255 
221 0 258 467 180 331 55 404 66 236 130 270 491 117 422 166 420 248 297 241 
139 384 0 332 158 126 245 258 206 421 336 365 382 57 123 348 394 160 353 297 
176 296 134 0 152 286 201 73 158 328 272 406 68 117 289 350 432 365 302 396 
70 222 232 142 0 310 239 215 157 132 325 460 135 207 462 426 310 454 127 333 
112 161 311 468 179 0 378 463 235 309 328 487 205 104 415 387 196 224 332 117 
87 170 392 498 462 306 0 215 388 115 169 221 154 231 332 416 198 217 293 160 
158 309 194 145 464 456 266 0 106 151 197 388 219 234 264 317 438 225 122 153 
112 394 272 490 499 453 321 170 0 357 244 413 223 353 221 368 448 391 79 420 
447 180 116 90 105 301 304 129 238 0 236 408 341 54 302 319 495 56 271 315 
176 334 266 295 57 118 467 131 272 113 0 160 191 60 497 258 307 309 265 318 
388 453 53 295 50 57 303 319 258 309 297 0 280 191 130 496 437 344 113 159 
425 335 222 291 232 232 495 440 246 303 411 63 0 190 364 66 191 120 280 445 
389 489 460 185 268 151 473 470 87 316 82 196 448 0 123 124 445 305 307 439 
245 259 448 362 272 344 225 495 486 51 481 186 391 469 0 145 282 443 453 254 
168 246 277 200 148 224 273 223 375 78 236 314 480 445 468 0 341 216 312 273 
417 297 274 397 189 371 122 491 360 271 444 113 390 396 96 89 0 495 477 69 
217 352 304 403 372 283 103 339 330 476 150 309 392 153 290 288 292 0 160 360 
283 470 131 433 290 471 328 92 266 78 69 285 452 127 88 110 449 77 0 163 
494 114 138 351 129 480 454 369 475 453 236 90 442 412 378 130 408 348 164 0 

473.22 0 10
473.22 1 13
473.22 2 3
473.22 3 4
473.22 4 2
473.22 5 17
473.22 6 8
473.22 7 2
473.22 8 1
473.22 9 1
473.22 10 14
473.22 11 5
473.22 12 4
473.22 13 8
473.22 14 7
473.22 15 13
473.22 16 10
473.22 17 2
473.22 18 4
473.22 19 3

