20 20 4

0 398 92 278 498 53 240 345 383 169 156 92 165 245 288 179 472 437 201 290 
237 0 434 55 382 429 79 119 486 330 274 131 240 172 381 224 169 140 170 220 
473 290 0 82 64 405 484 58 83 455 445 441 245 389 374 457 270 302 487 95 
288 72 319 0 125 469 441 212 399 316 302 68 242 274 308 275 496 419 258 260 
209 420 205 149 0 371 93 230 327 69 482 69 114 476 91 139 308 59 287 470 
408 309 479 183 51 0 459 197 483 210 116 240 421 482 366 125 337 236 375 66 
270 150 499 289 421 230 0 331 266 244 96 52 421 211 312 399 344 313 357 491 
295 274 313 241 194 294 314 0 476 131 500 106 147 269 413 352 265 333 289 302 
98 239 348 308 159 265 326 57 0 108 138 121 306 139 101 118 86 245 363 350 
427 200 106 239 53 81 151 356 296 0 434 351 304 238 89 359 252 199 123 77 
413 389 372 240 194 461 291 262 254 242 0 331 103 375 481 366 113 485 154 214 
96 156 354 153 411 299 192 269 50 97 98 0 78 217 437 400 407 130 117 405 
343 321 353 173 130 228 361 203 291 345 307 456 0 147 413 309 250 79 107 392 
298 315 196 347 343 363 283 449 476 120 272 136 169 0 299 440 292 136 374 359 
289 164 203 302 326 56 214 342 256 451 155 355 248 420 0 50 301 469 119 291 
174 301 361 396 388 480 195 83 478 281 163 93 276 277 246 0 77 310 460 448 
151 215 398 256 69 353 383 276 153 351 345 150 475 353 217 371 0 447 403 272 
480 381 259 142 424 485 125 376 268 385 335 215 242 257 320 449 276 0 379 331 
259 482 388 310 339 363 162 55 440 108 409 211 294 496 420 142 175 160 0 218 
257 378 309 299 299 51 55 118 206 488 447 243 246 185 130 263 230 443 375 0 

313.2 0 5
313.2 1 2
313.2 2 17
313.2 3 2
313.2 4 17
313.2 5 1
313.2 6 10
313.2 7 12
313.2 8 12
313.2 9 15
313.2 10 4
313.2 11 15
313.2 12 4
313.2 13 14
313.2 14 15
313.2 15 11
313.2 16 0
313.2 17 10
313.2 18 8
313.2 19 4

