20 20 3

0 119 101 293 249 258 407 391 275 253 208 281 107 85 191 83 76 108 481 101 
290 0 281 498 323 221 143 365 163 242 269 328 344 338 379 343 294 343 249 184 
118 453 0 98 105 59 133 453 92 366 268 280 173 57 60 171 86 439 264 157 
101 456 376 0 135 55 421 220 349 214 63 97 104 131 256 152 393 472 443 346 
271 64 113 50 0 188 327 60 309 364 449 72 471 256 234 347 341 240 474 61 
88 187 281 342 241 0 118 98 99 461 69 492 62 497 56 332 497 401 159 57 
209 229 212 438 406 419 0 171 459 466 117 432 233 362 118 464 204 65 81 459 
115 493 234 313 54 231 75 0 337 227 426 202 441 341 381 153 278 493 278 156 
452 243 223 383 183 85 208 146 0 446 223 385 404 495 377 137 308 137 318 333 
180 496 466 88 436 306 175 295 291 0 168 72 397 119 266 119 208 399 361 366 
251 306 296 135 209 290 218 53 304 62 0 77 344 192 72 309 438 215 321 112 
216 111 230 239 458 55 211 284 214 316 144 0 286 66 157 81 359 72 78 76 
75 332 88 103 175 438 332 434 375 253 255 437 0 420 316 374 365 481 379 75 
264 299 341 114 85 113 221 323 422 244 351 449 476 0 183 243 285 308 180 324 
242 261 76 203 405 202 225 278 66 205 363 91 419 162 0 138 484 404 202 411 
226 123 361 77 278 337 210 472 121 224 358 395 172 119 178 0 325 474 330 257 
458 103 412 320 144 87 432 440 277 91 141 394 268 214 255 51 0 199 91 211 
170 369 141 478 471 264 303 355 295 483 391 51 440 444 170 260 295 0 414 398 
234 190 196 325 290 414 245 495 415 394 292 332 270 368 423 455 338 393 0 257 
399 188 447 289 396 386 440 65 352 234 185 457 418 81 152 449 322 272 400 0 

351.25 0 9
351.25 1 9
351.25 2 13
351.25 3 18
351.25 4 5
351.25 5 10
351.25 6 7
351.25 7 9
351.25 8 2
351.25 9 10
351.25 10 11
351.25 11 1
351.25 12 13
351.25 13 11
351.25 14 16
351.25 15 1
351.25 16 11
351.25 17 15
351.25 18 8
351.25 19 6

