20 20 4

0 456 195 221 361 285 456 328 343 488 322 187 279 491 100 209 195 456 272 79 
461 0 465 87 279 441 137 96 307 187 414 441 376 125 135 96 193 371 52 471 
213 246 0 499 106 475 245 363 391 391 319 162 176 486 126 421 264 273 264 66 
286 158 186 0 226 484 468 68 287 160 389 496 338 308 241 336 121 423 81 434 
313 178 459 181 0 60 444 464 431 414 444 402 430 229 59 322 162 249 290 387 
486 400 275 237 237 0 289 429 280 360 107 67 294 126 195 459 257 205 403 220 
343 316 163 451 453 99 0 460 274 418 208 63 304 401 170 285 137 113 73 272 
343 140 85 360 140 161 261 0 98 124 173 451 295 222 474 164 172 426 420 131 
199 337 496 420 347 152 296 131 0 240 359 362 218 409 208 254 475 298 121 236 
346 196 115 53 197 287 477 311 409 0 158 438 246 63 481 448 189 328 100 435 
165 497 50 477 214 409 391 418 383 188 0 246 325 241 392 390 451 88 383 183 
105 291 291 493 487 60 474 435 200 301 241 0 134 416 237 134 149 401 249 490 
75 339 385 271 163 332 162 260 282 407 142 415 0 462 140 412 455 333 422 428 
474 328 435 214 413 106 401 253 412 58 209 158 83 0 498 493 60 367 80 379 
126 312 285 426 226 246 65 344 407 348 265 334 322 93 0 475 486 212 81 387 
171 199 395 86 307 184 83 55 401 401 85 279 233 347 63 0 158 279 466 173 
122 373 228 94 413 500 344 144 485 262 175 127 383 324 228 420 0 338 118 209 
343 469 316 379 247 500 432 467 364 418 189 244 246 268 422 290 387 0 421 133 
481 161 101 362 446 435 393 173 110 230 449 476 279 417 292 364 371 498 0 296 
93 117 420 439 311 165 206 439 162 300 359 452 280 227 53 349 172 438 241 0 

539.88 0 18
539.88 1 13
539.88 2 0
539.88 3 8
539.88 4 7
539.88 5 4
539.88 6 15
539.88 7 5
539.88 8 7
539.88 9 3
539.88 10 11
539.88 11 15
539.88 12 14
539.88 13 2
539.88 14 1
539.88 15 14
539.88 16 0
539.88 17 0
539.88 18 4
539.88 19 12

