20 20 4

0 154 145 443 98 56 434 272 248 336 124 380 294 452 384 443 316 415 116 191 
472 0 460 419 338 205 301 78 164 471 198 395 79 302 247 228 106 460 161 329 
414 204 0 403 293 204 110 177 146 376 298 420 273 476 379 191 313 290 442 341 
160 169 245 0 54 405 497 458 133 103 418 244 138 331 154 491 331 309 307 458 
405 390 462 324 0 162 437 409 304 249 198 452 297 64 120 492 69 476 489 233 
315 298 150 58 386 0 188 163 132 469 178 389 182 82 485 143 113 147 286 472 
157 485 377 108 281 391 0 386 480 166 117 224 350 382 472 206 390 113 344 259 
402 68 143 497 200 176 482 0 500 239 128 285 210 235 477 293 500 464 184 141 
443 300 208 166 356 89 344 269 0 186 163 319 151 64 338 245 268 244 371 249 
451 316 83 442 232 475 418 476 474 0 382 366 322 80 372 480 404 435 69 247 
203 412 361 472 62 131 309 464 349 260 0 334 304 210 356 337 151 88 311 276 
270 492 364 342 313 394 213 292 297 147 67 0 251 300 429 318 479 198 399 494 
161 455 253 202 258 169 264 95 271 58 112 253 0 278 103 116 119 122 460 490 
121 464 136 138 421 143 274 238 121 178 343 114 289 0 53 74 197 262 193 412 
63 170 420 125 373 405 386 439 230 458 155 219 78 325 0 62 374 245 362 354 
189 189 482 238 460 477 242 484 174 210 177 292 223 53 418 0 54 377 322 390 
71 52 348 176 428 132 207 196 456 158 264 309 297 403 290 242 0 363 474 190 
102 147 106 229 145 279 440 62 283 316 335 380 337 93 434 220 227 0 65 377 
130 472 486 344 487 489 454 484 437 316 457 126 368 310 182 304 405 167 0 243 
417 157 265 458 487 308 257 420 478 435 191 111 271 369 96 114 356 84 274 0 

497.31 0 12
497.31 1 2
497.31 2 4
497.31 3 18
497.31 4 14
497.31 5 4
497.31 6 16
497.31 7 0
497.31 8 5
497.31 9 16
497.31 10 16
497.31 11 5
497.31 12 5
497.31 13 6
497.31 14 2
497.31 15 9
497.31 16 9
497.31 17 16
497.31 18 4
497.31 19 2

