20 20 3

0 102 360 323 413 355 420 436 397 316 493 122 83 74 302 157 316 372 77 434 
72 0 366 179 393 273 328 340 465 131 498 213 467 99 72 496 462 134 415 153 
481 231 0 352 309 264 132 110 127 398 432 155 87 210 227 424 102 450 458 149 
170 296 353 0 333 262 402 112 257 119 196 172 429 383 109 487 191 323 118 251 
400 222 389 261 0 467 306 438 146 358 143 103 213 264 349 65 303 317 173 365 
74 449 267 403 377 0 149 462 119 497 491 187 454 146 116 343 358 289 355 51 
385 419 145 438 132 359 0 494 147 368 310 478 233 90 426 206 199 59 306 367 
128 58 357 266 463 210 88 0 61 274 327 366 275 211 284 370 355 122 435 348 
427 59 365 404 242 405 329 154 0 311 338 410 177 173 175 241 389 344 401 183 
355 174 460 427 155 170 417 232 231 0 490 373 79 172 382 150 75 330 261 110 
435 71 155 100 199 278 225 390 373 68 0 497 55 129 377 465 55 482 341 423 
213 71 168 86 307 290 418 407 71 455 168 0 131 389 189 443 439 94 220 164 
434 92 389 186 304 469 62 268 230 495 315 152 0 414 337 477 450 350 473 124 
464 494 78 131 332 417 477 274 111 71 201 225 211 0 243 321 348 254 289 116 
472 469 110 494 328 475 86 60 180 386 484 461 349 477 0 245 186 64 368 370 
289 430 147 440 361 64 389 181 118 142 176 185 321 352 245 0 314 386 426 350 
396 313 442 379 273 498 112 469 183 126 336 259 121 472 356 267 0 333 127 363 
220 195 455 347 330 482 198 282 51 83 207 351 185 226 500 64 450 0 497 333 
174 386 165 216 352 237 188 207 210 227 284 72 397 186 234 243 466 215 0 147 
454 217 387 368 274 72 93 273 293 493 476 332 373 118 447 89 420 390 434 0 

281.8 0 2
281.8 1 16
281.8 2 11
281.8 3 13
281.8 4 18
281.8 5 11
281.8 6 3
281.8 7 3
281.8 8 3
281.8 9 3
281.8 10 2
281.8 11 2
281.8 12 15
281.8 13 10
281.8 14 15
281.8 15 14
281.8 16 17
281.8 17 10
281.8 18 9
281.8 19 8

