20 20 3

0 430 403 269 337 161 143 255 207 69 441 335 495 261 497 479 393 399 160 490 
442 0 310 57 133 332 237 391 172 68 174 87 266 103 196 485 390 308 127 351 
465 147 0 291 55 348 258 258 82 151 156 193 347 98 209 354 388 491 297 485 
369 72 158 0 407 288 418 102 273 307 116 106 157 287 410 155 292 258 363 500 
290 220 363 189 0 273 167 104 126 54 301 374 246 170 396 354 76 390 272 335 
369 285 402 426 149 0 395 335 254 187 299 323 393 296 494 255 435 266 128 490 
99 133 497 179 85 166 0 281 389 399 170 367 234 490 359 342 171 458 236 456 
418 129 462 240 229 257 440 0 190 191 413 269 387 462 108 140 347 143 256 127 
238 155 454 312 339 199 170 387 0 320 334 122 483 251 202 444 197 137 200 137 
277 97 256 496 191 424 103 281 270 0 196 487 103 385 348 56 196 186 413 72 
279 232 356 352 421 106 260 364 253 347 0 270 96 123 318 302 326 215 225 379 
446 201 282 188 254 166 487 468 68 379 380 0 90 158 318 396 216 239 208 426 
309 167 479 79 421 101 103 429 377 268 154 463 0 420 61 244 107 266 360 300 
440 134 179 319 174 494 343 276 209 81 190 134 341 0 307 112 126 434 370 179 
363 454 153 467 416 72 234 366 129 206 432 380 145 65 0 265 170 396 258 464 
171 417 495 67 257 91 324 75 374 465 151 52 327 104 155 0 500 226 177 233 
91 464 390 473 99 485 488 70 362 139 278 325 467 401 75 484 0 364 324 308 
145 197 272 246 200 305 301 61 304 233 396 487 275 115 132 454 164 0 117 198 
184 429 287 168 460 254 275 485 237 138 308 251 233 456 229 185 362 484 0 436 
373 494 376 475 481 357 89 112 310 410 386 214 93 70 452 418 480 412 399 0 

390.75 0 1
390.75 1 17
390.75 2 12
390.75 3 17
390.75 4 3
390.75 5 14
390.75 6 7
390.75 7 10
390.75 8 5
390.75 9 17
390.75 10 18
390.75 11 18
390.75 12 3
390.75 13 7
390.75 14 16
390.75 15 16
390.75 16 11
390.75 17 7
390.75 18 12
390.75 19 9

