20 20 4

0 243 202 304 298 362 263 433 231 234 386 66 466 295 319 105 180 82 285 336 
223 0 313 91 127 310 239 368 108 176 126 85 306 76 237 109 324 305 322 463 
243 56 0 105 259 228 350 284 283 480 317 67 71 490 86 320 116 347 265 190 
405 392 267 0 196 197 500 139 256 323 394 284 285 136 497 340 345 224 397 129 
213 132 152 437 0 361 141 474 180 208 76 395 348 187 493 321 333 189 320 422 
151 349 71 386 341 0 158 138 180 209 69 283 495 439 122 146 376 189 445 349 
75 152 131 176 206 268 0 169 234 307 308 260 435 410 109 456 51 400 320 139 
286 480 365 276 230 304 348 0 83 179 243 478 234 268 336 315 394 248 82 62 
432 339 321 192 273 230 458 435 0 438 357 255 76 349 441 392 124 170 402 178 
410 80 127 143 264 345 429 285 239 0 384 317 251 315 362 278 213 341 214 170 
275 151 233 480 385 82 420 483 363 297 0 384 248 413 414 325 56 384 377 191 
168 115 74 191 72 340 52 301 259 343 221 0 380 117 323 112 304 414 351 223 
396 421 226 279 375 139 192 406 352 282 282 493 0 400 347 67 90 126 113 299 
377 322 141 304 408 415 126 471 218 490 77 148 141 0 204 80 370 78 169 268 
435 471 500 216 220 155 270 237 402 346 56 200 429 328 0 498 232 236 169 65 
413 93 261 196 191 353 351 429 429 135 97 197 276 275 403 0 199 445 265 419 
388 166 471 394 73 399 428 277 337 370 396 108 282 440 76 185 0 337 135 242 
265 63 327 69 210 310 50 320 459 201 84 133 295 407 103 188 430 0 208 322 
414 251 192 309 66 180 455 92 71 499 177 263 470 190 297 245 107 106 0 452 
377 271 152 167 110 153 73 163 291 210 77 320 123 485 462 138 50 348 300 0 

450.45 0 11
450.45 1 10
450.45 2 8
450.45 3 7
450.45 4 12
450.45 5 14
450.45 6 7
450.45 7 4
450.45 8 1
450.45 9 15
450.45 10 14
450.45 11 0
450.45 12 11
450.45 13 8
450.45 14 17
450.45 15 18
450.45 16 14
450.45 17 10
450.45 18 19
450.45 19 18

