20 20 4

0 462 366 350 212 59 381 326 248 440 468 489 204 355 81 129 459 459 334 133 
462 0 328 104 99 94 74 313 308 436 69 384 320 481 456 377 193 465 257 225 
420 196 0 193 408 351 254 440 186 212 154 226 295 115 54 349 371 305 130 183 
112 272 202 0 446 299 183 402 175 82 122 382 464 248 284 363 156 134 117 302 
478 486 406 203 0 281 227 207 336 97 219 172 230 281 151 139 434 400 479 335 
74 267 163 162 230 0 362 396 93 224 237 160 476 214 145 137 123 132 314 281 
175 361 450 53 297 437 0 154 142 370 260 120 411 491 337 74 359 67 142 462 
317 316 198 183 498 118 485 0 341 191 324 154 178 449 221 127 208 224 271 69 
317 140 279 387 51 477 431 282 0 335 204 130 296 471 152 200 360 149 268 344 
440 166 167 300 294 322 471 128 481 0 401 349 256 217 439 485 311 196 217 241 
428 52 395 264 54 121 366 205 431 465 0 179 481 160 295 148 166 296 176 136 
374 156 488 429 362 411 367 103 221 270 270 0 412 404 479 62 168 240 340 484 
151 477 205 280 458 71 282 312 188 77 438 274 0 157 301 468 85 369 135 158 
178 306 378 399 425 282 133 193 156 323 484 139 180 0 216 50 167 380 72 399 
191 210 182 336 190 496 343 365 80 211 450 395 340 255 0 273 445 179 261 284 
79 123 314 269 212 444 435 420 110 71 442 215 212 151 347 0 254 498 98 96 
362 128 465 311 230 304 66 209 455 402 176 238 431 249 258 199 0 167 202 341 
86 262 362 478 184 280 335 237 241 333 286 287 194 120 458 456 300 0 468 228 
459 422 336 134 367 267 333 124 172 451 276 219 243 245 287 221 379 67 0 262 
115 258 94 107 251 446 178 209 157 428 176 91 143 305 377 227 171 143 267 0 

384.75 0 1
384.75 1 17
384.75 2 1
384.75 3 2
384.75 4 7
384.75 5 4
384.75 6 18
384.75 7 3
384.75 8 14
384.75 9 11
384.75 10 11
384.75 11 6
384.75 12 4
384.75 13 14
384.75 14 8
384.75 15 2
384.75 16 17
384.75 17 2
384.75 18 0
384.75 19 1

