20 20 3

0 172 484 412 278 84 152 281 367 445 170 213 373 113 354 88 215 379 310 98 
285 0 152 86 211 424 110 247 415 267 120 213 302 450 197 213 434 438 71 422 
304 466 0 91 223 338 362 76 132 76 161 393 124 396 251 160 313 174 427 59 
295 193 336 0 458 201 285 361 364 219 298 385 140 308 107 388 481 151 249 263 
441 483 374 333 0 106 269 290 424 288 414 350 297 208 250 340 372 401 124 440 
265 500 444 356 346 0 252 169 441 439 478 396 202 418 378 75 457 191 51 246 
321 289 159 170 293 73 0 126 132 151 478 413 90 449 169 485 60 465 443 180 
161 381 157 57 289 281 141 0 315 237 282 72 433 102 67 298 430 310 321 55 
148 422 483 61 219 187 180 203 0 198 351 352 328 463 232 191 226 228 422 317 
249 158 306 271 90 114 288 338 494 0 305 365 256 403 493 445 414 211 132 300 
120 280 151 422 314 320 361 455 496 88 0 132 68 287 240 324 264 487 389 258 
80 138 62 151 344 172 143 289 292 61 371 0 92 131 357 400 53 170 219 120 
124 421 158 206 439 151 152 263 365 345 151 122 0 375 239 342 476 290 464 325 
78 255 336 155 297 418 462 403 177 338 121 247 412 0 492 111 324 431 212 182 
193 76 477 50 148 351 446 440 82 235 159 357 470 365 0 193 124 368 317 292 
271 444 129 98 397 247 90 458 277 227 169 409 126 402 141 0 333 256 442 278 
403 230 220 61 87 189 132 437 471 451 253 469 428 196 305 476 0 299 51 272 
463 486 449 338 150 281 239 242 113 445 390 342 103 120 268 115 157 0 407 197 
93 133 354 296 102 281 198 357 257 203 114 479 165 99 184 453 407 415 0 398 
148 479 342 488 76 396 107 294 217 421 200 120 464 491 425 466 92 205 370 0 

374.25 0 17
374.25 1 15
374.25 2 17
374.25 3 5
374.25 4 0
374.25 5 8
374.25 6 11
374.25 7 3
374.25 8 1
374.25 9 15
374.25 10 8
374.25 11 15
374.25 12 17
374.25 13 14
374.25 14 5
374.25 15 16
374.25 16 13
374.25 17 8
374.25 18 8
374.25 19 2

