20 20 3

0 205 394 193 405 331 422 212 289 415 448 235 440 404 142 77 54 341 228 121 
88 0 348 295 151 245 339 388 240 188 302 432 384 457 81 76 118 363 204 280 
151 118 0 435 336 264 338 429 292 98 476 470 169 63 73 414 372 476 460 259 
215 354 267 0 353 237 430 385 263 498 454 174 485 104 242 419 391 213 463 75 
455 60 257 180 0 386 271 411 55 349 386 465 314 307 318 80 367 54 460 458 
475 214 411 148 198 0 465 96 323 111 259 492 136 420 258 100 100 143 77 217 
355 376 102 320 189 115 0 137 426 432 349 385 389 79 305 299 384 453 471 430 
482 81 396 229 375 315 437 0 425 121 286 452 288 141 83 96 167 222 162 461 
354 300 65 238 396 94 494 194 0 428 202 371 114 391 403 460 326 484 481 263 
164 309 255 322 96 102 355 350 219 0 283 218 387 136 468 402 80 119 447 280 
264 130 189 341 401 79 243 360 355 433 0 97 324 96 356 286 368 158 338 429 
214 264 211 382 150 53 106 51 84 175 204 0 314 145 285 453 437 185 238 386 
252 300 319 299 123 121 361 359 196 469 404 124 0 183 167 493 271 267 496 83 
268 286 209 423 100 60 414 259 203 98 204 89 56 0 454 114 305 283 185 165 
349 87 341 252 162 230 369 154 207 342 356 241 109 142 0 400 238 399 166 151 
157 320 407 67 359 413 471 179 218 461 70 89 309 108 136 0 267 427 72 342 
80 230 183 142 421 449 234 76 187 339 192 288 447 462 401 464 0 76 314 191 
412 238 151 433 484 166 247 120 383 173 349 224 410 78 357 51 449 0 305 443 
231 198 281 374 193 434 91 93 154 325 357 295 236 94 152 375 285 268 0 121 
111 150 244 410 80 153 439 143 362 143 398 304 81 303 84 405 446 469 202 0 

454.08 0 2
454.08 1 16
454.08 2 10
454.08 3 1
454.08 4 17
454.08 5 6
454.08 6 18
454.08 7 1
454.08 8 2
454.08 9 0
454.08 10 3
454.08 11 6
454.08 12 15
454.08 13 12
454.08 14 5
454.08 15 14
454.08 16 4
454.08 17 18
454.08 18 16
454.08 19 16

