20 20 3

0 70 86 313 251 464 363 160 101 148 83 367 206 273 199 488 448 257 85 404 
138 0 441 73 411 80 357 62 288 133 326 331 435 346 123 247 303 86 316 169 
345 171 0 203 418 327 426 116 315 130 79 106 240 167 497 263 77 76 326 89 
314 165 121 0 144 99 173 218 52 427 461 319 95 61 440 455 429 473 137 495 
494 217 73 99 0 407 190 302 377 424 328 409 220 348 281 291 199 86 415 123 
89 97 83 114 142 0 302 260 97 230 439 391 225 433 107 455 238 220 352 491 
303 482 74 419 201 129 0 199 199 278 235 320 351 481 367 140 301 215 392 60 
469 329 450 359 260 138 172 0 214 326 99 272 72 352 254 304 477 405 383 382 
310 160 324 336 217 304 409 63 0 105 124 162 322 299 441 478 158 200 115 487 
120 148 85 343 377 388 96 180 120 0 207 269 453 468 379 276 59 302 286 419 
316 97 493 428 370 498 124 103 155 274 0 169 142 344 474 384 186 350 271 439 
237 98 146 456 50 320 91 276 329 99 268 0 247 365 316 446 499 185 444 122 
238 305 102 113 153 397 293 488 289 350 465 228 0 86 62 324 248 62 350 289 
495 178 339 263 132 410 285 284 165 176 434 444 364 0 239 497 184 98 149 427 
85 388 276 50 322 68 269 145 267 489 201 262 239 86 0 100 208 168 217 443 
158 88 118 92 482 189 281 478 323 85 126 456 121 465 439 0 328 493 457 303 
345 430 291 496 192 481 81 449 395 406 372 338 64 410 162 106 0 392 301 93 
369 330 128 202 493 199 373 431 233 365 143 487 209 73 484 205 422 0 220 236 
370 115 142 242 159 363 151 271 419 249 72 462 325 108 89 477 100 446 0 349 
237 385 213 331 371 129 110 355 284 482 74 226 107 346 74 55 455 387 364 0 

350.25 0 17
350.25 1 0
350.25 2 6
350.25 3 1
350.25 4 6
350.25 5 9
350.25 6 2
350.25 7 15
350.25 8 16
350.25 9 8
350.25 10 18
350.25 11 17
350.25 12 11
350.25 13 9
350.25 14 9
350.25 15 6
350.25 16 4
350.25 17 18
350.25 18 11
350.25 19 5

