20 20 4

0 115 354 295 254 478 220 58 114 135 493 256 83 168 107 455 425 122 124 71 
371 0 201 478 392 234 438 112 248 375 315 75 202 136 379 447 340 356 373 104 
176 214 0 96 383 455 215 440 165 346 268 239 367 138 390 100 480 330 488 299 
77 118 113 0 102 477 199 187 180 245 493 259 300 376 424 346 465 378 267 160 
493 319 379 438 0 393 467 84 199 203 364 187 452 148 462 271 407 439 176 94 
325 371 293 83 377 0 375 213 223 339 90 196 450 289 222 328 434 114 50 468 
263 410 87 156 117 392 0 118 94 299 263 220 99 294 298 98 327 174 424 491 
103 469 287 457 418 283 178 0 452 216 449 209 390 418 118 183 74 393 75 349 
437 324 318 157 129 111 161 177 0 144 285 307 341 339 276 128 295 400 117 423 
352 490 127 267 379 495 91 61 68 0 434 293 123 127 323 147 234 402 415 345 
286 59 336 299 350 174 74 184 175 181 0 458 304 483 447 381 456 81 376 497 
300 150 187 92 431 264 366 77 448 474 443 0 499 466 208 90 265 264 422 496 
155 96 176 112 351 158 266 438 320 53 313 317 0 303 170 454 102 100 217 174 
334 371 354 483 125 320 190 165 84 405 86 79 59 0 340 206 328 190 70 93 
334 341 97 354 364 106 474 317 365 280 240 245 320 317 0 99 303 392 125 443 
263 366 103 56 151 319 346 307 147 242 84 397 75 131 200 0 379 201 464 108 
224 84 94 414 280 365 230 85 167 328 367 316 297 232 126 303 0 333 151 148 
347 248 96 137 352 122 218 258 207 369 221 473 92 256 66 212 242 0 381 148 
277 254 426 350 277 222 81 109 232 120 210 86 417 165 133 53 223 412 0 428 
431 118 52 152 297 301 114 314 463 306 401 110 289 362 242 138 345 171 376 0 

453.42 0 13
453.42 1 4
453.42 2 4
453.42 3 15
453.42 4 12
453.42 5 10
453.42 6 18
453.42 7 17
453.42 8 18
453.42 9 5
453.42 10 11
453.42 11 10
453.42 12 17
453.42 13 16
453.42 14 9
453.42 15 13
453.42 16 15
453.42 17 0
453.42 18 3
453.42 19 18

