20 20 3

0 459 109 249 385 298 162 467 63 185 262 499 370 435 489 430 454 403 214 111 
349 0 388 85 80 229 485 165 179 329 355 142 382 70 409 337 405 206 206 371 
426 341 0 339 424 210 480 413 346 434 71 60 251 370 154 493 156 333 477 271 
462 61 125 0 311 393 145 219 437 256 131 142 126 56 189 171 430 349 151 98 
194 84 119 411 0 492 195 64 484 301 348 461 278 65 228 110 82 328 412 251 
264 168 332 356 451 0 94 251 122 231 99 223 279 450 464 105 361 455 457 375 
438 465 429 154 242 201 0 89 58 233 367 421 191 130 88 473 192 489 67 393 
110 248 198 490 233 147 453 0 495 214 163 452 89 308 172 224 168 364 375 207 
373 315 73 500 456 360 87 428 0 51 282 201 150 99 155 298 88 95 152 248 
89 316 117 247 111 375 369 286 494 0 440 367 200 68 181 431 67 136 290 104 
271 499 92 178 355 141 284 360 387 329 0 462 341 124 484 408 322 95 283 190 
87 483 129 404 389 147 292 319 371 134 316 0 181 355 70 224 240 375 71 230 
234 164 58 402 455 339 386 363 160 431 352 57 0 224 90 343 127 429 197 125 
455 67 210 477 199 271 497 129 461 371 150 190 105 0 265 405 457 219 244 98 
288 110 235 346 117 409 386 411 243 315 314 318 476 331 0 478 452 480 249 448 
108 416 74 416 106 336 180 217 500 105 167 97 100 228 283 0 396 51 191 282 
168 384 303 432 409 278 263 386 436 449 341 139 264 257 163 179 0 313 450 65 
480 205 120 147 252 170 81 241 66 82 139 54 201 229 307 132 137 0 291 101 
474 433 50 314 71 264 70 391 149 89 96 164 276 251 441 373 210 318 0 160 
401 90 192 490 94 99 219 107 389 306 104 440 486 487 196 300 264 166 76 0 

375.5 0 16
375.5 1 6
375.5 2 13
375.5 3 9
375.5 4 11
375.5 5 0
375.5 6 16
375.5 7 1
375.5 8 5
375.5 9 6
375.5 10 14
375.5 11 12
375.5 12 7
375.5 13 1
375.5 14 5
375.5 15 11
375.5 16 3
375.5 17 11
375.5 18 19
375.5 19 12

