20 20 4

0 397 459 242 368 91 406 476 368 234 293 63 350 77 336 209 105 320 410 497 
288 0 241 249 327 232 182 277 450 215 445 225 177 97 390 126 416 431 482 391 
55 215 0 390 275 271 418 317 430 229 136 339 432 130 286 180 407 225 313 391 
381 234 335 0 313 118 382 202 194 297 340 382 394 101 303 284 326 73 408 349 
209 136 191 254 0 67 271 491 404 385 422 423 275 302 364 109 114 432 441 474 
332 445 69 213 338 0 120 222 121 152 245 479 451 160 321 141 364 94 118 110 
205 209 482 127 434 491 0 441 249 311 128 397 284 410 341 303 329 385 129 50 
457 231 452 191 388 111 219 0 479 182 470 304 242 174 463 431 252 153 177 399 
108 438 234 455 222 143 51 231 0 423 387 311 179 343 248 131 240 136 399 165 
321 80 135 331 480 259 50 166 217 0 153 293 323 211 437 56 373 365 149 374 
96 278 260 113 408 309 67 245 256 153 0 143 371 181 381 456 462 116 422 462 
232 138 321 231 167 483 167 173 355 483 480 0 435 285 464 195 104 127 454 121 
322 416 432 172 287 112 52 242 280 118 370 242 0 56 215 269 444 332 458 317 
212 68 299 191 454 290 361 148 344 439 308 416 260 0 224 347 382 217 165 140 
165 395 415 486 343 177 200 112 120 482 69 388 193 88 0 393 90 248 183 402 
102 477 340 116 148 306 290 201 395 213 316 485 329 418 400 0 314 467 76 464 
285 354 445 61 448 345 306 340 141 53 473 493 105 206 88 171 0 304 101 168 
456 446 331 478 430 159 395 85 179 118 319 142 353 172 294 364 119 0 138 169 
165 229 379 138 429 190 50 223 312 304 274 186 259 219 223 444 356 89 0 338 
391 218 162 416 311 466 294 104 85 119 399 412 235 334 290 79 262 431 79 0 

285.4 0 10
285.4 1 3
285.4 2 12
285.4 3 10
285.4 4 0
285.4 5 18
285.4 6 5
285.4 7 6
285.4 8 7
285.4 9 1
285.4 10 7
285.4 11 12
285.4 12 9
285.4 13 11
285.4 14 15
285.4 15 14
285.4 16 17
285.4 17 16
285.4 18 6
285.4 19 9

