20 20 4

0 135 200 203 147 242 217 268 138 353 395 285 496 167 202 58 470 399 234 57 
471 0 236 268 141 469 248 440 385 253 406 293 375 248 443 77 345 391 451 319 
479 59 0 420 470 262 86 171 270 55 276 210 269 246 396 487 337 121 234 276 
212 437 389 0 455 311 136 397 95 431 494 252 456 472 469 376 197 230 412 74 
206 418 300 366 0 393 497 469 380 89 89 113 316 251 257 204 205 274 290 308 
75 427 57 278 138 0 235 453 464 382 182 132 406 338 256 205 410 148 408 378 
478 448 417 298 263 374 0 261 173 285 485 169 299 60 302 306 495 390 491 447 
110 128 335 192 484 172 398 0 396 81 496 303 166 230 250 82 234 219 163 445 
98 398 429 424 197 195 225 209 0 396 322 200 342 382 278 176 280 469 54 177 
364 293 379 373 409 108 330 197 292 0 255 310 443 304 415 372 227 318 273 159 
477 169 187 383 217 275 368 344 54 336 0 104 388 406 347 266 485 462 81 314 
159 79 69 175 473 79 89 344 463 113 323 0 121 90 442 465 179 159 239 497 
209 243 88 470 337 200 73 103 392 485 134 412 0 143 163 431 269 135 216 64 
185 179 128 215 457 375 156 422 53 472 367 257 387 0 317 51 113 153 409 136 
206 300 120 497 211 214 367 349 189 208 64 410 100 400 0 244 265 357 118 127 
485 329 306 107 292 192 374 293 462 478 201 97 390 451 168 0 143 369 88 460 
217 434 374 231 343 424 131 87 395 194 362 473 385 190 278 442 0 432 176 72 
432 138 256 132 185 145 290 59 445 158 304 160 325 237 485 262 80 0 408 99 
324 303 450 185 482 334 82 466 483 220 348 54 151 436 260 441 328 111 0 437 
93 263 301 348 373 332 84 357 93 321 472 350 351 481 299 243 462 340 275 0 

377.25 0 17
377.25 1 13
377.25 2 14
377.25 3 11
377.25 4 17
377.25 5 6
377.25 6 14
377.25 7 8
377.25 8 9
377.25 9 2
377.25 10 5
377.25 11 17
377.25 12 1
377.25 13 4
377.25 14 1
377.25 15 8
377.25 16 17
377.25 17 16
377.25 18 6
377.25 19 11

