20 20 3

0 352 65 255 421 447 399 289 260 298 235 405 435 295 488 462 437 240 122 91 
393 0 213 400 426 154 110 406 166 136 181 170 67 239 392 479 159 338 378 154 
304 382 0 340 208 316 341 402 484 484 349 313 74 241 476 181 166 336 448 279 
453 290 166 0 329 307 355 220 285 220 264 369 325 67 250 371 432 272 211 90 
463 194 389 275 0 426 129 250 106 453 86 53 438 245 293 103 73 306 164 450 
90 90 420 166 365 0 437 366 442 124 345 152 164 307 53 259 81 185 95 488 
241 498 73 451 191 475 0 450 451 254 255 321 203 51 361 122 167 433 265 240 
374 96 84 233 417 341 443 0 176 128 127 221 115 74 425 346 475 115 320 180 
65 74 141 92 434 142 403 56 0 467 91 478 206 416 280 447 148 197 287 90 
323 365 374 250 430 398 174 482 128 0 239 302 258 461 326 105 52 259 404 161 
472 370 203 206 75 325 436 472 423 339 0 465 219 368 85 299 117 222 196 241 
203 274 186 455 238 353 487 293 111 453 403 0 430 180 273 132 92 54 407 235 
233 85 73 197 461 392 440 259 459 161 161 407 0 70 141 92 232 329 396 425 
328 213 377 230 142 264 209 224 306 214 337 491 397 0 128 64 300 295 162 239 
260 327 106 371 233 334 462 276 65 497 378 440 324 90 0 73 261 183 287 420 
113 92 340 157 290 236 442 60 243 444 172 188 203 449 245 0 74 182 285 486 
164 300 239 492 446 269 288 469 480 177 255 156 448 54 446 311 0 294 389 252 
60 338 402 182 476 105 337 427 129 469 211 321 339 461 59 330 407 0 279 325 
131 465 208 93 327 155 304 480 416 304 368 375 314 412 276 446 387 87 0 489 
314 166 458 475 194 52 192 410 333 305 188 364 142 360 71 185 186 384 439 0 

496.98 0 2
496.98 1 14
496.98 2 13
496.98 3 9
496.98 4 11
496.98 5 18
496.98 6 14
496.98 7 5
496.98 8 11
496.98 9 17
496.98 10 14
496.98 11 13
496.98 12 9
496.98 13 14
496.98 14 15
496.98 15 7
496.98 16 13
496.98 17 12
496.98 18 12
496.98 19 6

