20 20 3

0 127 431 161 259 258 86 394 383 365 65 320 63 481 295 208 224 92 495 330 
420 0 75 75 276 362 122 169 177 100 115 86 265 192 223 132 402 187 375 51 
69 239 0 273 340 459 253 134 374 184 383 368 464 302 393 245 78 461 317 404 
138 123 470 0 381 338 368 311 176 269 448 51 477 468 447 456 307 406 209 147 
279 99 236 353 0 62 244 453 465 479 413 281 383 257 111 352 345 155 426 155 
282 402 102 283 378 0 69 229 334 82 341 249 179 119 298 121 423 66 316 375 
481 294 287 469 176 251 0 79 234 95 391 160 407 172 268 459 161 145 479 97 
185 267 388 140 153 458 388 0 224 136 405 490 461 141 491 454 109 166 204 345 
107 456 443 424 362 114 191 77 0 433 493 55 480 385 479 123 475 131 287 363 
306 373 474 51 89 321 492 494 137 0 365 404 432 178 360 374 308 428 195 449 
455 334 197 216 313 81 195 142 56 483 0 380 369 288 252 98 497 292 369 244 
492 456 315 395 144 443 461 224 250 389 125 0 405 99 409 102 266 428 133 167 
70 346 149 156 421 144 114 469 140 112 94 90 0 103 500 356 205 350 54 165 
281 255 260 356 366 310 265 174 282 399 258 399 175 0 310 254 281 231 348 346 
199 194 408 243 235 218 450 297 373 55 301 244 286 262 0 455 142 128 471 113 
459 459 218 423 113 344 233 317 331 414 165 176 112 65 291 0 62 457 215 218 
253 87 223 54 281 216 473 442 64 307 168 334 266 333 51 188 0 396 345 371 
213 176 284 84 58 103 306 55 115 263 220 490 466 464 419 226 245 0 134 199 
393 355 456 268 188 221 100 190 116 203 241 437 122 123 221 156 339 274 0 168 
344 95 381 271 291 103 234 209 279 185 50 184 78 355 347 52 494 274 309 0 

330.5 0 2
330.5 1 17
330.5 2 4
330.5 3 16
330.5 4 3
330.5 5 6
330.5 6 11
330.5 7 4
330.5 8 13
330.5 9 8
330.5 10 18
330.5 11 15
330.5 12 6
330.5 13 14
330.5 14 17
330.5 15 10
330.5 16 15
330.5 17 18
330.5 18 1
330.5 19 18

