20 20 4

0 393 158 343 248 167 247 383 72 424 191 197 273 339 156 384 467 365 330 443 
263 0 481 318 335 314 362 446 145 468 406 134 288 54 242 337 252 116 291 341 
138 214 0 482 285 194 320 147 77 493 218 113 435 432 93 459 473 114 321 418 
209 495 79 0 293 489 290 241 326 248 307 323 88 396 487 276 387 180 302 485 
414 294 202 478 0 435 340 277 394 312 341 214 436 500 415 221 292 403 461 484 
228 415 497 50 209 0 148 244 435 486 130 236 470 495 236 378 228 171 218 455 
64 236 296 435 379 51 0 349 99 50 251 267 240 186 388 236 393 97 335 136 
482 76 217 425 252 418 367 0 129 145 488 53 99 258 447 101 192 325 310 247 
130 310 205 103 256 341 442 198 0 440 489 483 76 226 265 450 357 467 367 224 
96 218 418 99 474 176 252 75 74 0 76 91 479 157 351 183 210 313 230 151 
461 169 346 200 402 279 415 351 135 382 0 424 309 428 348 434 233 322 316 436 
103 340 218 144 74 325 445 207 242 464 387 0 99 424 263 396 123 164 381 489 
222 466 370 352 482 53 200 415 443 472 230 378 0 74 276 96 168 301 127 319 
214 75 282 308 125 412 70 227 486 184 107 230 112 0 72 306 415 53 309 114 
174 251 292 110 336 72 337 138 397 344 215 422 57 241 0 203 71 72 321 91 
249 306 433 62 242 251 84 498 165 295 306 436 175 264 434 0 236 99 456 72 
394 352 122 108 480 129 55 389 358 284 210 399 483 222 87 495 0 415 289 286 
412 160 287 425 96 412 188 236 147 444 192 376 337 250 448 151 230 0 284 157 
118 141 147 485 246 130 207 491 331 121 279 323 483 145 316 407 398 228 0 301 
134 81 244 483 164 80 439 111 182 168 101 496 444 192 142 428 145 429 341 0 

282.6 0 1
282.6 1 15
282.6 2 18
282.6 3 13
282.6 4 3
282.6 5 16
282.6 6 7
282.6 7 14
282.6 8 9
282.6 9 7
282.6 10 5
282.6 11 6
282.6 12 5
282.6 13 7
282.6 14 10
282.6 15 3
282.6 16 0
282.6 17 0
282.6 18 11
282.6 19 10

