20 20 4

0 195 262 254 131 64 145 378 451 332 301 60 71 69 294 66 123 125 362 280 
97 0 462 418 335 435 56 314 216 347 62 336 350 414 304 310 495 319 161 129 
476 443 0 380 486 464 155 487 237 436 318 98 215 365 60 339 406 445 101 219 
367 155 438 0 410 455 352 213 471 102 482 131 388 213 281 475 199 451 129 392 
187 271 209 236 0 193 280 246 238 185 397 290 110 471 395 498 380 105 105 299 
75 365 488 363 252 0 200 143 226 105 94 62 447 231 490 362 173 182 348 125 
371 483 473 160 92 443 0 261 297 78 316 352 327 97 423 314 410 175 465 53 
107 69 304 119 223 485 109 0 291 158 448 139 233 318 121 412 184 371 110 395 
374 138 417 225 172 464 355 436 0 374 480 156 133 293 383 387 119 312 127 385 
102 235 332 191 175 357 470 293 491 0 96 354 142 420 198 58 351 320 229 205 
463 102 391 325 392 184 207 278 253 469 0 355 137 278 297 175 419 178 482 144 
177 229 190 481 77 109 386 85 411 412 471 0 322 374 279 213 199 170 103 112 
154 306 288 460 149 65 463 481 434 347 463 285 0 474 398 425 211 425 241 303 
216 358 214 187 179 295 416 98 200 293 151 262 397 0 163 500 112 469 64 281 
450 205 127 168 440 308 65 120 225 196 311 478 118 168 0 191 255 54 436 378 
102 342 170 204 104 273 73 310 336 493 81 116 442 236 401 0 109 382 208 331 
452 139 233 470 116 301 344 464 263 348 156 140 401 448 467 311 0 51 239 90 
68 281 82 99 348 230 492 455 496 373 369 326 80 458 265 256 280 0 66 100 
243 279 398 349 125 54 53 298 71 261 487 112 279 475 351 328 78 81 0 319 
483 76 398 351 109 185 64 324 391 294 96 441 243 325 95 299 156 306 302 0 

287 0 6
287 1 10
287 2 18
287 3 2
287 4 10
287 5 9
287 6 11
287 7 2
287 8 4
287 9 10
287 10 11
287 11 5
287 12 13
287 13 7
287 14 10
287 15 12
287 16 3
287 17 4
287 18 8
287 19 9

