20 20 3

0 160 80 79 390 346 380 158 364 113 330 385 363 136 210 290 410 201 117 129 
414 0 335 268 483 443 258 275 182 410 376 464 59 242 494 89 131 96 419 239 
410 238 0 275 294 100 362 211 97 478 362 371 313 276 412 287 258 354 251 239 
486 160 322 0 205 376 63 198 171 352 451 297 297 361 485 72 361 292 140 71 
339 324 140 416 0 343 366 327 129 330 387 330 69 128 196 97 283 71 110 187 
400 168 138 196 416 0 205 180 194 272 178 284 50 223 314 140 138 156 456 171 
235 492 57 64 267 135 0 417 314 368 194 131 55 93 249 350 239 371 54 126 
64 276 254 54 483 428 318 0 122 272 424 284 394 365 276 401 135 493 243 51 
63 110 196 144 322 239 343 378 0 185 421 382 261 435 365 221 196 347 355 220 
420 127 351 410 227 215 185 127 301 0 385 320 58 398 137 411 492 165 150 90 
494 285 461 131 252 152 446 423 54 500 0 278 224 175 111 74 84 288 240 427 
121 247 311 392 462 415 235 373 162 106 229 0 409 99 220 126 388 422 228 333 
100 439 88 328 162 213 389 394 455 176 340 381 0 455 86 398 102 254 68 287 
126 180 99 305 295 356 475 371 243 396 305 282 203 0 243 321 481 356 240 126 
249 194 459 88 281 413 331 385 465 84 159 458 368 496 0 57 172 291 363 147 
161 105 249 417 337 402 159 364 139 221 104 215 176 455 380 0 421 236 293 458 
327 464 493 437 422 360 432 185 238 222 498 91 90 309 291 457 0 352 399 322 
216 488 494 270 409 376 224 496 297 166 495 254 444 458 453 136 135 0 68 67 
270 257 447 474 298 487 282 295 199 134 194 471 56 388 220 276 53 96 0 206 
499 343 79 493 303 229 206 256 315 292 274 88 268 481 485 242 486 227 230 0 

392.75 0 6
392.75 1 7
392.75 2 18
392.75 3 16
392.75 4 7
392.75 5 13
392.75 6 14
392.75 7 6
392.75 8 9
392.75 9 17
392.75 10 14
392.75 11 7
392.75 12 13
392.75 13 9
392.75 14 7
392.75 15 14
392.75 16 15
392.75 17 16
392.75 18 3
392.75 19 1

