20 20 4

0 494 441 366 398 267 320 206 466 144 498 237 293 360 224 256 163 315 475 142 
96 0 143 419 263 117 337 336 333 283 119 98 303 112 490 375 460 463 195 373 
184 496 0 370 127 288 230 301 494 343 115 225 191 161 318 109 375 141 397 417 
180 386 242 0 229 188 304 425 270 470 143 415 342 277 166 419 110 404 148 361 
153 197 182 328 0 338 50 353 398 131 200 50 254 331 386 446 59 280 456 190 
500 425 283 170 474 0 266 286 392 326 396 246 186 256 393 318 83 230 74 142 
127 155 500 334 359 330 0 426 304 95 413 259 235 168 391 224 289 120 440 281 
218 265 177 414 401 383 306 0 425 172 486 450 472 320 311 471 360 170 56 286 
180 101 198 146 493 316 243 216 0 311 313 155 92 481 126 426 150 477 64 406 
157 393 147 313 364 417 124 90 277 0 451 96 269 130 354 173 226 102 439 419 
475 457 438 129 255 174 205 180 274 388 0 194 179 252 86 277 271 157 400 345 
404 383 51 207 151 132 60 274 64 320 420 0 434 294 132 127 130 337 252 492 
467 476 136 367 362 338 159 345 108 473 244 160 0 377 334 161 83 191 450 300 
416 465 119 91 154 364 173 231 444 460 189 191 182 0 165 277 255 233 114 364 
77 380 337 478 246 420 67 113 453 209 63 252 331 234 0 322 372 338 392 251 
275 91 417 415 232 305 286 460 59 225 280 129 459 366 172 0 436 111 91 210 
175 494 369 395 246 199 128 274 277 172 165 478 397 206 150 67 0 388 405 59 
103 170 234 334 249 192 199 128 335 468 376 251 142 126 119 487 78 0 268 114 
302 251 443 173 228 95 329 84 113 423 439 329 477 108 270 66 63 168 0 422 
348 209 389 224 410 481 300 479 223 328 453 494 336 203 436 459 137 482 287 0 

528.99 0 1
528.99 1 0
528.99 2 16
528.99 3 16
528.99 4 15
528.99 5 6
528.99 6 5
528.99 7 10
528.99 8 9
528.99 9 4
528.99 10 5
528.99 11 9
528.99 12 1
528.99 13 18
528.99 14 8
528.99 15 12
528.99 16 17
528.99 17 8
528.99 18 7
528.99 19 0

