20 20 3

0 345 346 444 348 181 264 463 204 430 228 83 101 456 427 300 256 289 293 404 
97 0 171 339 296 230 330 175 102 353 87 177 238 382 473 388 229 360 151 191 
63 80 0 125 96 339 80 474 345 494 469 137 153 272 465 442 67 194 271 193 
453 331 230 0 130 275 111 102 163 498 413 471 395 182 258 471 229 96 257 409 
391 250 377 234 0 354 355 198 51 373 98 480 272 50 310 208 130 84 269 390 
197 473 58 375 368 0 190 132 94 369 178 301 277 275 258 360 215 318 422 119 
319 294 167 298 272 167 0 314 430 455 349 405 344 252 378 108 126 452 248 208 
252 324 92 52 307 73 467 0 374 238 284 295 307 103 295 180 107 66 298 372 
202 459 427 106 302 178 190 116 0 255 141 70 169 99 344 419 102 358 198 275 
438 143 59 232 400 319 233 287 132 0 456 84 210 157 493 136 420 50 265 110 
116 226 408 343 101 458 187 226 266 251 0 375 247 188 468 463 126 123 488 309 
360 120 471 150 280 334 349 367 253 349 338 0 69 171 270 184 465 321 348 358 
254 320 315 128 273 453 302 236 78 375 223 93 0 442 293 270 91 280 103 391 
353 62 446 397 289 324 166 179 288 193 233 352 397 0 259 166 475 482 325 483 
217 353 358 147 152 299 390 372 96 376 181 437 435 400 0 139 331 188 413 447 
73 407 140 256 258 243 465 130 425 447 405 407 370 464 264 0 467 322 269 113 
193 316 439 80 459 374 430 97 411 325 460 358 348 366 204 104 0 330 397 68 
166 77 221 70 435 298 240 405 264 61 174 327 411 196 473 441 361 0 102 127 
409 463 402 124 76 249 197 437 303 477 90 78 350 117 456 370 51 253 0 110 
163 468 328 494 50 239 189 229 179 500 488 256 164 207 157 239 233 113 142 0 

286.6 0 5
286.6 1 5
286.6 2 17
286.6 3 18
286.6 4 3
286.6 5 12
286.6 6 3
286.6 7 11
286.6 8 17
286.6 9 7
286.6 10 5
286.6 11 17
286.6 12 6
286.6 13 9
286.6 14 17
286.6 15 6
286.6 16 5
286.6 17 8
286.6 18 1
286.6 19 3

