20 20 4

0 275 436 114 115 134 354 196 67 194 459 378 242 299 142 97 431 376 119 419 
491 0 352 380 445 108 338 129 280 125 82 458 292 63 149 357 128 233 417 482 
458 317 0 440 335 59 445 427 313 376 58 382 50 500 440 136 200 498 425 279 
277 500 67 0 442 499 288 90 355 366 481 478 103 438 294 250 479 59 194 161 
322 69 170 410 0 277 376 349 363 75 102 287 60 330 494 78 478 492 316 67 
102 388 254 79 442 0 398 79 191 132 89 91 244 361 318 120 271 94 202 326 
407 434 379 401 444 415 0 150 472 392 348 494 165 400 382 370 185 79 474 214 
427 106 460 468 56 321 492 0 333 298 85 485 123 199 418 208 306 117 122 406 
89 464 253 289 336 359 377 205 0 494 406 385 414 88 441 374 263 203 401 254 
486 198 497 226 478 195 350 186 207 0 418 465 112 213 185 71 452 471 380 329 
382 129 441 266 249 480 414 122 449 116 0 229 202 309 133 405 485 111 306 335 
454 463 252 174 281 171 309 302 122 279 388 0 401 160 223 342 377 423 77 290 
251 476 112 431 384 371 63 289 112 331 94 397 0 284 57 355 409 288 476 424 
297 304 203 184 205 313 358 253 189 487 487 185 237 0 462 455 167 345 325 181 
340 387 462 385 490 453 148 100 117 386 282 491 182 86 0 400 73 448 213 137 
200 108 123 393 451 310 354 405 428 405 436 315 245 323 483 0 336 68 191 434 
119 465 75 107 212 415 143 111 194 297 274 281 203 89 354 95 0 490 370 399 
150 297 60 85 318 462 358 301 53 133 198 193 409 163 218 466 325 0 339 316 
386 483 112 367 470 266 406 79 311 151 400 417 251 403 427 286 221 144 0 351 
228 147 190 376 290 98 489 214 63 69 53 85 406 242 148 272 212 364 384 0 

284.8 0 1
284.8 1 7
284.8 2 1
284.8 3 16
284.8 4 3
284.8 5 0
284.8 6 7
284.8 7 13
284.8 8 9
284.8 9 3
284.8 10 7
284.8 11 16
284.8 12 16
284.8 13 0
284.8 14 13
284.8 15 3
284.8 16 2
284.8 17 11
284.8 18 6
284.8 19 15

