20 20 4

0 255 237 114 104 272 256 499 267 70 459 385 357 488 242 328 280 247 282 221 
171 0 306 217 205 447 88 104 273 166 115 206 280 320 394 101 130 372 307 335 
345 328 0 293 229 391 487 177 425 473 374 414 400 252 426 117 407 372 362 217 
351 478 282 0 56 465 309 156 65 145 235 322 431 79 356 223 259 246 417 142 
378 389 467 291 0 289 218 216 112 331 294 180 499 351 158 487 357 122 295 220 
344 391 405 165 77 0 190 228 457 399 180 373 248 57 469 421 54 464 138 220 
282 175 220 412 380 70 0 276 367 134 104 368 304 398 465 415 270 492 104 448 
205 210 127 284 408 135 252 0 328 139 422 172 66 203 53 236 115 384 464 97 
457 97 152 324 107 500 496 228 0 269 243 282 216 398 198 50 182 105 342 140 
139 431 62 261 203 422 265 146 243 0 355 109 291 311 363 149 134 176 148 336 
354 124 79 342 497 427 491 497 315 95 0 338 162 185 476 381 152 178 302 123 
481 252 428 296 249 238 158 348 79 491 446 0 365 344 69 150 186 66 284 176 
269 98 428 107 417 319 82 297 422 417 306 251 0 154 57 179 400 256 123 265 
103 359 255 255 431 306 482 80 198 254 314 80 473 0 119 214 286 486 484 74 
490 161 198 295 362 302 58 247 201 471 77 416 280 386 0 378 241 72 390 222 
103 87 426 123 324 155 399 488 147 141 471 172 130 338 320 0 131 407 121 139 
153 479 316 387 151 95 480 235 286 51 124 215 104 368 347 385 0 191 452 283 
178 99 130 356 428 210 400 247 498 306 74 136 166 259 158 52 360 0 203 482 
94 196 484 375 361 294 242 207 385 139 366 375 475 171 455 86 98 372 0 436 
51 369 242 282 212 114 491 320 116 351 230 305 151 376 288 233 443 288 425 0 

288.6 0 9
288.6 1 6
288.6 2 8
288.6 3 4
288.6 4 2
288.6 5 4
288.6 6 3
288.6 7 12
288.6 8 3
288.6 9 12
288.6 10 1
288.6 11 1
288.6 12 8
288.6 13 7
288.6 14 15
288.6 15 11
288.6 16 11
288.6 17 14
288.6 18 11
288.6 19 0

