20 20 4

0 61 451 78 481 428 151 218 485 168 90 283 406 382 221 108 161 380 432 208 
440 0 391 144 393 324 228 249 246 175 333 63 94 100 465 122 287 148 431 455 
132 305 0 251 121 417 340 500 231 451 135 162 366 74 260 216 173 83 151 128 
486 276 411 0 500 76 217 220 356 210 318 286 165 156 297 122 228 214 412 434 
395 119 68 264 0 435 92 474 150 422 263 458 500 249 234 167 455 467 334 174 
322 495 198 314 366 0 304 111 194 238 482 106 171 376 175 189 346 316 438 319 
172 359 289 130 359 244 0 70 476 198 487 65 322 309 266 226 329 131 480 146 
483 218 127 88 339 210 420 0 479 55 442 416 81 113 275 320 400 340 270 420 
315 418 407 330 446 422 303 171 0 457 384 357 103 366 74 180 160 364 340 286 
98 102 227 220 133 498 201 159 397 0 491 379 317 61 296 430 98 448 107 351 
325 63 441 181 323 63 206 454 173 276 0 500 166 80 101 343 250 184 96 402 
293 444 148 171 467 160 173 396 208 327 209 0 58 151 222 449 283 496 462 195 
205 342 421 204 458 207 463 56 407 353 103 64 0 146 253 370 474 219 480 354 
321 187 180 480 402 282 201 106 271 403 68 416 314 0 116 92 225 280 249 187 
493 362 490 302 133 342 54 453 72 430 432 376 250 325 0 262 229 433 250 137 
489 227 490 263 349 304 85 391 235 315 346 372 64 415 117 0 316 498 166 77 
206 188 457 344 270 207 168 238 142 307 439 229 51 372 219 265 0 221 229 56 
111 414 322 164 492 92 78 108 358 282 431 141 438 118 305 281 94 0 218 155 
283 310 412 428 490 413 299 415 384 470 350 391 288 263 419 158 461 461 0 186 
68 74 174 450 373 111 274 177 98 319 345 203 308 361 321 442 350 440 447 0 

370.75 0 4
370.75 1 9
370.75 2 12
370.75 3 1
370.75 4 2
370.75 5 10
370.75 6 7
370.75 7 6
370.75 8 10
370.75 9 16
370.75 10 7
370.75 11 10
370.75 12 13
370.75 13 6
370.75 14 3
370.75 15 2
370.75 16 6
370.75 17 0
370.75 18 8
370.75 19 4

