20 20 3

0 96 135 203 222 456 311 450 497 301 134 269 472 107 423 416 311 308 417 480 
50 0 66 311 464 274 355 155 170 300 337 398 452 384 483 154 105 195 415 261 
191 423 0 345 410 150 159 89 65 420 347 188 400 103 411 417 274 184 478 379 
61 277 215 0 409 229 305 148 89 116 293 211 327 190 133 172 306 440 281 345 
455 407 191 349 0 62 245 259 430 469 149 163 103 367 391 268 276 326 280 130 
121 346 129 282 173 0 269 121 295 74 60 282 370 465 395 267 69 408 462 278 
93 186 134 206 239 451 0 303 214 433 335 200 62 407 496 141 188 168 360 260 
169 141 270 401 461 442 296 0 227 461 410 396 446 453 81 286 158 478 236 168 
398 376 453 97 388 359 92 236 0 254 418 302 464 86 393 440 194 109 137 196 
494 98 105 389 250 57 176 486 372 0 360 428 490 464 59 199 60 154 57 310 
340 261 434 348 431 470 448 127 370 263 0 214 65 256 469 120 144 425 334 478 
166 206 337 94 402 301 103 100 67 207 315 0 83 253 282 467 308 420 193 255 
497 62 468 417 285 224 386 111 74 310 396 51 0 427 308 95 227 209 346 487 
467 119 401 281 153 360 62 326 167 432 469 128 184 0 238 303 101 473 233 437 
83 257 453 185 466 135 443 60 68 359 112 262 81 388 0 369 312 491 228 80 
317 102 463 492 387 146 229 189 197 201 372 340 442 336 500 0 126 57 341 276 
274 116 341 92 328 372 430 196 183 421 130 213 444 182 382 435 0 276 235 164 
415 138 71 494 429 219 329 184 296 92 231 278 316 297 325 358 124 0 196 287 
477 85 414 107 455 357 446 337 499 221 71 162 136 159 390 336 294 109 0 371 
184 111 413 366 95 435 162 370 292 444 65 285 420 100 199 233 261 262 179 0 

462.33 0 15
462.33 1 3
462.33 2 0
462.33 3 8
462.33 4 18
462.33 5 12
462.33 6 18
462.33 7 3
462.33 8 9
462.33 9 10
462.33 10 1
462.33 11 17
462.33 12 13
462.33 13 0
462.33 14 16
462.33 15 6
462.33 16 17
462.33 17 0
462.33 18 11
462.33 19 1

