20 20 3

0 273 188 140 136 218 315 220 140 438 367 411 121 353 459 134 144 293 427 460 
248 0 402 239 261 112 462 287 453 360 285 384 144 264 278 442 350 446 256 69 
293 400 0 386 410 471 238 368 312 89 368 445 499 115 347 445 83 165 406 320 
117 473 311 0 451 323 74 229 264 375 381 470 394 380 126 280 290 96 224 364 
114 263 438 59 0 469 260 112 413 500 434 318 319 50 497 129 208 320 360 143 
83 234 230 260 128 0 110 336 114 106 138 495 176 203 258 321 419 433 80 481 
345 79 414 369 104 170 0 366 390 84 185 249 384 218 434 114 428 268 381 470 
332 193 108 82 75 468 290 0 346 386 429 376 122 273 161 242 349 215 118 214 
104 153 105 60 487 480 444 307 0 164 211 394 133 249 293 191 281 75 365 278 
371 250 206 454 322 186 321 270 485 0 487 339 405 297 442 216 307 184 195 457 
198 309 374 298 149 329 91 497 317 323 0 362 94 193 318 457 353 140 349 174 
116 333 367 405 444 163 102 159 177 237 61 0 340 141 76 421 389 175 249 186 
172 65 459 484 316 359 301 480 211 147 328 335 0 421 368 408 325 311 71 378 
177 405 321 188 451 412 214 371 56 96 327 400 218 0 342 114 408 365 179 415 
344 341 269 171 382 189 245 290 464 56 67 97 390 178 0 368 284 335 486 204 
206 249 250 239 148 174 80 419 288 151 98 410 445 145 178 0 323 233 73 67 
229 243 280 453 291 376 337 365 159 172 351 70 84 99 270 273 0 404 151 59 
78 389 368 333 54 312 184 182 341 368 412 115 303 155 345 256 152 0 221 299 
467 86 177 317 106 211 122 83 190 232 184 407 468 279 274 300 284 292 0 435 
172 133 58 84 198 311 396 249 273 498 420 72 464 213 199 488 269 117 316 0 

264.8 0 11
264.8 1 10
264.8 2 3
264.8 3 4
264.8 4 13
264.8 5 9
264.8 6 11
264.8 7 5
264.8 8 1
264.8 9 10
264.8 10 13
264.8 11 7
264.8 12 0
264.8 13 17
264.8 14 4
264.8 15 4
264.8 16 12
264.8 17 5
264.8 18 6
264.8 19 15

