20 20 4

0 390 251 382 176 99 404 194 54 121 83 435 465 372 253 482 182 86 483 226 
327 0 151 157 382 452 388 143 131 110 136 330 303 477 288 184 359 93 294 52 
98 121 0 292 483 85 163 443 66 296 235 255 228 61 356 335 393 308 222 242 
145 489 329 0 425 498 61 419 389 370 463 182 128 267 254 370 249 496 239 398 
62 241 132 474 0 419 351 86 253 243 344 182 192 439 377 227 119 375 238 489 
263 314 207 151 392 0 424 111 468 379 107 206 277 326 398 115 55 72 416 91 
483 366 141 164 57 286 0 247 234 112 121 178 100 90 198 464 399 89 387 460 
263 265 273 419 492 305 72 0 314 311 95 229 352 77 301 200 398 64 436 144 
248 498 423 132 304 219 280 267 0 117 75 153 284 495 125 263 414 323 68 192 
136 85 444 72 143 227 323 293 331 0 338 436 182 292 433 311 131 237 480 117 
210 304 143 70 294 344 145 56 464 418 0 281 156 261 72 306 283 166 484 312 
165 70 356 100 202 148 484 463 436 427 199 0 52 343 453 352 363 453 196 458 
459 159 132 447 472 99 225 278 332 97 468 350 0 213 488 206 470 397 60 209 
359 446 135 57 204 429 216 56 498 168 202 212 334 0 311 294 280 283 343 211 
267 381 259 234 437 422 428 349 391 324 359 100 183 60 0 392 397 215 76 113 
221 74 231 129 236 64 146 236 50 379 285 212 145 372 421 0 85 308 98 464 
364 439 494 222 245 176 440 344 73 154 126 343 81 357 73 160 0 92 295 256 
485 295 342 476 213 193 347 133 436 362 181 155 225 327 148 153 278 0 482 92 
328 261 403 405 103 434 261 126 300 60 127 263 495 373 104 471 85 454 0 73 
376 389 385 263 494 316 296 142 420 74 123 462 108 334 365 463 143 54 431 0 

416.79 0 16
416.79 1 2
416.79 2 17
416.79 3 9
416.79 4 0
416.79 5 8
416.79 6 12
416.79 7 1
416.79 8 1
416.79 9 5
416.79 10 9
416.79 11 13
416.79 12 7
416.79 13 2
416.79 14 13
416.79 15 9
416.79 16 17
416.79 17 15
416.79 18 12
416.79 19 0

