20 20 3

0 311 487 463 201 478 352 242 377 212 177 370 291 299 207 57 308 150 77 105 
280 0 316 394 456 96 413 469 371 295 52 323 136 69 309 99 427 494 157 375 
126 319 0 259 446 109 264 359 324 72 459 351 334 239 166 228 401 419 347 369 
289 348 127 0 111 434 146 127 483 279 120 346 154 196 164 363 348 431 126 206 
254 355 372 311 0 189 317 183 123 217 101 176 292 341 474 370 158 407 222 235 
146 452 305 442 105 0 207 106 174 54 243 250 211 203 312 289 464 451 105 353 
73 272 404 199 63 451 0 379 383 316 285 312 50 381 263 62 79 74 219 135 
198 431 84 154 141 237 416 0 136 407 122 191 259 352 413 369 257 182 320 135 
272 342 371 83 342 458 296 110 0 487 320 487 328 224 417 362 84 264 98 451 
350 211 72 491 420 375 159 289 131 0 291 315 424 62 363 294 302 411 251 304 
472 238 330 458 65 53 130 134 88 344 0 389 245 193 100 474 183 226 104 292 
465 393 289 486 316 58 104 109 310 466 66 0 321 437 254 150 150 477 361 230 
317 399 73 205 350 423 255 323 105 432 378 103 0 152 270 98 345 85 106 399 
351 123 364 367 394 56 328 250 363 60 110 92 327 0 215 322 482 64 244 444 
338 55 375 422 315 233 191 364 77 433 176 183 283 456 0 497 356 105 260 183 
306 122 193 366 165 226 81 193 208 302 388 151 139 149 232 0 267 415 415 408 
485 199 96 160 332 329 323 84 185 378 294 74 390 367 425 463 0 238 150 250 
137 64 51 231 372 348 331 103 114 245 469 229 436 374 275 95 205 0 311 368 
239 202 453 240 226 342 313 357 304 50 458 53 344 228 55 75 100 353 0 356 
153 173 307 328 352 242 201 127 494 112 144 362 302 296 70 248 472 362 60 0 

403.26 0 1
403.26 1 17
403.26 2 1
403.26 3 0
403.26 4 6
403.26 5 2
403.26 6 3
403.26 7 6
403.26 8 14
403.26 9 3
403.26 10 0
403.26 11 1
403.26 12 15
403.26 13 16
403.26 14 8
403.26 15 16
403.26 16 2
403.26 17 15
403.26 18 19
403.26 19 13

