20 20 4

0 462 54 131 415 246 388 121 430 367 368 337 124 416 447 462 321 500 183 402 
57 0 368 264 56 332 357 490 444 318 253 197 50 422 201 131 92 154 469 370 
290 92 0 445 333 166 360 280 334 387 486 467 288 493 90 258 500 372 322 245 
71 346 204 0 219 346 332 126 184 130 230 152 451 470 401 151 303 274 217 289 
107 103 274 281 0 98 266 321 62 472 400 334 216 421 179 371 139 232 202 423 
366 490 152 224 440 0 329 125 297 131 105 464 126 162 273 350 393 321 322 421 
334 294 320 374 460 447 0 260 86 293 442 446 215 63 435 73 444 130 352 68 
377 189 330 96 265 443 319 0 321 91 140 143 462 180 387 488 53 102 191 470 
139 434 167 291 355 180 225 378 0 124 305 230 349 388 125 179 434 97 328 252 
368 125 342 461 87 228 103 281 439 0 156 422 408 452 111 75 242 416 412 173 
50 242 184 437 91 71 61 427 455 108 0 254 206 183 329 255 143 122 189 404 
110 127 266 238 486 424 300 267 372 422 385 0 495 178 127 178 114 168 199 333 
301 360 147 54 272 280 89 477 130 369 166 484 0 429 450 456 166 191 379 172 
408 250 301 293 451 429 126 335 250 244 240 82 495 0 99 179 255 321 166 50 
54 246 369 377 436 53 326 391 170 224 476 499 338 225 0 55 130 382 191 206 
216 391 156 406 179 357 211 64 318 482 180 319 242 376 187 0 325 67 191 358 
408 67 81 383 272 369 314 278 206 402 175 118 117 65 225 229 0 401 288 390 
415 106 128 302 375 76 384 268 352 402 165 209 65 182 240 155 405 0 315 419 
389 471 321 63 89 144 285 471 324 185 258 420 306 314 498 314 395 74 0 198 
163 132 306 278 291 321 167 237 426 278 51 101 166 473 128 386 268 222 170 0 

268 0 11
268 1 7
268 2 15
268 3 6
268 4 10
268 5 1
268 6 15
268 7 14
268 8 0
268 9 10
268 10 14
268 11 14
268 12 2
268 13 1
268 14 7
268 15 11
268 16 3
268 17 14
268 18 16
268 19 10

