20 20 4

0 229 343 207 418 105 196 360 192 147 403 218 263 392 251 97 51 425 352 176 
257 0 491 432 324 71 235 232 78 301 463 295 306 399 137 219 72 192 365 382 
334 463 0 491 258 432 382 215 479 140 139 331 266 347 321 404 377 98 346 108 
333 353 71 0 127 365 176 214 83 405 113 155 286 153 117 483 118 255 121 283 
440 211 373 477 0 183 426 53 294 302 308 139 361 140 442 138 217 62 471 138 
95 375 408 200 367 0 60 474 349 335 435 420 118 375 337 197 107 471 329 318 
264 130 125 109 197 423 0 257 492 346 269 462 434 70 92 97 221 409 108 401 
465 149 336 384 217 417 221 0 120 230 398 399 498 161 480 330 427 383 252 183 
131 97 158 92 238 178 342 285 0 105 250 99 457 421 199 499 305 366 171 232 
437 107 336 91 105 447 277 385 129 0 160 136 469 241 390 126 490 127 254 87 
363 310 288 412 473 208 110 227 219 183 0 348 157 326 405 443 367 216 145 144 
307 224 461 393 192 408 283 475 153 116 229 0 191 429 245 185 97 217 99 364 
394 269 497 448 132 78 108 75 152 275 377 453 0 81 308 169 181 206 76 170 
181 179 236 360 76 372 311 211 419 234 261 282 334 0 236 486 281 318 270 95 
99 128 76 183 80 315 441 199 446 146 432 322 277 111 0 264 343 137 135 153 
55 260 337 266 249 170 452 441 157 476 210 410 75 289 436 0 208 75 250 148 
432 402 451 363 223 228 180 194 70 475 486 381 480 453 424 245 0 201 94 403 
141 408 378 57 317 159 52 460 317 78 209 171 460 111 329 322 491 0 56 209 
391 283 183 377 163 162 329 294 357 236 94 259 83 452 343 90 476 453 0 300 
435 476 328 143 354 494 411 182 71 158 188 230 499 177 363 131 498 231 410 0 

373.75 0 17
373.75 1 0
373.75 2 1
373.75 3 12
373.75 4 8
373.75 5 13
373.75 6 14
373.75 7 15
373.75 8 9
373.75 9 5
373.75 10 3
373.75 11 2
373.75 12 4
373.75 13 16
373.75 14 3
373.75 15 17
373.75 16 14
373.75 17 7
373.75 18 0
373.75 19 11

