20 20 3

0 181 65 363 425 285 161 221 371 348 427 324 90 99 255 209 452 154 318 247 
431 0 228 462 148 142 70 411 178 110 114 449 325 245 464 394 377 455 261 97 
81 109 0 231 355 149 280 316 64 438 420 88 185 106 266 353 411 359 373 321 
243 189 385 0 191 220 337 361 320 213 315 81 467 346 347 197 407 202 183 222 
216 121 142 462 0 463 405 434 315 316 499 394 136 242 289 228 383 459 64 451 
485 434 472 65 400 0 318 118 97 431 270 230 153 437 57 245 154 470 356 87 
284 171 86 177 465 278 0 416 399 367 130 413 317 322 102 496 337 452 313 406 
255 243 175 192 102 318 199 0 53 422 376 360 216 159 481 252 494 201 236 165 
99 102 453 218 126 274 270 121 0 317 429 140 429 390 89 311 81 142 128 438 
145 257 313 211 423 178 192 381 171 0 99 116 494 149 375 446 73 207 426 294 
485 242 429 124 171 74 371 188 106 219 0 266 250 70 229 62 232 358 397 130 
445 68 179 60 268 485 142 420 58 299 345 0 58 284 293 437 114 414 217 435 
101 273 360 74 229 381 460 448 112 74 345 399 0 469 119 77 236 337 62 328 
256 277 333 307 285 116 99 428 181 220 144 322 478 0 124 182 258 303 269 425 
251 87 449 302 436 173 371 219 359 207 438 186 169 214 0 226 182 449 292 231 
132 179 157 434 208 135 57 96 99 66 315 474 474 352 422 0 275 494 95 145 
212 404 58 150 297 384 70 229 65 470 471 454 308 357 110 241 0 64 402 248 
317 452 472 131 425 445 189 347 220 389 148 71 100 258 80 407 261 0 170 428 
440 186 153 167 346 411 474 406 359 244 308 106 60 466 284 348 390 229 0 487 
443 155 375 90 176 181 55 413 88 266 290 466 206 426 118 323 478 235 52 0 

267.4 0 16
267.4 1 4
267.4 2 10
267.4 3 0
267.4 4 2
267.4 5 16
267.4 6 9
267.4 7 4
267.4 8 2
267.4 9 18
267.4 10 5
267.4 11 2
267.4 12 17
267.4 13 3
267.4 14 10
267.4 15 18
267.4 16 11
267.4 17 16
267.4 18 1
267.4 19 3

