20 20 3

0 145 458 463 245 452 344 284 419 412 142 151 336 147 66 81 187 371 408 287 
339 0 466 233 302 359 409 67 357 458 405 495 413 500 208 131 244 159 425 235 
284 337 0 327 385 379 424 158 410 318 479 73 311 74 490 494 326 104 402 343 
167 116 454 0 161 479 454 76 110 404 392 241 138 176 77 416 60 162 95 168 
279 119 354 302 0 380 134 498 129 410 102 238 459 219 304 413 87 489 122 113 
305 476 211 497 114 0 337 280 236 104 149 488 222 378 314 282 386 193 366 384 
480 482 436 424 197 361 0 434 316 398 422 388 217 434 119 135 186 390 422 416 
125 476 64 320 405 148 133 0 393 485 483 466 124 462 447 59 141 350 126 74 
165 231 447 259 154 136 329 239 0 272 218 368 394 50 99 409 320 210 263 403 
103 454 385 68 77 103 221 293 194 0 71 370 219 393 100 372 152 411 458 187 
150 436 355 468 329 111 66 444 381 434 0 207 283 487 160 375 261 188 428 432 
431 121 209 56 497 102 313 368 411 224 81 0 304 80 467 365 498 52 427 270 
446 307 203 359 297 396 226 378 156 364 305 295 0 50 132 454 264 129 262 76 
203 379 457 442 182 487 164 254 240 166 180 461 319 0 193 370 177 440 473 353 
317 335 423 328 129 180 411 290 394 246 258 420 155 344 0 377 96 232 363 418 
436 103 83 115 270 352 259 346 236 405 318 88 429 360 218 0 463 439 348 373 
435 241 325 193 367 187 487 450 233 218 69 150 154 329 391 426 0 305 449 184 
357 391 296 382 186 224 241 354 393 179 201 473 114 148 297 464 221 0 434 450 
378 374 374 397 230 478 432 327 160 236 483 294 299 373 296 180 58 226 0 371 
362 119 257 269 91 77 123 94 491 295 235 196 379 108 69 275 495 254 413 0 

547.47 0 3
547.47 1 9
547.47 2 0
547.47 3 16
547.47 4 0
547.47 5 8
547.47 6 14
547.47 7 0
547.47 8 10
547.47 9 5
547.47 10 1
547.47 11 1
547.47 12 11
547.47 13 8
547.47 14 1
547.47 15 16
547.47 16 15
547.47 17 2
547.47 18 6
547.47 19 18

