20 20 3

0 219 143 237 339 356 306 353 120 338 80 469 67 51 330 124 491 111 475 281 
225 0 150 329 270 119 287 490 486 362 232 392 449 157 485 392 446 340 197 55 
410 241 0 292 134 258 294 170 89 284 231 63 272 162 370 100 382 440 93 371 
181 161 309 0 72 109 416 263 208 118 310 355 123 426 303 121 267 267 365 143 
306 356 325 319 0 127 437 396 384 75 91 183 152 222 294 412 452 109 83 421 
267 151 230 329 431 0 363 131 52 129 348 123 429 154 185 253 179 469 397 281 
352 178 78 241 280 251 0 485 398 409 94 432 329 311 289 266 139 220 128 427 
429 414 482 258 342 342 394 0 302 227 362 405 459 421 82 487 161 68 444 353 
417 108 397 104 388 414 343 153 0 260 269 438 186 197 107 374 406 155 215 55 
163 393 123 67 107 494 306 300 362 0 325 451 214 448 58 110 258 396 474 100 
255 440 76 399 333 430 212 206 91 318 0 372 96 431 471 170 205 77 370 461 
327 231 492 277 395 195 493 211 403 388 392 0 210 350 331 236 248 163 165 167 
320 207 435 398 460 121 124 336 276 151 206 237 0 184 387 435 168 489 130 160 
199 239 254 297 399 103 128 341 58 448 213 175 474 0 126 316 127 292 387 201 
128 163 302 284 106 193 377 247 67 365 327 177 271 273 0 381 67 378 191 352 
219 406 56 138 287 480 421 102 107 212 195 258 290 64 267 0 280 327 166 157 
74 183 228 107 66 205 330 153 430 208 294 281 133 406 287 428 0 192 474 348 
451 287 59 353 495 300 367 468 79 194 133 393 218 473 121 482 489 0 276 312 
142 412 226 142 193 65 255 186 443 153 366 290 104 152 55 163 354 61 0 480 
321 298 380 161 190 304 340 468 286 329 451 304 177 362 480 476 261 495 437 0 

327.8 0 8
327.8 1 12
327.8 2 11
327.8 3 15
327.8 4 5
327.8 5 8
327.8 6 16
327.8 7 2
327.8 8 6
327.8 9 15
327.8 10 2
327.8 11 14
327.8 12 11
327.8 13 14
327.8 14 13
327.8 15 9
327.8 16 12
327.8 17 15
327.8 18 3
327.8 19 1

