20 20 4

0 266 101 108 168 286 250 190 226 108 208 463 258 253 139 84 195 314 157 86 
336 0 493 145 292 484 457 147 310 228 427 424 326 192 475 384 66 468 134 207 
193 192 0 121 363 156 325 452 190 226 472 53 262 63 252 357 61 236 70 158 
496 455 85 0 176 280 434 150 164 451 324 455 364 224 353 191 86 459 222 488 
355 398 215 358 0 159 228 316 223 239 51 243 103 254 404 345 380 184 279 236 
54 436 267 215 55 0 441 67 196 477 476 125 220 86 473 385 150 132 319 416 
61 264 418 254 317 378 0 364 162 464 498 147 406 258 82 172 423 294 112 440 
196 295 171 271 221 414 244 0 312 63 82 130 430 93 344 103 53 161 431 367 
480 394 121 126 299 85 365 178 0 459 158 240 154 60 242 483 282 413 396 232 
225 410 264 61 339 63 356 392 273 0 223 78 139 202 178 417 485 183 453 349 
311 411 213 258 271 223 450 253 211 118 0 149 393 500 265 363 61 310 132 367 
201 355 296 436 445 448 113 117 432 246 69 0 487 264 186 199 472 408 128 177 
367 497 245 222 389 245 437 459 256 246 90 329 0 153 396 124 88 96 278 358 
163 416 311 390 158 74 75 63 496 189 141 172 56 0 137 123 435 233 74 128 
398 487 80 438 315 184 89 145 429 135 129 494 456 251 0 304 345 359 328 126 
372 79 266 220 408 479 63 481 413 453 55 491 350 248 71 0 495 270 412 83 
365 96 376 201 89 87 402 99 138 261 377 214 339 162 186 58 0 69 164 279 
50 284 231 262 481 81 460 258 75 229 376 108 301 423 190 208 218 0 227 109 
268 315 76 351 236 122 464 372 337 483 487 115 239 477 297 207 457 328 0 374 
422 109 309 297 167 316 426 64 474 144 241 290 362 263 72 419 449 144 382 0 

404.25 0 10
404.25 1 11
404.25 2 8
404.25 3 18
404.25 4 18
404.25 5 6
404.25 6 2
404.25 7 0
404.25 8 16
404.25 9 0
404.25 10 17
404.25 11 14
404.25 12 13
404.25 13 9
404.25 14 18
404.25 15 13
404.25 16 2
404.25 17 10
404.25 18 12
404.25 19 9

