20 20 3

0 312 93 297 262 88 246 402 307 307 140 208 434 53 282 295 460 309 127 259 
282 0 387 117 405 404 212 162 495 306 270 310 175 81 353 178 500 147 375 402 
405 388 0 248 319 321 459 100 116 418 115 400 176 347 286 450 459 397 161 327 
391 173 96 0 200 298 335 259 182 334 357 56 442 468 151 397 286 422 355 92 
244 272 364 143 0 154 211 136 103 376 483 421 202 129 93 456 279 97 290 488 
436 123 344 199 272 0 311 300 168 303 221 229 101 172 207 416 265 67 333 107 
327 208 296 247 116 375 0 497 71 153 300 311 348 235 141 191 384 119 209 390 
237 218 111 172 270 233 329 0 185 204 346 224 469 172 382 264 125 448 139 328 
470 449 127 487 296 68 334 194 0 159 403 353 499 139 70 316 468 497 255 296 
181 166 348 355 134 470 443 104 301 0 147 400 128 323 349 412 309 144 431 143 
495 296 496 103 294 342 124 317 65 327 0 71 312 459 187 159 69 478 336 219 
82 136 316 432 422 138 487 333 397 338 470 0 246 332 265 449 386 266 497 216 
82 61 493 103 79 207 448 189 434 425 231 152 0 213 73 418 352 445 55 338 
485 158 175 454 111 458 219 266 99 435 262 265 223 0 480 464 276 59 171 430 
405 311 111 135 413 274 158 86 125 310 298 414 294 162 0 295 247 223 252 172 
439 301 313 407 272 486 387 236 469 152 113 398 56 130 215 0 141 493 440 456 
78 271 265 82 391 265 194 186 463 124 144 341 62 152 154 176 0 130 346 269 
72 314 371 135 419 133 422 133 431 414 279 386 198 257 358 230 147 0 122 131 
490 291 205 341 339 424 443 443 99 72 288 74 95 309 151 387 434 234 0 309 
273 164 429 52 50 127 466 114 63 112 393 144 309 391 299 149 229 223 298 0 

287 0 1
287 1 2
287 2 14
287 3 18
287 4 13
287 5 4
287 6 8
287 7 16
287 8 13
287 9 12
287 10 1
287 11 0
287 12 18
287 13 10
287 14 10
287 15 9
287 16 17
287 17 13
287 18 1
287 19 2

