20 20 4

0 232 138 336 149 484 236 295 255 342 384 370 317 292 245 157 127 86 237 219 
50 0 138 175 121 177 172 203 96 119 334 230 324 65 74 366 371 57 309 165 
262 150 0 499 338 417 497 82 281 330 326 224 499 326 312 381 397 439 259 306 
241 328 139 0 421 358 154 201 224 475 208 483 139 176 339 344 220 462 97 460 
242 377 285 417 0 376 317 228 256 213 374 465 469 321 499 314 449 357 418 149 
287 148 308 476 444 0 434 314 287 361 482 334 320 224 211 104 347 293 371 281 
255 290 361 426 465 182 0 424 278 130 487 195 229 273 293 243 248 443 177 268 
229 488 250 270 63 180 187 0 117 477 430 194 464 391 434 325 316 398 457 446 
175 293 433 76 472 412 75 215 0 367 468 98 341 403 292 297 172 305 427 65 
372 159 201 272 330 91 205 154 113 0 102 317 59 434 109 198 460 80 316 485 
452 182 208 500 230 110 498 477 440 302 0 160 455 380 269 363 151 98 404 62 
409 224 321 225 233 254 284 137 420 71 403 0 160 473 292 318 229 472 379 226 
448 74 235 107 235 321 83 97 179 338 208 191 0 247 382 463 422 321 216 413 
408 343 434 66 453 162 308 271 97 486 356 481 434 0 136 215 247 321 242 280 
369 371 325 283 62 71 371 475 443 191 397 111 305 239 0 495 321 192 364 336 
169 411 321 231 147 461 317 312 208 137 261 194 212 131 469 0 201 143 246 71 
324 189 419 221 250 223 166 452 251 308 71 293 183 188 113 364 0 286 281 180 
304 439 475 64 339 393 146 64 94 446 260 322 270 155 241 197 112 0 170 313 
270 371 328 291 163 461 429 434 81 214 214 418 469 359 148 483 404 492 0 335 
418 292 281 385 113 257 490 304 404 308 181 216 77 51 250 74 372 211 454 0 

357.5 0 16
357.5 1 11
357.5 2 11
357.5 3 0
357.5 4 1
357.5 5 15
357.5 6 13
357.5 7 8
357.5 8 12
357.5 9 8
357.5 10 1
357.5 11 16
357.5 12 6
357.5 13 0
357.5 14 18
357.5 15 8
357.5 16 6
357.5 17 14
357.5 18 1
357.5 19 0

