20 20 4

0 227 142 263 316 212 314 447 489 108 343 473 284 331 441 158 460 251 369 231 
182 0 276 171 195 408 464 263 279 477 361 375 126 88 223 340 110 386 153 56 
130 419 0 350 310 409 387 250 273 347 207 141 284 95 368 405 241 482 369 210 
261 101 70 0 342 178 315 64 224 376 156 83 382 237 208 438 497 117 325 246 
340 171 160 432 0 405 205 55 65 152 487 384 312 454 192 333 295 76 354 66 
457 229 172 490 318 0 115 198 255 111 472 79 64 311 407 381 449 67 85 454 
290 188 197 380 450 150 0 71 489 152 304 99 168 260 278 497 250 302 112 154 
264 380 125 500 394 386 407 0 274 335 180 66 495 420 204 191 300 360 499 77 
349 150 332 398 268 91 382 264 0 498 391 82 151 154 413 226 153 62 319 266 
494 360 153 59 354 72 420 252 78 0 279 457 106 334 106 144 438 80 185 320 
50 390 417 290 491 70 202 424 380 214 0 242 146 207 101 456 423 161 478 342 
119 263 121 75 75 405 338 169 343 124 60 0 369 332 400 492 121 391 268 273 
70 147 193 262 450 107 69 405 480 180 139 78 0 457 352 356 238 377 260 283 
252 309 357 262 384 395 162 375 466 259 142 445 279 0 447 345 491 396 402 266 
57 137 152 146 372 108 204 227 297 287 194 286 489 453 0 142 250 93 244 362 
418 416 327 267 361 105 213 412 302 108 69 67 322 156 170 0 174 235 435 328 
412 438 114 105 223 309 265 72 59 308 266 127 225 181 405 442 0 248 216 361 
159 225 176 178 449 448 492 118 122 226 260 400 137 197 221 400 371 0 480 164 
393 245 422 365 323 353 496 434 295 244 149 362 109 324 488 238 273 436 0 436 
97 57 368 307 163 455 211 90 110 288 70 224 180 265 352 251 294 205 246 0 

469.92 0 1
469.92 1 17
469.92 2 12
469.92 3 10
469.92 4 5
469.92 5 12
469.92 6 7
469.92 7 6
469.92 8 6
469.92 9 4
469.92 10 17
469.92 11 15
469.92 12 14
469.92 13 9
469.92 14 9
469.92 15 1
469.92 16 13
469.92 17 18
469.92 18 1
469.92 19 15

