20 20 4

0 456 126 78 451 368 350 161 376 93 384 89 267 216 54 162 227 346 279 320 
396 0 243 393 142 183 407 130 83 60 336 75 366 292 151 150 242 469 451 354 
101 494 0 444 140 468 159 351 129 337 197 115 156 299 308 255 391 441 162 472 
230 172 63 0 255 244 305 112 345 254 81 51 107 132 251 50 429 218 366 280 
298 409 183 119 0 271 432 377 477 78 73 138 500 460 467 270 215 211 74 277 
55 278 64 263 91 0 353 464 298 489 182 164 475 186 279 157 255 50 295 338 
477 323 361 321 79 320 0 494 55 241 204 79 225 416 64 446 385 312 55 349 
110 494 237 431 468 373 209 0 331 334 416 332 171 392 361 238 419 146 264 413 
151 212 323 388 387 446 402 88 0 330 420 93 385 236 293 121 166 260 444 82 
297 484 448 128 361 96 440 98 221 0 85 313 340 187 231 163 281 324 315 182 
362 351 308 162 236 495 405 307 367 372 0 458 155 168 441 310 454 302 112 393 
106 283 184 125 123 77 306 443 308 129 464 0 196 198 314 211 310 256 205 214 
270 278 85 227 384 411 374 193 364 382 255 463 0 439 244 353 63 73 137 76 
466 151 155 185 54 303 206 215 112 412 126 484 181 0 354 275 114 237 392 439 
136 255 320 97 424 258 292 484 479 315 120 54 488 428 0 159 172 432 169 328 
146 438 447 222 177 127 76 403 192 470 294 337 106 256 156 0 153 179 121 395 
369 99 417 439 103 404 123 419 282 54 294 110 151 232 56 79 0 115 340 312 
468 238 282 262 74 338 224 181 197 109 252 299 429 57 215 123 317 0 118 196 
235 106 201 236 166 58 174 379 87 239 219 350 207 407 338 175 188 175 0 349 
319 78 164 277 327 92 284 492 166 307 316 68 492 373 219 434 245 434 107 0 

338 0 6
338 1 5
338 2 6
338 3 4
338 4 14
338 5 17
338 6 8
338 7 18
338 8 15
338 9 13
338 10 3
338 11 18
338 12 13
338 13 6
338 14 1
338 15 16
338 16 8
338 17 18
338 18 13
338 19 4

